line 1: k=13
line 2: clear
line 3: buildTree 19
(27,85,6,36,86,6,40,67,76,8,96,19,1) (47,56,20,34,7,78,29,36,23,23,39,44,62) (82,42,7,26,90,3,28,88,97,18,64,35,58) (2,48,73,76,80,20,80,48,46,32,55,80,64) (82,53,60,14,17,5,87,96,25,31,35,64,2) (60,98,41,26,21,96,76,81,61,51,74,22,44) (14,14,11,34,92,10,78,99,43,24,79,59,30) (62,8,66,97,94,1,3,27,75,39,93,11,98) (3,59,92,24,66,20,28,20,25,32,53,24,36) (23,45,51,98,97,92,43,74,7,47,2,57,86) (59,24,80,88,71,91,33,90,20,43,44,40,25) (22,5,72,90,80,63,85,44,49,32,55,73,9) (56,60,87,81,22,74,25,65,53,10,75,78,1) (88,8,4,39,20,88,45,91,84,83,85,14,17) (59,33,95,15,74,47,46,6,27,28,3,1,7) (35,29,19,58,49,57,20,96,45,86,15,20,4) (38,66,29,93,49,13,14,20,62,53,74,19,32) (65,50,2,1,10,16,45,80,54,43,64,5,88) (12,38,14,99,96,4,64,69,69,5,65,41,73) 
line 4: nodeCount_height_leafCount
nodeCount=19;height=5;leafCount=8
line 5: inorderTraversal
(14, 14, 11, 34, 92, 10, 78, 99, 43, 24, 79, 59, 30) (12, 38, 14, 99, 96, 4, 64, 69, 69, 5, 65, 41, 73) (35, 29, 19, 58, 49, 57, 20, 96, 45, 86, 15, 20, 4) (22, 5, 72, 90, 80, 63, 85, 44, 49, 32, 55, 73, 9) (23, 45, 51, 98, 97, 92, 43, 74, 7, 47, 2, 57, 86) (27, 85, 6, 36, 86, 6, 40, 67, 76, 8, 96, 19, 1) (38, 66, 29, 93, 49, 13, 14, 20, 62, 53, 74, 19, 32) (3, 59, 92, 24, 66, 20, 28, 20, 25, 32, 53, 24, 36) (2, 48, 73, 76, 80, 20, 80, 48, 46, 32, 55, 80, 64) (47, 56, 20, 34, 7, 78, 29, 36, 23, 23, 39, 44, 62) (88, 8, 4, 39, 20, 88, 45, 91, 84, 83, 85, 14, 17) (62, 8, 66, 97, 94, 1, 3, 27, 75, 39, 93, 11, 98) (59, 33, 95, 15, 74, 47, 46, 6, 27, 28, 3, 1, 7) (59, 24, 80, 88, 71, 91, 33, 90, 20, 43, 44, 40, 25) (82, 42, 7, 26, 90, 3, 28, 88, 97, 18, 64, 35, 58) (65, 50, 2, 1, 10, 16, 45, 80, 54, 43, 64, 5, 88) (60, 98, 41, 26, 21, 96, 76, 81, 61, 51, 74, 22, 44) (82, 53, 60, 14, 17, 5, 87, 96, 25, 31, 35, 64, 2) (56, 60, 87, 81, 22, 74, 25, 65, 53, 10, 75, 78, 1) 
line 6: preorderTraversal
(47, 56, 20, 34, 7, 78, 29, 36, 23, 23, 39, 44, 62) (23, 45, 51, 98, 97, 92, 43, 74, 7, 47, 2, 57, 86) (12, 38, 14, 99, 96, 4, 64, 69, 69, 5, 65, 41, 73) (14, 14, 11, 34, 92, 10, 78, 99, 43, 24, 79, 59, 30) (35, 29, 19, 58, 49, 57, 20, 96, 45, 86, 15, 20, 4) (22, 5, 72, 90, 80, 63, 85, 44, 49, 32, 55, 73, 9) (38, 66, 29, 93, 49, 13, 14, 20, 62, 53, 74, 19, 32) (27, 85, 6, 36, 86, 6, 40, 67, 76, 8, 96, 19, 1) (3, 59, 92, 24, 66, 20, 28, 20, 25, 32, 53, 24, 36) (2, 48, 73, 76, 80, 20, 80, 48, 46, 32, 55, 80, 64) (82, 42, 7, 26, 90, 3, 28, 88, 97, 18, 64, 35, 58) (62, 8, 66, 97, 94, 1, 3, 27, 75, 39, 93, 11, 98) (88, 8, 4, 39, 20, 88, 45, 91, 84, 83, 85, 14, 17) (59, 33, 95, 15, 74, 47, 46, 6, 27, 28, 3, 1, 7) (59, 24, 80, 88, 71, 91, 33, 90, 20, 43, 44, 40, 25) (60, 98, 41, 26, 21, 96, 76, 81, 61, 51, 74, 22, 44) (65, 50, 2, 1, 10, 16, 45, 80, 54, 43, 64, 5, 88) (82, 53, 60, 14, 17, 5, 87, 96, 25, 31, 35, 64, 2) (56, 60, 87, 81, 22, 74, 25, 65, 53, 10, 75, 78, 1) 
line 7: postorderTraversal
(14, 14, 11, 34, 92, 10, 78, 99, 43, 24, 79, 59, 30) (22, 5, 72, 90, 80, 63, 85, 44, 49, 32, 55, 73, 9) (35, 29, 19, 58, 49, 57, 20, 96, 45, 86, 15, 20, 4) (12, 38, 14, 99, 96, 4, 64, 69, 69, 5, 65, 41, 73) (27, 85, 6, 36, 86, 6, 40, 67, 76, 8, 96, 19, 1) (2, 48, 73, 76, 80, 20, 80, 48, 46, 32, 55, 80, 64) (3, 59, 92, 24, 66, 20, 28, 20, 25, 32, 53, 24, 36) (38, 66, 29, 93, 49, 13, 14, 20, 62, 53, 74, 19, 32) (23, 45, 51, 98, 97, 92, 43, 74, 7, 47, 2, 57, 86) (88, 8, 4, 39, 20, 88, 45, 91, 84, 83, 85, 14, 17) (59, 24, 80, 88, 71, 91, 33, 90, 20, 43, 44, 40, 25) (59, 33, 95, 15, 74, 47, 46, 6, 27, 28, 3, 1, 7) (62, 8, 66, 97, 94, 1, 3, 27, 75, 39, 93, 11, 98) (65, 50, 2, 1, 10, 16, 45, 80, 54, 43, 64, 5, 88) (56, 60, 87, 81, 22, 74, 25, 65, 53, 10, 75, 78, 1) (82, 53, 60, 14, 17, 5, 87, 96, 25, 31, 35, 64, 2) (60, 98, 41, 26, 21, 96, 76, 81, 61, 51, 74, 22, 44) (82, 42, 7, 26, 90, 3, 28, 88, 97, 18, 64, 35, 58) (47, 56, 20, 34, 7, 78, 29, 36, 23, 23, 39, 44, 62) 
line 8: nearestNeighbour (3,10,9,9,7,5,8,9,7,10,2,9,8)
(47, 56, 20, 34, 7, 78, 29, 36, 23, 23, 39, 44, 62)
line 9: nearestNeighbour (9,8,10,9,3,9,1,5,10,8,2,4,1)
(47, 56, 20, 34, 7, 78, 29, 36, 23, 23, 39, 44, 62)
line 10: nearestNeighbour (9,3,8,2,2,8,5,7,1,5,2,5,10)
(47, 56, 20, 34, 7, 78, 29, 36, 23, 23, 39, 44, 62)
line 11: kNearestNeighbour 4 (5,1,7,2,1,6,9,10,9,9,8,6,3)
(47, 56, 20, 34, 7, 78, 29, 36, 23, 23, 39, 44, 62)(3, 59, 92, 24, 66, 20, 28, 20, 25, 32, 53, 24, 36)(59, 33, 95, 15, 74, 47, 46, 6, 27, 28, 3, 1, 7)(35, 29, 19, 58, 49, 57, 20, 96, 45, 86, 15, 20, 4)
line 12: kNearestNeighbour 9 (3,10,2,3,4,2,9,4,4,7,3,1,2)
(47, 56, 20, 34, 7, 78, 29, 36, 23, 23, 39, 44, 62)(3, 59, 92, 24, 66, 20, 28, 20, 25, 32, 53, 24, 36)(59, 33, 95, 15, 74, 47, 46, 6, 27, 28, 3, 1, 7)(35, 29, 19, 58, 49, 57, 20, 96, 45, 86, 15, 20, 4)(38, 66, 29, 93, 49, 13, 14, 20, 62, 53, 74, 19, 32)(65, 50, 2, 1, 10, 16, 45, 80, 54, 43, 64, 5, 88)(82, 53, 60, 14, 17, 5, 87, 96, 25, 31, 35, 64, 2)(27, 85, 6, 36, 86, 6, 40, 67, 76, 8, 96, 19, 1)(14, 14, 11, 34, 92, 10, 78, 99, 43, 24, 79, 59, 30)
line 13: nearestNeighbour (5,5,6,5,9,7,10,9,2,8,2,3,1)
(47, 56, 20, 34, 7, 78, 29, 36, 23, 23, 39, 44, 62)
line 14: nearestNeighbour (5,10,10,2,9,6,7,6,7,6,3,3,8)
(47, 56, 20, 34, 7, 78, 29, 36, 23, 23, 39, 44, 62)
line 15: nearestNeighbour (9,6,10,1,1,10,3,6,1,10,9,7,5)
(47, 56, 20, 34, 7, 78, 29, 36, 23, 23, 39, 44, 62)
line 16: nearestNeighbour (5,9,4,7,6,3,2,7,4,3,7,5,7)
(47, 56, 20, 34, 7, 78, 29, 36, 23, 23, 39, 44, 62)
line 17: nearestNeighbour (8,1,1,6,6,2,7,9,9,10,3,6,4)
(47, 56, 20, 34, 7, 78, 29, 36, 23, 23, 39, 44, 62)
line 18: kNearestNeighbour 4 (7,6,8,1,2,9,2,4,5,6,2,4,6)
(47, 56, 20, 34, 7, 78, 29, 36, 23, 23, 39, 44, 62)(3, 59, 92, 24, 66, 20, 28, 20, 25, 32, 53, 24, 36)(59, 33, 95, 15, 74, 47, 46, 6, 27, 28, 3, 1, 7)(35, 29, 19, 58, 49, 57, 20, 96, 45, 86, 15, 20, 4)
line 19: nearestNeighbour (3,2,7,9,10,7,6,5,3,1,2,10,4)
(47, 56, 20, 34, 7, 78, 29, 36, 23, 23, 39, 44, 62)
line 20: nearestNeighbour (10,3,4,10,6,1,5,3,10,5,9,5,9)
(47, 56, 20, 34, 7, 78, 29, 36, 23, 23, 39, 44, 62)
line 21: kNearestNeighbour 4 (9,2,9,10,4,3,8,8,2,3,1,5,10)
(47, 56, 20, 34, 7, 78, 29, 36, 23, 23, 39, 44, 62)(3, 59, 92, 24, 66, 20, 28, 20, 25, 32, 53, 24, 36)(59, 33, 95, 15, 74, 47, 46, 6, 27, 28, 3, 1, 7)(35, 29, 19, 58, 49, 57, 20, 96, 45, 86, 15, 20, 4)
line 22: kNearestNeighbour 7 (6,6,2,7,7,2,7,10,4,9,4,3,4)
(47, 56, 20, 34, 7, 78, 29, 36, 23, 23, 39, 44, 62)(3, 59, 92, 24, 66, 20, 28, 20, 25, 32, 53, 24, 36)(59, 33, 95, 15, 74, 47, 46, 6, 27, 28, 3, 1, 7)(35, 29, 19, 58, 49, 57, 20, 96, 45, 86, 15, 20, 4)(38, 66, 29, 93, 49, 13, 14, 20, 62, 53, 74, 19, 32)(65, 50, 2, 1, 10, 16, 45, 80, 54, 43, 64, 5, 88)(82, 53, 60, 14, 17, 5, 87, 96, 25, 31, 35, 64, 2)
line 23: kNearestNeighbour 2 (6,5,10,7,7,10,3,3,3,3,10,7,1)
(47, 56, 20, 34, 7, 78, 29, 36, 23, 23, 39, 44, 62)(3, 59, 92, 24, 66, 20, 28, 20, 25, 32, 53, 24, 36)
line 24: nearestNeighbour (9,1,4,2,1,1,1,2,2,8,10,4,10)
(47, 56, 20, 34, 7, 78, 29, 36, 23, 23, 39, 44, 62)
line 25: kNearestNeighbour 1 (6,9,8,2,5,10,9,3,1,7,8,5,8)
(47, 56, 20, 34, 7, 78, 29, 36, 23, 23, 39, 44, 62)
line 26: kNearestNeighbour 7 (4,10,4,10,3,7,6,1,1,7,5,2,7)
(47, 56, 20, 34, 7, 78, 29, 36, 23, 23, 39, 44, 62)(3, 59, 92, 24, 66, 20, 28, 20, 25, 32, 53, 24, 36)(59, 33, 95, 15, 74, 47, 46, 6, 27, 28, 3, 1, 7)(38, 66, 29, 93, 49, 13, 14, 20, 62, 53, 74, 19, 32)(35, 29, 19, 58, 49, 57, 20, 96, 45, 86, 15, 20, 4)(65, 50, 2, 1, 10, 16, 45, 80, 54, 43, 64, 5, 88)(82, 53, 60, 14, 17, 5, 87, 96, 25, 31, 35, 64, 2)
line 27: kNearestNeighbour 8 (9,3,10,1,5,3,7,1,4,1,6,9,2)
(47, 56, 20, 34, 7, 78, 29, 36, 23, 23, 39, 44, 62)(3, 59, 92, 24, 66, 20, 28, 20, 25, 32, 53, 24, 36)(59, 33, 95, 15, 74, 47, 46, 6, 27, 28, 3, 1, 7)(38, 66, 29, 93, 49, 13, 14, 20, 62, 53, 74, 19, 32)(35, 29, 19, 58, 49, 57, 20, 96, 45, 86, 15, 20, 4)(65, 50, 2, 1, 10, 16, 45, 80, 54, 43, 64, 5, 88)(82, 53, 60, 14, 17, 5, 87, 96, 25, 31, 35, 64, 2)(27, 85, 6, 36, 86, 6, 40, 67, 76, 8, 96, 19, 1)
line 28: nearestNeighbour (9,8,4,2,9,1,1,5,10,9,2,7,10)
(47, 56, 20, 34, 7, 78, 29, 36, 23, 23, 39, 44, 62)
line 29: nearestNeighbour (6,5,4,10,5,10,10,4,8,8,7,9,2)
(47, 56, 20, 34, 7, 78, 29, 36, 23, 23, 39, 44, 62)
line 30: nearestNeighbour (7,10,4,3,4,8,3,6,3,10,3,9,6)
(47, 56, 20, 34, 7, 78, 29, 36, 23, 23, 39, 44, 62)
line 31: kNearestNeighbour 4 (4,5,5,6,1,8,9,2,8,10,6,4,8)
(47, 56, 20, 34, 7, 78, 29, 36, 23, 23, 39, 44, 62)(3, 59, 92, 24, 66, 20, 28, 20, 25, 32, 53, 24, 36)(59, 33, 95, 15, 74, 47, 46, 6, 27, 28, 3, 1, 7)(35, 29, 19, 58, 49, 57, 20, 96, 45, 86, 15, 20, 4)
line 32: kNearestNeighbour 7 (9,6,1,3,10,4,4,7,6,5,5,9,6)
(47, 56, 20, 34, 7, 78, 29, 36, 23, 23, 39, 44, 62)(3, 59, 92, 24, 66, 20, 28, 20, 25, 32, 53, 24, 36)(59, 33, 95, 15, 74, 47, 46, 6, 27, 28, 3, 1, 7)(35, 29, 19, 58, 49, 57, 20, 96, 45, 86, 15, 20, 4)(38, 66, 29, 93, 49, 13, 14, 20, 62, 53, 74, 19, 32)(65, 50, 2, 1, 10, 16, 45, 80, 54, 43, 64, 5, 88)(82, 53, 60, 14, 17, 5, 87, 96, 25, 31, 35, 64, 2)
line 33: nearestNeighbour (1,10,8,9,8,8,8,1,7,6,5,1,1)
(47, 56, 20, 34, 7, 78, 29, 36, 23, 23, 39, 44, 62)
line 34: kNearestNeighbour 1 (9,4,8,7,6,8,8,9,3,8,6,9,8)
(47, 56, 20, 34, 7, 78, 29, 36, 23, 23, 39, 44, 62)
line 35: nearestNeighbour (7,1,6,6,8,10,1,6,1,6,1,6,9)
(47, 56, 20, 34, 7, 78, 29, 36, 23, 23, 39, 44, 62)
line 36: kNearestNeighbour 10 (5,3,1,10,5,10,3,2,5,3,3,4,9)
(47, 56, 20, 34, 7, 78, 29, 36, 23, 23, 39, 44, 62)(3, 59, 92, 24, 66, 20, 28, 20, 25, 32, 53, 24, 36)(59, 33, 95, 15, 74, 47, 46, 6, 27, 28, 3, 1, 7)(35, 29, 19, 58, 49, 57, 20, 96, 45, 86, 15, 20, 4)(38, 66, 29, 93, 49, 13, 14, 20, 62, 53, 74, 19, 32)(65, 50, 2, 1, 10, 16, 45, 80, 54, 43, 64, 5, 88)(82, 53, 60, 14, 17, 5, 87, 96, 25, 31, 35, 64, 2)(27, 85, 6, 36, 86, 6, 40, 67, 76, 8, 96, 19, 1)(14, 14, 11, 34, 92, 10, 78, 99, 43, 24, 79, 59, 30)(82, 42, 7, 26, 90, 3, 28, 88, 97, 18, 64, 35, 58)
line 37: kNearestNeighbour 5 (2,4,3,10,2,5,3,6,4,9,6,4,2)
(47, 56, 20, 34, 7, 78, 29, 36, 23, 23, 39, 44, 62)(3, 59, 92, 24, 66, 20, 28, 20, 25, 32, 53, 24, 36)(59, 33, 95, 15, 74, 47, 46, 6, 27, 28, 3, 1, 7)(35, 29, 19, 58, 49, 57, 20, 96, 45, 86, 15, 20, 4)(38, 66, 29, 93, 49, 13, 14, 20, 62, 53, 74, 19, 32)
line 38: kNearestNeighbour 6 (3,6,6,8,8,7,1,5,8,6,8,5,5)
(47, 56, 20, 34, 7, 78, 29, 36, 23, 23, 39, 44, 62)(3, 59, 92, 24, 66, 20, 28, 20, 25, 32, 53, 24, 36)(59, 33, 95, 15, 74, 47, 46, 6, 27, 28, 3, 1, 7)(35, 29, 19, 58, 49, 57, 20, 96, 45, 86, 15, 20, 4)(38, 66, 29, 93, 49, 13, 14, 20, 62, 53, 74, 19, 32)(65, 50, 2, 1, 10, 16, 45, 80, 54, 43, 64, 5, 88)
line 39: nearestNeighbour (3,5,1,10,1,7,7,8,4,10,2,3,6)
(47, 56, 20, 34, 7, 78, 29, 36, 23, 23, 39, 44, 62)
line 40: kNearestNeighbour 10 (7,8,7,10,5,7,4,5,7,7,8,2,2)
(47, 56, 20, 34, 7, 78, 29, 36, 23, 23, 39, 44, 62)(3, 59, 92, 24, 66, 20, 28, 20, 25, 32, 53, 24, 36)(59, 33, 95, 15, 74, 47, 46, 6, 27, 28, 3, 1, 7)(38, 66, 29, 93, 49, 13, 14, 20, 62, 53, 74, 19, 32)(35, 29, 19, 58, 49, 57, 20, 96, 45, 86, 15, 20, 4)(65, 50, 2, 1, 10, 16, 45, 80, 54, 43, 64, 5, 88)(82, 53, 60, 14, 17, 5, 87, 96, 25, 31, 35, 64, 2)(27, 85, 6, 36, 86, 6, 40, 67, 76, 8, 96, 19, 1)(14, 14, 11, 34, 92, 10, 78, 99, 43, 24, 79, 59, 30)(82, 42, 7, 26, 90, 3, 28, 88, 97, 18, 64, 35, 58)
line 41: kNearestNeighbour 7 (2,8,6,10,3,9,10,8,9,8,5,2,8)
(47, 56, 20, 34, 7, 78, 29, 36, 23, 23, 39, 44, 62)(3, 59, 92, 24, 66, 20, 28, 20, 25, 32, 53, 24, 36)(59, 33, 95, 15, 74, 47, 46, 6, 27, 28, 3, 1, 7)(35, 29, 19, 58, 49, 57, 20, 96, 45, 86, 15, 20, 4)(38, 66, 29, 93, 49, 13, 14, 20, 62, 53, 74, 19, 32)(65, 50, 2, 1, 10, 16, 45, 80, 54, 43, 64, 5, 88)(82, 53, 60, 14, 17, 5, 87, 96, 25, 31, 35, 64, 2)
line 42: kNearestNeighbour 5 (10,4,5,2,6,2,4,1,2,3,8,6,1)
(47, 56, 20, 34, 7, 78, 29, 36, 23, 23, 39, 44, 62)(3, 59, 92, 24, 66, 20, 28, 20, 25, 32, 53, 24, 36)(59, 33, 95, 15, 74, 47, 46, 6, 27, 28, 3, 1, 7)(38, 66, 29, 93, 49, 13, 14, 20, 62, 53, 74, 19, 32)(35, 29, 19, 58, 49, 57, 20, 96, 45, 86, 15, 20, 4)
line 43: kNearestNeighbour 8 (9,3,8,10,10,10,10,8,7,6,9,2,1)
(47, 56, 20, 34, 7, 78, 29, 36, 23, 23, 39, 44, 62)(59, 33, 95, 15, 74, 47, 46, 6, 27, 28, 3, 1, 7)(3, 59, 92, 24, 66, 20, 28, 20, 25, 32, 53, 24, 36)(35, 29, 19, 58, 49, 57, 20, 96, 45, 86, 15, 20, 4)(38, 66, 29, 93, 49, 13, 14, 20, 62, 53, 74, 19, 32)(65, 50, 2, 1, 10, 16, 45, 80, 54, 43, 64, 5, 88)(82, 53, 60, 14, 17, 5, 87, 96, 25, 31, 35, 64, 2)(27, 85, 6, 36, 86, 6, 40, 67, 76, 8, 96, 19, 1)
line 44: kNearestNeighbour 1 (3,3,6,3,4,3,3,1,8,3,5,2,10)
(47, 56, 20, 34, 7, 78, 29, 36, 23, 23, 39, 44, 62)
line 45: kNearestNeighbour 10 (2,4,9,4,1,9,8,6,10,9,8,1,3)
(47, 56, 20, 34, 7, 78, 29, 36, 23, 23, 39, 44, 62)(3, 59, 92, 24, 66, 20, 28, 20, 25, 32, 53, 24, 36)(59, 33, 95, 15, 74, 47, 46, 6, 27, 28, 3, 1, 7)(35, 29, 19, 58, 49, 57, 20, 96, 45, 86, 15, 20, 4)(38, 66, 29, 93, 49, 13, 14, 20, 62, 53, 74, 19, 32)(65, 50, 2, 1, 10, 16, 45, 80, 54, 43, 64, 5, 88)(82, 53, 60, 14, 17, 5, 87, 96, 25, 31, 35, 64, 2)(27, 85, 6, 36, 86, 6, 40, 67, 76, 8, 96, 19, 1)(14, 14, 11, 34, 92, 10, 78, 99, 43, 24, 79, 59, 30)(22, 5, 72, 90, 80, 63, 85, 44, 49, 32, 55, 73, 9)
line 46: nearestNeighbour (8,5,3,7,8,1,2,10,2,6,1,5,3)
(47, 56, 20, 34, 7, 78, 29, 36, 23, 23, 39, 44, 62)
line 47: kNearestNeighbour 4 (6,4,1,4,5,4,3,10,9,3,1,4,8)
(47, 56, 20, 34, 7, 78, 29, 36, 23, 23, 39, 44, 62)(3, 59, 92, 24, 66, 20, 28, 20, 25, 32, 53, 24, 36)(59, 33, 95, 15, 74, 47, 46, 6, 27, 28, 3, 1, 7)(35, 29, 19, 58, 49, 57, 20, 96, 45, 86, 15, 20, 4)
line 48: kNearestNeighbour 2 (1,3,8,3,7,1,9,9,1,6,10,9,1)
(3, 59, 92, 24, 66, 20, 28, 20, 25, 32, 53, 24, 36)(47, 56, 20, 34, 7, 78, 29, 36, 23, 23, 39, 44, 62)
line 49: nearestNeighbour (9,1,2,1,1,5,6,8,8,5,1,4,2)
(47, 56, 20, 34, 7, 78, 29, 36, 23, 23, 39, 44, 62)
line 50: nearestNeighbour (6,10,7,6,2,1,5,10,3,1,4,2,1)
(47, 56, 20, 34, 7, 78, 29, 36, 23, 23, 39, 44, 62)
line 51: kNearestNeighbour 9 (4,5,7,10,7,10,7,3,6,2,7,1,1)
(47, 56, 20, 34, 7, 78, 29, 36, 23, 23, 39, 44, 62)(3, 59, 92, 24, 66, 20, 28, 20, 25, 32, 53, 24, 36)(59, 33, 95, 15, 74, 47, 46, 6, 27, 28, 3, 1, 7)(35, 29, 19, 58, 49, 57, 20, 96, 45, 86, 15, 20, 4)(38, 66, 29, 93, 49, 13, 14, 20, 62, 53, 74, 19, 32)(65, 50, 2, 1, 10, 16, 45, 80, 54, 43, 64, 5, 88)(27, 85, 6, 36, 86, 6, 40, 67, 76, 8, 96, 19, 1)(82, 53, 60, 14, 17, 5, 87, 96, 25, 31, 35, 64, 2)(14, 14, 11, 34, 92, 10, 78, 99, 43, 24, 79, 59, 30)
line 52: nearestNeighbour (1,10,4,6,9,9,3,1,10,1,1,4,7)
(47, 56, 20, 34, 7, 78, 29, 36, 23, 23, 39, 44, 62)
line 53: nearestNeighbour (2,5,1,4,2,10,5,5,9,7,1,5,5)
(47, 56, 20, 34, 7, 78, 29, 36, 23, 23, 39, 44, 62)
line 54: nearestNeighbour (9,8,3,8,3,5,2,4,4,1,5,1,4)
(47, 56, 20, 34, 7, 78, 29, 36, 23, 23, 39, 44, 62)
line 55: kNearestNeighbour 3 (9,3,5,2,10,9,1,7,7,2,7,6,2)
(47, 56, 20, 34, 7, 78, 29, 36, 23, 23, 39, 44, 62)(3, 59, 92, 24, 66, 20, 28, 20, 25, 32, 53, 24, 36)(59, 33, 95, 15, 74, 47, 46, 6, 27, 28, 3, 1, 7)
line 56: nearestNeighbour (8,1,7,8,8,5,9,4,7,6,6,5,2)
(47, 56, 20, 34, 7, 78, 29, 36, 23, 23, 39, 44, 62)
line 57: kNearestNeighbour 9 (3,3,7,7,2,2,3,4,7,1,1,1,6)
(47, 56, 20, 34, 7, 78, 29, 36, 23, 23, 39, 44, 62)(3, 59, 92, 24, 66, 20, 28, 20, 25, 32, 53, 24, 36)(59, 33, 95, 15, 74, 47, 46, 6, 27, 28, 3, 1, 7)(35, 29, 19, 58, 49, 57, 20, 96, 45, 86, 15, 20, 4)(38, 66, 29, 93, 49, 13, 14, 20, 62, 53, 74, 19, 32)(65, 50, 2, 1, 10, 16, 45, 80, 54, 43, 64, 5, 88)(82, 53, 60, 14, 17, 5, 87, 96, 25, 31, 35, 64, 2)(27, 85, 6, 36, 86, 6, 40, 67, 76, 8, 96, 19, 1)(14, 14, 11, 34, 92, 10, 78, 99, 43, 24, 79, 59, 30)
line 58: nearestNeighbour (8,4,5,2,7,7,1,5,8,10,7,9,4)
(47, 56, 20, 34, 7, 78, 29, 36, 23, 23, 39, 44, 62)
line 59: nearestNeighbour (7,4,8,5,6,3,1,8,3,1,2,3,6)
(47, 56, 20, 34, 7, 78, 29, 36, 23, 23, 39, 44, 62)
line 60: kNearestNeighbour 2 (9,3,3,9,4,2,1,7,5,8,3,7,1)
(47, 56, 20, 34, 7, 78, 29, 36, 23, 23, 39, 44, 62)(3, 59, 92, 24, 66, 20, 28, 20, 25, 32, 53, 24, 36)
line 61: kNearestNeighbour 7 (10,7,8,6,9,1,1,1,10,3,3,7,9)
(47, 56, 20, 34, 7, 78, 29, 36, 23, 23, 39, 44, 62)(3, 59, 92, 24, 66, 20, 28, 20, 25, 32, 53, 24, 36)(59, 33, 95, 15, 74, 47, 46, 6, 27, 28, 3, 1, 7)(38, 66, 29, 93, 49, 13, 14, 20, 62, 53, 74, 19, 32)(35, 29, 19, 58, 49, 57, 20, 96, 45, 86, 15, 20, 4)(65, 50, 2, 1, 10, 16, 45, 80, 54, 43, 64, 5, 88)(82, 53, 60, 14, 17, 5, 87, 96, 25, 31, 35, 64, 2)
line 62: nearestNeighbour (6,6,5,8,10,2,3,6,8,10,10,8,10)
(47, 56, 20, 34, 7, 78, 29, 36, 23, 23, 39, 44, 62)
line 63: kNearestNeighbour 9 (7,4,8,1,10,1,4,2,1,9,5,3,6)
(3, 59, 92, 24, 66, 20, 28, 20, 25, 32, 53, 24, 36)(47, 56, 20, 34, 7, 78, 29, 36, 23, 23, 39, 44, 62)(59, 33, 95, 15, 74, 47, 46, 6, 27, 28, 3, 1, 7)(35, 29, 19, 58, 49, 57, 20, 96, 45, 86, 15, 20, 4)(38, 66, 29, 93, 49, 13, 14, 20, 62, 53, 74, 19, 32)(65, 50, 2, 1, 10, 16, 45, 80, 54, 43, 64, 5, 88)(82, 53, 60, 14, 17, 5, 87, 96, 25, 31, 35, 64, 2)(27, 85, 6, 36, 86, 6, 40, 67, 76, 8, 96, 19, 1)(14, 14, 11, 34, 92, 10, 78, 99, 43, 24, 79, 59, 30)
line 64: kNearestNeighbour 6 (1,8,9,7,1,1,4,1,7,1,5,8,7)
(47, 56, 20, 34, 7, 78, 29, 36, 23, 23, 39, 44, 62)(3, 59, 92, 24, 66, 20, 28, 20, 25, 32, 53, 24, 36)(59, 33, 95, 15, 74, 47, 46, 6, 27, 28, 3, 1, 7)(38, 66, 29, 93, 49, 13, 14, 20, 62, 53, 74, 19, 32)(35, 29, 19, 58, 49, 57, 20, 96, 45, 86, 15, 20, 4)(65, 50, 2, 1, 10, 16, 45, 80, 54, 43, 64, 5, 88)
line 65: nearestNeighbour (3,2,2,4,6,9,5,7,4,4,4,4,8)
(47, 56, 20, 34, 7, 78, 29, 36, 23, 23, 39, 44, 62)
line 66: nearestNeighbour (2,10,9,1,1,3,3,3,2,10,8,10,2)
(47, 56, 20, 34, 7, 78, 29, 36, 23, 23, 39, 44, 62)
line 67: kNearestNeighbour 8 (7,2,6,8,1,5,1,2,7,6,6,9,10)
(47, 56, 20, 34, 7, 78, 29, 36, 23, 23, 39, 44, 62)(3, 59, 92, 24, 66, 20, 28, 20, 25, 32, 53, 24, 36)(59, 33, 95, 15, 74, 47, 46, 6, 27, 28, 3, 1, 7)(38, 66, 29, 93, 49, 13, 14, 20, 62, 53, 74, 19, 32)(35, 29, 19, 58, 49, 57, 20, 96, 45, 86, 15, 20, 4)(65, 50, 2, 1, 10, 16, 45, 80, 54, 43, 64, 5, 88)(82, 53, 60, 14, 17, 5, 87, 96, 25, 31, 35, 64, 2)(27, 85, 6, 36, 86, 6, 40, 67, 76, 8, 96, 19, 1)
line 68: kNearestNeighbour 8 (8,10,10,10,2,2,3,10,2,4,4,1,6)
(47, 56, 20, 34, 7, 78, 29, 36, 23, 23, 39, 44, 62)(3, 59, 92, 24, 66, 20, 28, 20, 25, 32, 53, 24, 36)(59, 33, 95, 15, 74, 47, 46, 6, 27, 28, 3, 1, 7)(35, 29, 19, 58, 49, 57, 20, 96, 45, 86, 15, 20, 4)(38, 66, 29, 93, 49, 13, 14, 20, 62, 53, 74, 19, 32)(65, 50, 2, 1, 10, 16, 45, 80, 54, 43, 64, 5, 88)(82, 53, 60, 14, 17, 5, 87, 96, 25, 31, 35, 64, 2)(27, 85, 6, 36, 86, 6, 40, 67, 76, 8, 96, 19, 1)
line 69: kNearestNeighbour 4 (9,1,10,1,7,3,4,10,2,1,9,1,6)
(47, 56, 20, 34, 7, 78, 29, 36, 23, 23, 39, 44, 62)(3, 59, 92, 24, 66, 20, 28, 20, 25, 32, 53, 24, 36)(59, 33, 95, 15, 74, 47, 46, 6, 27, 28, 3, 1, 7)(65, 50, 2, 1, 10, 16, 45, 80, 54, 43, 64, 5, 88)
line 70: nearestNeighbour (7,10,10,3,1,4,10,10,9,10,3,2,2)
(47, 56, 20, 34, 7, 78, 29, 36, 23, 23, 39, 44, 62)
line 71: nearestNeighbour (3,5,1,8,8,4,6,10,9,2,8,8,3)
(47, 56, 20, 34, 7, 78, 29, 36, 23, 23, 39, 44, 62)
line 72: kNearestNeighbour 5 (4,3,2,3,5,10,3,6,6,4,7,6,1)
(47, 56, 20, 34, 7, 78, 29, 36, 23, 23, 39, 44, 62)(3, 59, 92, 24, 66, 20, 28, 20, 25, 32, 53, 24, 36)(59, 33, 95, 15, 74, 47, 46, 6, 27, 28, 3, 1, 7)(35, 29, 19, 58, 49, 57, 20, 96, 45, 86, 15, 20, 4)(38, 66, 29, 93, 49, 13, 14, 20, 62, 53, 74, 19, 32)
line 73: nearestNeighbour (1,10,1,4,1,8,2,1,7,7,1,5,2)
(47, 56, 20, 34, 7, 78, 29, 36, 23, 23, 39, 44, 62)
line 74: nearestNeighbour (1,8,6,9,5,9,3,8,10,5,10,4,4)
(47, 56, 20, 34, 7, 78, 29, 36, 23, 23, 39, 44, 62)
line 75: nearestNeighbour (10,3,5,8,5,4,2,8,10,10,2,1,9)
(47, 56, 20, 34, 7, 78, 29, 36, 23, 23, 39, 44, 62)
line 76: kNearestNeighbour 7 (7,7,7,3,1,4,8,8,1,4,3,9,7)
(47, 56, 20, 34, 7, 78, 29, 36, 23, 23, 39, 44, 62)(3, 59, 92, 24, 66, 20, 28, 20, 25, 32, 53, 24, 36)(59, 33, 95, 15, 74, 47, 46, 6, 27, 28, 3, 1, 7)(35, 29, 19, 58, 49, 57, 20, 96, 45, 86, 15, 20, 4)(65, 50, 2, 1, 10, 16, 45, 80, 54, 43, 64, 5, 88)(38, 66, 29, 93, 49, 13, 14, 20, 62, 53, 74, 19, 32)(82, 53, 60, 14, 17, 5, 87, 96, 25, 31, 35, 64, 2)
line 77: kNearestNeighbour 7 (3,4,2,2,7,4,6,5,3,2,7,1,1)
(47, 56, 20, 34, 7, 78, 29, 36, 23, 23, 39, 44, 62)(3, 59, 92, 24, 66, 20, 28, 20, 25, 32, 53, 24, 36)(59, 33, 95, 15, 74, 47, 46, 6, 27, 28, 3, 1, 7)(35, 29, 19, 58, 49, 57, 20, 96, 45, 86, 15, 20, 4)(38, 66, 29, 93, 49, 13, 14, 20, 62, 53, 74, 19, 32)(65, 50, 2, 1, 10, 16, 45, 80, 54, 43, 64, 5, 88)(27, 85, 6, 36, 86, 6, 40, 67, 76, 8, 96, 19, 1)
line 78: nearestNeighbour (6,5,8,1,7,4,9,5,5,3,9,8,6)
(47, 56, 20, 34, 7, 78, 29, 36, 23, 23, 39, 44, 62)
line 79: kNearestNeighbour 9 (2,10,2,5,3,5,6,8,6,1,1,7,10)
(47, 56, 20, 34, 7, 78, 29, 36, 23, 23, 39, 44, 62)(3, 59, 92, 24, 66, 20, 28, 20, 25, 32, 53, 24, 36)(59, 33, 95, 15, 74, 47, 46, 6, 27, 28, 3, 1, 7)(35, 29, 19, 58, 49, 57, 20, 96, 45, 86, 15, 20, 4)(65, 50, 2, 1, 10, 16, 45, 80, 54, 43, 64, 5, 88)(38, 66, 29, 93, 49, 13, 14, 20, 62, 53, 74, 19, 32)(82, 53, 60, 14, 17, 5, 87, 96, 25, 31, 35, 64, 2)(27, 85, 6, 36, 86, 6, 40, 67, 76, 8, 96, 19, 1)(14, 14, 11, 34, 92, 10, 78, 99, 43, 24, 79, 59, 30)
line 80: nearestNeighbour (9,10,1,5,3,5,6,5,10,3,5,4,1)
(47, 56, 20, 34, 7, 78, 29, 36, 23, 23, 39, 44, 62)
line 81: kNearestNeighbour 5 (1,8,8,10,7,6,2,1,10,8,10,9,7)
(47, 56, 20, 34, 7, 78, 29, 36, 23, 23, 39, 44, 62)(3, 59, 92, 24, 66, 20, 28, 20, 25, 32, 53, 24, 36)(59, 33, 95, 15, 74, 47, 46, 6, 27, 28, 3, 1, 7)(38, 66, 29, 93, 49, 13, 14, 20, 62, 53, 74, 19, 32)(35, 29, 19, 58, 49, 57, 20, 96, 45, 86, 15, 20, 4)
line 82: nearestNeighbour (5,7,8,10,10,8,10,1,2,9,6,2,5)
(47, 56, 20, 34, 7, 78, 29, 36, 23, 23, 39, 44, 62)
line 83: nearestNeighbour (10,3,6,7,10,7,6,8,10,8,4,10,7)
(47, 56, 20, 34, 7, 78, 29, 36, 23, 23, 39, 44, 62)
line 84: kNearestNeighbour 2 (5,7,5,3,5,9,6,2,1,9,5,5,3)
(47, 56, 20, 34, 7, 78, 29, 36, 23, 23, 39, 44, 62)(3, 59, 92, 24, 66, 20, 28, 20, 25, 32, 53, 24, 36)
line 85: kNearestNeighbour 2 (4,4,8,10,9,1,4,9,10,1,9,2,10)
(47, 56, 20, 34, 7, 78, 29, 36, 23, 23, 39, 44, 62)(3, 59, 92, 24, 66, 20, 28, 20, 25, 32, 53, 24, 36)
line 86: kNearestNeighbour 9 (8,1,9,5,4,7,1,4,10,6,6,4,8)
(47, 56, 20, 34, 7, 78, 29, 36, 23, 23, 39, 44, 62)(3, 59, 92, 24, 66, 20, 28, 20, 25, 32, 53, 24, 36)(59, 33, 95, 15, 74, 47, 46, 6, 27, 28, 3, 1, 7)(35, 29, 19, 58, 49, 57, 20, 96, 45, 86, 15, 20, 4)(38, 66, 29, 93, 49, 13, 14, 20, 62, 53, 74, 19, 32)(65, 50, 2, 1, 10, 16, 45, 80, 54, 43, 64, 5, 88)(82, 53, 60, 14, 17, 5, 87, 96, 25, 31, 35, 64, 2)(27, 85, 6, 36, 86, 6, 40, 67, 76, 8, 96, 19, 1)(14, 14, 11, 34, 92, 10, 78, 99, 43, 24, 79, 59, 30)
line 87: nearestNeighbour (8,5,6,8,10,6,10,7,10,10,10,1,1)
(47, 56, 20, 34, 7, 78, 29, 36, 23, 23, 39, 44, 62)
line 88: nearestNeighbour (4,1,6,7,1,4,5,2,1,2,9,9,6)
(47, 56, 20, 34, 7, 78, 29, 36, 23, 23, 39, 44, 62)
line 89: kNearestNeighbour 5 (10,5,8,1,1,6,1,4,5,6,8,5,9)
(47, 56, 20, 34, 7, 78, 29, 36, 23, 23, 39, 44, 62)(3, 59, 92, 24, 66, 20, 28, 20, 25, 32, 53, 24, 36)(59, 33, 95, 15, 74, 47, 46, 6, 27, 28, 3, 1, 7)(65, 50, 2, 1, 10, 16, 45, 80, 54, 43, 64, 5, 88)(35, 29, 19, 58, 49, 57, 20, 96, 45, 86, 15, 20, 4)
line 90: nearestNeighbour (1,10,1,4,5,7,10,5,2,5,1,1,1)
(47, 56, 20, 34, 7, 78, 29, 36, 23, 23, 39, 44, 62)
line 91: kNearestNeighbour 5 (7,3,3,6,6,10,2,6,2,8,8,4,3)
(47, 56, 20, 34, 7, 78, 29, 36, 23, 23, 39, 44, 62)(3, 59, 92, 24, 66, 20, 28, 20, 25, 32, 53, 24, 36)(59, 33, 95, 15, 74, 47, 46, 6, 27, 28, 3, 1, 7)(35, 29, 19, 58, 49, 57, 20, 96, 45, 86, 15, 20, 4)(38, 66, 29, 93, 49, 13, 14, 20, 62, 53, 74, 19, 32)
line 92: kNearestNeighbour 1 (10,2,5,9,2,9,9,8,2,6,6,8,10)
(47, 56, 20, 34, 7, 78, 29, 36, 23, 23, 39, 44, 62)
line 93: nearestNeighbour (5,3,3,6,10,6,8,9,10,4,10,3,9)
(47, 56, 20, 34, 7, 78, 29, 36, 23, 23, 39, 44, 62)
line 94: kNearestNeighbour 1 (6,2,7,5,3,10,10,7,5,1,1,4,1)
(47, 56, 20, 34, 7, 78, 29, 36, 23, 23, 39, 44, 62)
line 95: nearestNeighbour (7,6,9,1,2,4,8,6,8,8,5,8,8)
(47, 56, 20, 34, 7, 78, 29, 36, 23, 23, 39, 44, 62)
line 96: kNearestNeighbour 10 (4,5,1,6,3,1,5,5,4,10,9,6,8)
(47, 56, 20, 34, 7, 78, 29, 36, 23, 23, 39, 44, 62)(3, 59, 92, 24, 66, 20, 28, 20, 25, 32, 53, 24, 36)(59, 33, 95, 15, 74, 47, 46, 6, 27, 28, 3, 1, 7)(38, 66, 29, 93, 49, 13, 14, 20, 62, 53, 74, 19, 32)(35, 29, 19, 58, 49, 57, 20, 96, 45, 86, 15, 20, 4)(65, 50, 2, 1, 10, 16, 45, 80, 54, 43, 64, 5, 88)(82, 53, 60, 14, 17, 5, 87, 96, 25, 31, 35, 64, 2)(27, 85, 6, 36, 86, 6, 40, 67, 76, 8, 96, 19, 1)(14, 14, 11, 34, 92, 10, 78, 99, 43, 24, 79, 59, 30)(82, 42, 7, 26, 90, 3, 28, 88, 97, 18, 64, 35, 58)
line 97: kNearestNeighbour 9 (1,9,5,4,9,8,6,10,3,6,3,10,4)
(47, 56, 20, 34, 7, 78, 29, 36, 23, 23, 39, 44, 62)(3, 59, 92, 24, 66, 20, 28, 20, 25, 32, 53, 24, 36)(59, 33, 95, 15, 74, 47, 46, 6, 27, 28, 3, 1, 7)(35, 29, 19, 58, 49, 57, 20, 96, 45, 86, 15, 20, 4)(38, 66, 29, 93, 49, 13, 14, 20, 62, 53, 74, 19, 32)(65, 50, 2, 1, 10, 16, 45, 80, 54, 43, 64, 5, 88)(82, 53, 60, 14, 17, 5, 87, 96, 25, 31, 35, 64, 2)(27, 85, 6, 36, 86, 6, 40, 67, 76, 8, 96, 19, 1)(14, 14, 11, 34, 92, 10, 78, 99, 43, 24, 79, 59, 30)
line 98: kNearestNeighbour 3 (6,9,2,1,3,6,10,1,8,5,7,1,8)
(47, 56, 20, 34, 7, 78, 29, 36, 23, 23, 39, 44, 62)(3, 59, 92, 24, 66, 20, 28, 20, 25, 32, 53, 24, 36)(59, 33, 95, 15, 74, 47, 46, 6, 27, 28, 3, 1, 7)
line 99: kNearestNeighbour 2 (3,6,4,9,2,7,5,9,3,2,5,2,6)
(47, 56, 20, 34, 7, 78, 29, 36, 23, 23, 39, 44, 62)(3, 59, 92, 24, 66, 20, 28, 20, 25, 32, 53, 24, 36)
line 100: kNearestNeighbour 10 (3,7,2,7,9,6,5,5,3,6,2,5,3)
(47, 56, 20, 34, 7, 78, 29, 36, 23, 23, 39, 44, 62)(3, 59, 92, 24, 66, 20, 28, 20, 25, 32, 53, 24, 36)(59, 33, 95, 15, 74, 47, 46, 6, 27, 28, 3, 1, 7)(35, 29, 19, 58, 49, 57, 20, 96, 45, 86, 15, 20, 4)(38, 66, 29, 93, 49, 13, 14, 20, 62, 53, 74, 19, 32)(65, 50, 2, 1, 10, 16, 45, 80, 54, 43, 64, 5, 88)(82, 53, 60, 14, 17, 5, 87, 96, 25, 31, 35, 64, 2)(27, 85, 6, 36, 86, 6, 40, 67, 76, 8, 96, 19, 1)(14, 14, 11, 34, 92, 10, 78, 99, 43, 24, 79, 59, 30)(82, 42, 7, 26, 90, 3, 28, 88, 97, 18, 64, 35, 58)
line 101: kNearestNeighbour 5 (6,4,3,5,2,1,10,3,4,5,2,7,7)
(47, 56, 20, 34, 7, 78, 29, 36, 23, 23, 39, 44, 62)(3, 59, 92, 24, 66, 20, 28, 20, 25, 32, 53, 24, 36)(59, 33, 95, 15, 74, 47, 46, 6, 27, 28, 3, 1, 7)(35, 29, 19, 58, 49, 57, 20, 96, 45, 86, 15, 20, 4)(65, 50, 2, 1, 10, 16, 45, 80, 54, 43, 64, 5, 88)
line 102: nearestNeighbour (5,10,1,7,6,6,8,1,5,7,6,6,6)
(47, 56, 20, 34, 7, 78, 29, 36, 23, 23, 39, 44, 62)
line 103: nearestNeighbour (7,8,2,8,5,3,8,9,7,3,10,10,8)
(47, 56, 20, 34, 7, 78, 29, 36, 23, 23, 39, 44, 62)
line 104: kNearestNeighbour 1 (10,4,8,9,3,1,10,3,10,2,6,4,3)
(47, 56, 20, 34, 7, 78, 29, 36, 23, 23, 39, 44, 62)
line 105: nearestNeighbour (1,7,3,2,2,2,4,1,1,5,7,1,6)
(47, 56, 20, 34, 7, 78, 29, 36, 23, 23, 39, 44, 62)
line 106: nearestNeighbour (7,5,6,7,8,5,1,10,2,3,6,5,10)
(47, 56, 20, 34, 7, 78, 29, 36, 23, 23, 39, 44, 62)
line 107: kNearestNeighbour 3 (2,2,6,8,2,2,4,2,9,8,5,7,4)
(47, 56, 20, 34, 7, 78, 29, 36, 23, 23, 39, 44, 62)(3, 59, 92, 24, 66, 20, 28, 20, 25, 32, 53, 24, 36)(59, 33, 95, 15, 74, 47, 46, 6, 27, 28, 3, 1, 7)
line 108: kNearestNeighbour 5 (4,9,9,2,10,4,10,2,3,8,9,5,3)
(3, 59, 92, 24, 66, 20, 28, 20, 25, 32, 53, 24, 36)(47, 56, 20, 34, 7, 78, 29, 36, 23, 23, 39, 44, 62)(59, 33, 95, 15, 74, 47, 46, 6, 27, 28, 3, 1, 7)(38, 66, 29, 93, 49, 13, 14, 20, 62, 53, 74, 19, 32)(35, 29, 19, 58, 49, 57, 20, 96, 45, 86, 15, 20, 4)
line 109: nearestNeighbour (10,2,6,6,4,7,8,5,6,6,5,7,8)
(47, 56, 20, 34, 7, 78, 29, 36, 23, 23, 39, 44, 62)
line 110: kNearestNeighbour 10 (2,4,7,7,8,2,3,9,1,9,10,4,10)
(47, 56, 20, 34, 7, 78, 29, 36, 23, 23, 39, 44, 62)(3, 59, 92, 24, 66, 20, 28, 20, 25, 32, 53, 24, 36)(59, 33, 95, 15, 74, 47, 46, 6, 27, 28, 3, 1, 7)(35, 29, 19, 58, 49, 57, 20, 96, 45, 86, 15, 20, 4)(38, 66, 29, 93, 49, 13, 14, 20, 62, 53, 74, 19, 32)(65, 50, 2, 1, 10, 16, 45, 80, 54, 43, 64, 5, 88)(82, 53, 60, 14, 17, 5, 87, 96, 25, 31, 35, 64, 2)(14, 14, 11, 34, 92, 10, 78, 99, 43, 24, 79, 59, 30)(27, 85, 6, 36, 86, 6, 40, 67, 76, 8, 96, 19, 1)(82, 42, 7, 26, 90, 3, 28, 88, 97, 18, 64, 35, 58)
line 111: kNearestNeighbour 5 (7,8,6,2,9,10,3,2,10,10,7,6,10)
(47, 56, 20, 34, 7, 78, 29, 36, 23, 23, 39, 44, 62)(3, 59, 92, 24, 66, 20, 28, 20, 25, 32, 53, 24, 36)(59, 33, 95, 15, 74, 47, 46, 6, 27, 28, 3, 1, 7)(35, 29, 19, 58, 49, 57, 20, 96, 45, 86, 15, 20, 4)(38, 66, 29, 93, 49, 13, 14, 20, 62, 53, 74, 19, 32)
line 112: kNearestNeighbour 1 (7,1,5,4,2,6,1,10,7,9,6,9,4)
(47, 56, 20, 34, 7, 78, 29, 36, 23, 23, 39, 44, 62)
line 113: kNearestNeighbour 1 (9,4,1,4,7,8,8,4,6,5,10,3,3)
(47, 56, 20, 34, 7, 78, 29, 36, 23, 23, 39, 44, 62)
line 114: kNearestNeighbour 10 (8,4,2,7,7,7,10,9,3,2,7,8,3)
(47, 56, 20, 34, 7, 78, 29, 36, 23, 23, 39, 44, 62)(3, 59, 92, 24, 66, 20, 28, 20, 25, 32, 53, 24, 36)(59, 33, 95, 15, 74, 47, 46, 6, 27, 28, 3, 1, 7)(35, 29, 19, 58, 49, 57, 20, 96, 45, 86, 15, 20, 4)(38, 66, 29, 93, 49, 13, 14, 20, 62, 53, 74, 19, 32)(65, 50, 2, 1, 10, 16, 45, 80, 54, 43, 64, 5, 88)(82, 53, 60, 14, 17, 5, 87, 96, 25, 31, 35, 64, 2)(14, 14, 11, 34, 92, 10, 78, 99, 43, 24, 79, 59, 30)(27, 85, 6, 36, 86, 6, 40, 67, 76, 8, 96, 19, 1)(82, 42, 7, 26, 90, 3, 28, 88, 97, 18, 64, 35, 58)
line 115: nearestNeighbour (2,9,1,2,9,5,4,7,7,10,8,8,10)
(47, 56, 20, 34, 7, 78, 29, 36, 23, 23, 39, 44, 62)
line 116: nearestNeighbour (9,10,5,3,9,10,7,6,10,6,6,2,9)
(47, 56, 20, 34, 7, 78, 29, 36, 23, 23, 39, 44, 62)
line 117: nearestNeighbour (4,7,4,2,9,1,2,2,4,7,2,3,5)
(47, 56, 20, 34, 7, 78, 29, 36, 23, 23, 39, 44, 62)
line 118: nearestNeighbour (9,1,10,10,6,9,7,4,4,7,10,10,7)
(47, 56, 20, 34, 7, 78, 29, 36, 23, 23, 39, 44, 62)
line 119: kNearestNeighbour 4 (10,8,9,1,7,3,9,7,10,7,3,9,5)
(47, 56, 20, 34, 7, 78, 29, 36, 23, 23, 39, 44, 62)(3, 59, 92, 24, 66, 20, 28, 20, 25, 32, 53, 24, 36)(59, 33, 95, 15, 74, 47, 46, 6, 27, 28, 3, 1, 7)(35, 29, 19, 58, 49, 57, 20, 96, 45, 86, 15, 20, 4)
line 120: nearestNeighbour (7,6,5,9,5,7,1,3,4,8,1,8,1)
(47, 56, 20, 34, 7, 78, 29, 36, 23, 23, 39, 44, 62)
line 121: kNearestNeighbour 7 (1,3,10,5,4,9,2,8,10,8,5,3,5)
(47, 56, 20, 34, 7, 78, 29, 36, 23, 23, 39, 44, 62)(3, 59, 92, 24, 66, 20, 28, 20, 25, 32, 53, 24, 36)(59, 33, 95, 15, 74, 47, 46, 6, 27, 28, 3, 1, 7)(35, 29, 19, 58, 49, 57, 20, 96, 45, 86, 15, 20, 4)(38, 66, 29, 93, 49, 13, 14, 20, 62, 53, 74, 19, 32)(65, 50, 2, 1, 10, 16, 45, 80, 54, 43, 64, 5, 88)(82, 53, 60, 14, 17, 5, 87, 96, 25, 31, 35, 64, 2)
line 122: nearestNeighbour (8,4,2,6,4,6,8,1,2,4,8,6,2)
(47, 56, 20, 34, 7, 78, 29, 36, 23, 23, 39, 44, 62)
line 123: nearestNeighbour (2,2,5,5,6,3,2,1,6,4,8,6,3)
(47, 56, 20, 34, 7, 78, 29, 36, 23, 23, 39, 44, 62)
line 124: kNearestNeighbour 9 (3,10,6,6,9,8,10,7,10,9,1,5,4)
(47, 56, 20, 34, 7, 78, 29, 36, 23, 23, 39, 44, 62)(3, 59, 92, 24, 66, 20, 28, 20, 25, 32, 53, 24, 36)(59, 33, 95, 15, 74, 47, 46, 6, 27, 28, 3, 1, 7)(35, 29, 19, 58, 49, 57, 20, 96, 45, 86, 15, 20, 4)(38, 66, 29, 93, 49, 13, 14, 20, 62, 53, 74, 19, 32)(65, 50, 2, 1, 10, 16, 45, 80, 54, 43, 64, 5, 88)(82, 53, 60, 14, 17, 5, 87, 96, 25, 31, 35, 64, 2)(27, 85, 6, 36, 86, 6, 40, 67, 76, 8, 96, 19, 1)(14, 14, 11, 34, 92, 10, 78, 99, 43, 24, 79, 59, 30)
line 125: kNearestNeighbour 9 (5,4,1,7,4,10,8,5,4,5,9,10,1)
(47, 56, 20, 34, 7, 78, 29, 36, 23, 23, 39, 44, 62)(3, 59, 92, 24, 66, 20, 28, 20, 25, 32, 53, 24, 36)(59, 33, 95, 15, 74, 47, 46, 6, 27, 28, 3, 1, 7)(35, 29, 19, 58, 49, 57, 20, 96, 45, 86, 15, 20, 4)(38, 66, 29, 93, 49, 13, 14, 20, 62, 53, 74, 19, 32)(65, 50, 2, 1, 10, 16, 45, 80, 54, 43, 64, 5, 88)(82, 53, 60, 14, 17, 5, 87, 96, 25, 31, 35, 64, 2)(27, 85, 6, 36, 86, 6, 40, 67, 76, 8, 96, 19, 1)(14, 14, 11, 34, 92, 10, 78, 99, 43, 24, 79, 59, 30)
line 126: kNearestNeighbour 1 (6,4,4,1,2,10,10,8,7,6,9,4,10)
(47, 56, 20, 34, 7, 78, 29, 36, 23, 23, 39, 44, 62)
line 127: kNearestNeighbour 4 (5,3,2,8,10,4,7,7,4,5,8,8,6)
(47, 56, 20, 34, 7, 78, 29, 36, 23, 23, 39, 44, 62)(3, 59, 92, 24, 66, 20, 28, 20, 25, 32, 53, 24, 36)(59, 33, 95, 15, 74, 47, 46, 6, 27, 28, 3, 1, 7)(35, 29, 19, 58, 49, 57, 20, 96, 45, 86, 15, 20, 4)
line 128: kNearestNeighbour 3 (5,3,4,9,1,6,1,1,7,4,4,10,3)
(47, 56, 20, 34, 7, 78, 29, 36, 23, 23, 39, 44, 62)(3, 59, 92, 24, 66, 20, 28, 20, 25, 32, 53, 24, 36)(59, 33, 95, 15, 74, 47, 46, 6, 27, 28, 3, 1, 7)
line 129: nearestNeighbour (1,4,2,2,9,2,2,9,7,9,2,1,2)
(47, 56, 20, 34, 7, 78, 29, 36, 23, 23, 39, 44, 62)
line 130: kNearestNeighbour 4 (5,7,10,9,9,4,4,9,4,10,4,8,5)
(47, 56, 20, 34, 7, 78, 29, 36, 23, 23, 39, 44, 62)(3, 59, 92, 24, 66, 20, 28, 20, 25, 32, 53, 24, 36)(59, 33, 95, 15, 74, 47, 46, 6, 27, 28, 3, 1, 7)(35, 29, 19, 58, 49, 57, 20, 96, 45, 86, 15, 20, 4)
line 131: kNearestNeighbour 8 (9,5,6,4,2,3,10,9,10,2,4,6,2)
(47, 56, 20, 34, 7, 78, 29, 36, 23, 23, 39, 44, 62)(3, 59, 92, 24, 66, 20, 28, 20, 25, 32, 53, 24, 36)(59, 33, 95, 15, 74, 47, 46, 6, 27, 28, 3, 1, 7)(35, 29, 19, 58, 49, 57, 20, 96, 45, 86, 15, 20, 4)(65, 50, 2, 1, 10, 16, 45, 80, 54, 43, 64, 5, 88)(38, 66, 29, 93, 49, 13, 14, 20, 62, 53, 74, 19, 32)(82, 53, 60, 14, 17, 5, 87, 96, 25, 31, 35, 64, 2)(27, 85, 6, 36, 86, 6, 40, 67, 76, 8, 96, 19, 1)
line 132: nearestNeighbour (4,10,7,2,5,6,5,7,3,4,5,10,1)
(47, 56, 20, 34, 7, 78, 29, 36, 23, 23, 39, 44, 62)
line 133: nearestNeighbour (2,3,3,1,6,7,6,6,10,7,9,8,7)
(47, 56, 20, 34, 7, 78, 29, 36, 23, 23, 39, 44, 62)
line 134: nearestNeighbour (6,5,6,1,9,9,1,3,3,2,4,5,5)
(47, 56, 20, 34, 7, 78, 29, 36, 23, 23, 39, 44, 62)
line 135: kNearestNeighbour 4 (6,1,2,10,7,10,2,8,4,2,2,3,2)
(47, 56, 20, 34, 7, 78, 29, 36, 23, 23, 39, 44, 62)(59, 33, 95, 15, 74, 47, 46, 6, 27, 28, 3, 1, 7)(3, 59, 92, 24, 66, 20, 28, 20, 25, 32, 53, 24, 36)(35, 29, 19, 58, 49, 57, 20, 96, 45, 86, 15, 20, 4)
line 136: kNearestNeighbour 7 (1,1,5,2,8,1,8,8,9,8,2,4,3)
(47, 56, 20, 34, 7, 78, 29, 36, 23, 23, 39, 44, 62)(3, 59, 92, 24, 66, 20, 28, 20, 25, 32, 53, 24, 36)(59, 33, 95, 15, 74, 47, 46, 6, 27, 28, 3, 1, 7)(35, 29, 19, 58, 49, 57, 20, 96, 45, 86, 15, 20, 4)(38, 66, 29, 93, 49, 13, 14, 20, 62, 53, 74, 19, 32)(65, 50, 2, 1, 10, 16, 45, 80, 54, 43, 64, 5, 88)(82, 53, 60, 14, 17, 5, 87, 96, 25, 31, 35, 64, 2)
line 137: kNearestNeighbour 1 (1,8,3,3,9,10,9,8,2,2,3,5,7)
(47, 56, 20, 34, 7, 78, 29, 36, 23, 23, 39, 44, 62)
line 138: kNearestNeighbour 8 (1,2,5,7,10,4,1,7,3,6,1,7,5)
(47, 56, 20, 34, 7, 78, 29, 36, 23, 23, 39, 44, 62)(3, 59, 92, 24, 66, 20, 28, 20, 25, 32, 53, 24, 36)(59, 33, 95, 15, 74, 47, 46, 6, 27, 28, 3, 1, 7)(35, 29, 19, 58, 49, 57, 20, 96, 45, 86, 15, 20, 4)(38, 66, 29, 93, 49, 13, 14, 20, 62, 53, 74, 19, 32)(65, 50, 2, 1, 10, 16, 45, 80, 54, 43, 64, 5, 88)(82, 53, 60, 14, 17, 5, 87, 96, 25, 31, 35, 64, 2)(14, 14, 11, 34, 92, 10, 78, 99, 43, 24, 79, 59, 30)
line 139: kNearestNeighbour 3 (9,7,7,3,2,4,9,10,10,3,8,3,4)
(47, 56, 20, 34, 7, 78, 29, 36, 23, 23, 39, 44, 62)(3, 59, 92, 24, 66, 20, 28, 20, 25, 32, 53, 24, 36)(59, 33, 95, 15, 74, 47, 46, 6, 27, 28, 3, 1, 7)
line 140: nearestNeighbour (7,1,6,6,1,9,8,5,9,7,3,1,7)
(47, 56, 20, 34, 7, 78, 29, 36, 23, 23, 39, 44, 62)
line 141: nearestNeighbour (4,10,9,8,3,5,9,5,4,3,4,1,8)
(47, 56, 20, 34, 7, 78, 29, 36, 23, 23, 39, 44, 62)
line 142: kNearestNeighbour 10 (4,1,1,7,7,8,6,1,1,7,2,1,6)
(47, 56, 20, 34, 7, 78, 29, 36, 23, 23, 39, 44, 62)(3, 59, 92, 24, 66, 20, 28, 20, 25, 32, 53, 24, 36)(59, 33, 95, 15, 74, 47, 46, 6, 27, 28, 3, 1, 7)(35, 29, 19, 58, 49, 57, 20, 96, 45, 86, 15, 20, 4)(38, 66, 29, 93, 49, 13, 14, 20, 62, 53, 74, 19, 32)(65, 50, 2, 1, 10, 16, 45, 80, 54, 43, 64, 5, 88)(82, 53, 60, 14, 17, 5, 87, 96, 25, 31, 35, 64, 2)(27, 85, 6, 36, 86, 6, 40, 67, 76, 8, 96, 19, 1)(14, 14, 11, 34, 92, 10, 78, 99, 43, 24, 79, 59, 30)(22, 5, 72, 90, 80, 63, 85, 44, 49, 32, 55, 73, 9)
line 143: kNearestNeighbour 7 (9,10,9,5,7,3,2,4,10,1,4,7,2)
(47, 56, 20, 34, 7, 78, 29, 36, 23, 23, 39, 44, 62)(3, 59, 92, 24, 66, 20, 28, 20, 25, 32, 53, 24, 36)(59, 33, 95, 15, 74, 47, 46, 6, 27, 28, 3, 1, 7)(38, 66, 29, 93, 49, 13, 14, 20, 62, 53, 74, 19, 32)(35, 29, 19, 58, 49, 57, 20, 96, 45, 86, 15, 20, 4)(65, 50, 2, 1, 10, 16, 45, 80, 54, 43, 64, 5, 88)(82, 53, 60, 14, 17, 5, 87, 96, 25, 31, 35, 64, 2)
line 144: nearestNeighbour (2,1,9,3,1,7,4,9,1,1,5,8,4)
(47, 56, 20, 34, 7, 78, 29, 36, 23, 23, 39, 44, 62)
line 145: nearestNeighbour (2,2,8,4,5,4,6,1,1,3,2,7,8)
(47, 56, 20, 34, 7, 78, 29, 36, 23, 23, 39, 44, 62)
line 146: nearestNeighbour (1,6,3,4,2,2,10,4,10,6,4,3,9)
(47, 56, 20, 34, 7, 78, 29, 36, 23, 23, 39, 44, 62)
line 147: kNearestNeighbour 7 (6,7,5,6,2,1,10,4,10,10,10,4,5)
(47, 56, 20, 34, 7, 78, 29, 36, 23, 23, 39, 44, 62)(3, 59, 92, 24, 66, 20, 28, 20, 25, 32, 53, 24, 36)(59, 33, 95, 15, 74, 47, 46, 6, 27, 28, 3, 1, 7)(38, 66, 29, 93, 49, 13, 14, 20, 62, 53, 74, 19, 32)(35, 29, 19, 58, 49, 57, 20, 96, 45, 86, 15, 20, 4)(65, 50, 2, 1, 10, 16, 45, 80, 54, 43, 64, 5, 88)(82, 53, 60, 14, 17, 5, 87, 96, 25, 31, 35, 64, 2)
line 148: kNearestNeighbour 9 (8,3,6,9,7,6,5,10,3,7,2,2,8)
(47, 56, 20, 34, 7, 78, 29, 36, 23, 23, 39, 44, 62)(3, 59, 92, 24, 66, 20, 28, 20, 25, 32, 53, 24, 36)(59, 33, 95, 15, 74, 47, 46, 6, 27, 28, 3, 1, 7)(35, 29, 19, 58, 49, 57, 20, 96, 45, 86, 15, 20, 4)(38, 66, 29, 93, 49, 13, 14, 20, 62, 53, 74, 19, 32)(65, 50, 2, 1, 10, 16, 45, 80, 54, 43, 64, 5, 88)(82, 53, 60, 14, 17, 5, 87, 96, 25, 31, 35, 64, 2)(14, 14, 11, 34, 92, 10, 78, 99, 43, 24, 79, 59, 30)(27, 85, 6, 36, 86, 6, 40, 67, 76, 8, 96, 19, 1)
line 149: nearestNeighbour (2,5,8,6,5,6,4,1,4,6,5,1,9)
(47, 56, 20, 34, 7, 78, 29, 36, 23, 23, 39, 44, 62)
line 150: nearestNeighbour (5,5,9,4,10,2,9,4,1,9,5,9,8)
(47, 56, 20, 34, 7, 78, 29, 36, 23, 23, 39, 44, 62)
line 151: nearestNeighbour (1,3,8,10,8,5,7,6,8,3,5,2,6)
(47, 56, 20, 34, 7, 78, 29, 36, 23, 23, 39, 44, 62)
line 152: kNearestNeighbour 1 (10,6,10,8,5,4,6,2,5,4,8,2,6)
(47, 56, 20, 34, 7, 78, 29, 36, 23, 23, 39, 44, 62)
line 153: kNearestNeighbour 1 (10,9,5,2,5,5,3,6,6,4,10,9,3)
(47, 56, 20, 34, 7, 78, 29, 36, 23, 23, 39, 44, 62)
line 154: nearestNeighbour (4,3,2,8,8,5,2,7,1,4,9,8,10)
(47, 56, 20, 34, 7, 78, 29, 36, 23, 23, 39, 44, 62)
line 155: kNearestNeighbour 2 (9,9,9,6,1,4,1,9,10,2,2,5,5)
(47, 56, 20, 34, 7, 78, 29, 36, 23, 23, 39, 44, 62)(3, 59, 92, 24, 66, 20, 28, 20, 25, 32, 53, 24, 36)
line 156: kNearestNeighbour 6 (9,9,5,1,3,2,8,5,9,6,1,4,6)
(47, 56, 20, 34, 7, 78, 29, 36, 23, 23, 39, 44, 62)(3, 59, 92, 24, 66, 20, 28, 20, 25, 32, 53, 24, 36)(59, 33, 95, 15, 74, 47, 46, 6, 27, 28, 3, 1, 7)(65, 50, 2, 1, 10, 16, 45, 80, 54, 43, 64, 5, 88)(35, 29, 19, 58, 49, 57, 20, 96, 45, 86, 15, 20, 4)(38, 66, 29, 93, 49, 13, 14, 20, 62, 53, 74, 19, 32)
line 157: nearestNeighbour (10,5,8,2,4,4,5,3,10,7,8,5,4)
(47, 56, 20, 34, 7, 78, 29, 36, 23, 23, 39, 44, 62)
line 158: kNearestNeighbour 6 (10,5,5,8,7,9,8,10,6,9,9,6,5)
(47, 56, 20, 34, 7, 78, 29, 36, 23, 23, 39, 44, 62)(3, 59, 92, 24, 66, 20, 28, 20, 25, 32, 53, 24, 36)(59, 33, 95, 15, 74, 47, 46, 6, 27, 28, 3, 1, 7)(35, 29, 19, 58, 49, 57, 20, 96, 45, 86, 15, 20, 4)(38, 66, 29, 93, 49, 13, 14, 20, 62, 53, 74, 19, 32)(65, 50, 2, 1, 10, 16, 45, 80, 54, 43, 64, 5, 88)
line 159: nearestNeighbour (3,3,5,2,5,3,5,10,1,9,6,5,5)
(47, 56, 20, 34, 7, 78, 29, 36, 23, 23, 39, 44, 62)
line 160: nearestNeighbour (3,10,9,2,8,3,5,7,4,7,3,6,4)
(47, 56, 20, 34, 7, 78, 29, 36, 23, 23, 39, 44, 62)
line 161: kNearestNeighbour 1 (3,7,7,3,8,6,6,7,10,3,5,1,9)
(47, 56, 20, 34, 7, 78, 29, 36, 23, 23, 39, 44, 62)
line 162: nearestNeighbour (8,1,10,1,6,9,5,1,3,8,6,5,4)
(47, 56, 20, 34, 7, 78, 29, 36, 23, 23, 39, 44, 62)
line 163: kNearestNeighbour 7 (3,2,10,5,6,2,6,5,6,3,9,8,5)
(47, 56, 20, 34, 7, 78, 29, 36, 23, 23, 39, 44, 62)(3, 59, 92, 24, 66, 20, 28, 20, 25, 32, 53, 24, 36)(59, 33, 95, 15, 74, 47, 46, 6, 27, 28, 3, 1, 7)(38, 66, 29, 93, 49, 13, 14, 20, 62, 53, 74, 19, 32)(35, 29, 19, 58, 49, 57, 20, 96, 45, 86, 15, 20, 4)(65, 50, 2, 1, 10, 16, 45, 80, 54, 43, 64, 5, 88)(82, 53, 60, 14, 17, 5, 87, 96, 25, 31, 35, 64, 2)
line 164: nearestNeighbour (2,3,10,3,5,10,10,6,9,7,5,2,9)
(47, 56, 20, 34, 7, 78, 29, 36, 23, 23, 39, 44, 62)
line 165: kNearestNeighbour 5 (3,5,10,8,1,2,3,9,9,2,9,7,1)
(47, 56, 20, 34, 7, 78, 29, 36, 23, 23, 39, 44, 62)(3, 59, 92, 24, 66, 20, 28, 20, 25, 32, 53, 24, 36)(59, 33, 95, 15, 74, 47, 46, 6, 27, 28, 3, 1, 7)(35, 29, 19, 58, 49, 57, 20, 96, 45, 86, 15, 20, 4)(38, 66, 29, 93, 49, 13, 14, 20, 62, 53, 74, 19, 32)
line 166: kNearestNeighbour 8 (1,10,4,8,7,9,2,4,8,6,8,4,8)
