line 1: k=18
line 2: clear
line 3: buildTree 15
(45,91,39,16,50,92,61,93,63,68,65,65,35,16,64,100,78,74) (55,62,88,53,27,69,90,34,49,10,2,85,87,1,59,55,81,56) (36,86,79,71,90,65,92,52,63,91,76,20,30,53,55,3,44,49) (85,54,20,80,14,6,65,62,75,72,24,52,87,34,19,77,54,56) (91,20,31,9,5,56,70,99,97,82,50,80,13,64,78,100,84,77) (51,59,85,6,32,76,6,6,46,26,65,39,4,70,32,19,48,87) (19,41,55,52,56,11,48,65,1,1,15,99,95,90,49,71,6,60) (25,24,81,54,76,24,73,86,73,25,93,85,63,69,66,41,94,16) (59,76,19,40,49,30,22,8,68,45,83,28,67,32,84,94,89,59) (77,55,80,94,100,75,64,34,45,18,80,50,52,93,25,92,6,22) (99,93,65,23,5,60,77,34,43,80,34,5,46,47,58,35,33,57) (38,14,16,25,94,96,86,92,73,51,27,37,21,91,37,78,49,52) (72,76,8,41,62,63,41,100,19,38,29,50,17,8,80,75,23,67) (88,96,1,70,87,59,14,7,91,82,52,43,30,80,22,46,11,41) (19,91,52,86,75,31,57,11,13,28,27,98,99,63,36,51,9,68) 
line 4: nodeCount_height_leafCount
nodeCount=15;height=4;leafCount=8
line 5: inorderTraversal
(38, 14, 16, 25, 94, 96, 86, 92, 73, 51, 27, 37, 21, 91, 37, 78, 49, 52) (19, 41, 55, 52, 56, 11, 48, 65, 1, 1, 15, 99, 95, 90, 49, 71, 6, 60) (25, 24, 81, 54, 76, 24, 73, 86, 73, 25, 93, 85, 63, 69, 66, 41, 94, 16) (51, 59, 85, 6, 32, 76, 6, 6, 46, 26, 65, 39, 4, 70, 32, 19, 48, 87) (45, 91, 39, 16, 50, 92, 61, 93, 63, 68, 65, 65, 35, 16, 64, 100, 78, 74) (19, 91, 52, 86, 75, 31, 57, 11, 13, 28, 27, 98, 99, 63, 36, 51, 9, 68) (36, 86, 79, 71, 90, 65, 92, 52, 63, 91, 76, 20, 30, 53, 55, 3, 44, 49) (55, 62, 88, 53, 27, 69, 90, 34, 49, 10, 2, 85, 87, 1, 59, 55, 81, 56) (85, 54, 20, 80, 14, 6, 65, 62, 75, 72, 24, 52, 87, 34, 19, 77, 54, 56) (91, 20, 31, 9, 5, 56, 70, 99, 97, 82, 50, 80, 13, 64, 78, 100, 84, 77) (77, 55, 80, 94, 100, 75, 64, 34, 45, 18, 80, 50, 52, 93, 25, 92, 6, 22) (59, 76, 19, 40, 49, 30, 22, 8, 68, 45, 83, 28, 67, 32, 84, 94, 89, 59) (88, 96, 1, 70, 87, 59, 14, 7, 91, 82, 52, 43, 30, 80, 22, 46, 11, 41) (72, 76, 8, 41, 62, 63, 41, 100, 19, 38, 29, 50, 17, 8, 80, 75, 23, 67) (99, 93, 65, 23, 5, 60, 77, 34, 43, 80, 34, 5, 46, 47, 58, 35, 33, 57) 
line 6: preorderTraversal
(55, 62, 88, 53, 27, 69, 90, 34, 49, 10, 2, 85, 87, 1, 59, 55, 81, 56) (51, 59, 85, 6, 32, 76, 6, 6, 46, 26, 65, 39, 4, 70, 32, 19, 48, 87) (19, 41, 55, 52, 56, 11, 48, 65, 1, 1, 15, 99, 95, 90, 49, 71, 6, 60) (38, 14, 16, 25, 94, 96, 86, 92, 73, 51, 27, 37, 21, 91, 37, 78, 49, 52) (25, 24, 81, 54, 76, 24, 73, 86, 73, 25, 93, 85, 63, 69, 66, 41, 94, 16) (19, 91, 52, 86, 75, 31, 57, 11, 13, 28, 27, 98, 99, 63, 36, 51, 9, 68) (45, 91, 39, 16, 50, 92, 61, 93, 63, 68, 65, 65, 35, 16, 64, 100, 78, 74) (36, 86, 79, 71, 90, 65, 92, 52, 63, 91, 76, 20, 30, 53, 55, 3, 44, 49) (59, 76, 19, 40, 49, 30, 22, 8, 68, 45, 83, 28, 67, 32, 84, 94, 89, 59) (91, 20, 31, 9, 5, 56, 70, 99, 97, 82, 50, 80, 13, 64, 78, 100, 84, 77) (85, 54, 20, 80, 14, 6, 65, 62, 75, 72, 24, 52, 87, 34, 19, 77, 54, 56) (77, 55, 80, 94, 100, 75, 64, 34, 45, 18, 80, 50, 52, 93, 25, 92, 6, 22) (72, 76, 8, 41, 62, 63, 41, 100, 19, 38, 29, 50, 17, 8, 80, 75, 23, 67) (88, 96, 1, 70, 87, 59, 14, 7, 91, 82, 52, 43, 30, 80, 22, 46, 11, 41) (99, 93, 65, 23, 5, 60, 77, 34, 43, 80, 34, 5, 46, 47, 58, 35, 33, 57) 
line 7: postorderTraversal
(38, 14, 16, 25, 94, 96, 86, 92, 73, 51, 27, 37, 21, 91, 37, 78, 49, 52) (25, 24, 81, 54, 76, 24, 73, 86, 73, 25, 93, 85, 63, 69, 66, 41, 94, 16) (19, 41, 55, 52, 56, 11, 48, 65, 1, 1, 15, 99, 95, 90, 49, 71, 6, 60) (45, 91, 39, 16, 50, 92, 61, 93, 63, 68, 65, 65, 35, 16, 64, 100, 78, 74) (36, 86, 79, 71, 90, 65, 92, 52, 63, 91, 76, 20, 30, 53, 55, 3, 44, 49) (19, 91, 52, 86, 75, 31, 57, 11, 13, 28, 27, 98, 99, 63, 36, 51, 9, 68) (51, 59, 85, 6, 32, 76, 6, 6, 46, 26, 65, 39, 4, 70, 32, 19, 48, 87) (85, 54, 20, 80, 14, 6, 65, 62, 75, 72, 24, 52, 87, 34, 19, 77, 54, 56) (77, 55, 80, 94, 100, 75, 64, 34, 45, 18, 80, 50, 52, 93, 25, 92, 6, 22) (91, 20, 31, 9, 5, 56, 70, 99, 97, 82, 50, 80, 13, 64, 78, 100, 84, 77) (88, 96, 1, 70, 87, 59, 14, 7, 91, 82, 52, 43, 30, 80, 22, 46, 11, 41) (99, 93, 65, 23, 5, 60, 77, 34, 43, 80, 34, 5, 46, 47, 58, 35, 33, 57) (72, 76, 8, 41, 62, 63, 41, 100, 19, 38, 29, 50, 17, 8, 80, 75, 23, 67) (59, 76, 19, 40, 49, 30, 22, 8, 68, 45, 83, 28, 67, 32, 84, 94, 89, 59) (55, 62, 88, 53, 27, 69, 90, 34, 49, 10, 2, 85, 87, 1, 59, 55, 81, 56) 
line 8: nearestNeighbour (9,5,4,5,8,5,8,9,6,2,4,9,2,6,3,7,6,1)
(51, 59, 85, 6, 32, 76, 6, 6, 46, 26, 65, 39, 4, 70, 32, 19, 48, 87)
line 9: kNearestNeighbour 2 (3,1,5,4,6,5,2,2,3,10,2,5,5,6,4,7,5,2)
(51, 59, 85, 6, 32, 76, 6, 6, 46, 26, 65, 39, 4, 70, 32, 19, 48, 87)(72, 76, 8, 41, 62, 63, 41, 100, 19, 38, 29, 50, 17, 8, 80, 75, 23, 67)
line 10: nearestNeighbour (8,6,4,10,3,6,1,1,8,2,10,2,6,1,1,8,8,3)
(51, 59, 85, 6, 32, 76, 6, 6, 46, 26, 65, 39, 4, 70, 32, 19, 48, 87)
line 11: kNearestNeighbour 10 (2,2,10,2,3,10,1,6,8,4,2,8,9,4,7,9,2,3)
(51, 59, 85, 6, 32, 76, 6, 6, 46, 26, 65, 39, 4, 70, 32, 19, 48, 87)(72, 76, 8, 41, 62, 63, 41, 100, 19, 38, 29, 50, 17, 8, 80, 75, 23, 67)(19, 41, 55, 52, 56, 11, 48, 65, 1, 1, 15, 99, 95, 90, 49, 71, 6, 60)(99, 93, 65, 23, 5, 60, 77, 34, 43, 80, 34, 5, 46, 47, 58, 35, 33, 57)(85, 54, 20, 80, 14, 6, 65, 62, 75, 72, 24, 52, 87, 34, 19, 77, 54, 56)(59, 76, 19, 40, 49, 30, 22, 8, 68, 45, 83, 28, 67, 32, 84, 94, 89, 59)(19, 91, 52, 86, 75, 31, 57, 11, 13, 28, 27, 98, 99, 63, 36, 51, 9, 68)(55, 62, 88, 53, 27, 69, 90, 34, 49, 10, 2, 85, 87, 1, 59, 55, 81, 56)(88, 96, 1, 70, 87, 59, 14, 7, 91, 82, 52, 43, 30, 80, 22, 46, 11, 41)(38, 14, 16, 25, 94, 96, 86, 92, 73, 51, 27, 37, 21, 91, 37, 78, 49, 52)
line 12: nearestNeighbour (7,8,9,3,6,1,6,4,1,10,7,10,2,6,10,5,9,5)
(51, 59, 85, 6, 32, 76, 6, 6, 46, 26, 65, 39, 4, 70, 32, 19, 48, 87)
line 13: nearestNeighbour (10,3,8,1,8,9,1,5,4,2,3,10,3,4,6,4,5,7)
(51, 59, 85, 6, 32, 76, 6, 6, 46, 26, 65, 39, 4, 70, 32, 19, 48, 87)
line 14: nearestNeighbour (10,5,1,9,10,1,7,2,7,3,10,8,6,8,4,7,4,6)
(51, 59, 85, 6, 32, 76, 6, 6, 46, 26, 65, 39, 4, 70, 32, 19, 48, 87)
line 15: nearestNeighbour (5,8,7,6,4,9,1,7,9,10,7,2,6,10,10,4,3,8)
(51, 59, 85, 6, 32, 76, 6, 6, 46, 26, 65, 39, 4, 70, 32, 19, 48, 87)
line 16: nearestNeighbour (1,1,7,6,4,6,1,4,9,8,10,2,6,3,2,5,4,9)
(51, 59, 85, 6, 32, 76, 6, 6, 46, 26, 65, 39, 4, 70, 32, 19, 48, 87)
line 17: nearestNeighbour (4,5,6,10,4,10,7,10,6,6,8,3,10,8,7,1,8,10)
(51, 59, 85, 6, 32, 76, 6, 6, 46, 26, 65, 39, 4, 70, 32, 19, 48, 87)
line 18: kNearestNeighbour 6 (2,7,3,5,4,6,3,6,4,6,10,4,6,4,3,8,2,9)
(51, 59, 85, 6, 32, 76, 6, 6, 46, 26, 65, 39, 4, 70, 32, 19, 48, 87)(72, 76, 8, 41, 62, 63, 41, 100, 19, 38, 29, 50, 17, 8, 80, 75, 23, 67)(19, 41, 55, 52, 56, 11, 48, 65, 1, 1, 15, 99, 95, 90, 49, 71, 6, 60)(99, 93, 65, 23, 5, 60, 77, 34, 43, 80, 34, 5, 46, 47, 58, 35, 33, 57)(85, 54, 20, 80, 14, 6, 65, 62, 75, 72, 24, 52, 87, 34, 19, 77, 54, 56)(59, 76, 19, 40, 49, 30, 22, 8, 68, 45, 83, 28, 67, 32, 84, 94, 89, 59)
line 19: kNearestNeighbour 9 (2,9,3,9,2,10,8,10,10,10,9,6,10,7,8,5,1,5)
(51, 59, 85, 6, 32, 76, 6, 6, 46, 26, 65, 39, 4, 70, 32, 19, 48, 87)(72, 76, 8, 41, 62, 63, 41, 100, 19, 38, 29, 50, 17, 8, 80, 75, 23, 67)(99, 93, 65, 23, 5, 60, 77, 34, 43, 80, 34, 5, 46, 47, 58, 35, 33, 57)(19, 41, 55, 52, 56, 11, 48, 65, 1, 1, 15, 99, 95, 90, 49, 71, 6, 60)(85, 54, 20, 80, 14, 6, 65, 62, 75, 72, 24, 52, 87, 34, 19, 77, 54, 56)(59, 76, 19, 40, 49, 30, 22, 8, 68, 45, 83, 28, 67, 32, 84, 94, 89, 59)(19, 91, 52, 86, 75, 31, 57, 11, 13, 28, 27, 98, 99, 63, 36, 51, 9, 68)(88, 96, 1, 70, 87, 59, 14, 7, 91, 82, 52, 43, 30, 80, 22, 46, 11, 41)(55, 62, 88, 53, 27, 69, 90, 34, 49, 10, 2, 85, 87, 1, 59, 55, 81, 56)
line 20: kNearestNeighbour 1 (10,5,7,1,4,1,5,7,10,5,8,8,5,2,8,5,7,8)
(51, 59, 85, 6, 32, 76, 6, 6, 46, 26, 65, 39, 4, 70, 32, 19, 48, 87)
line 21: nearestNeighbour (8,3,6,5,7,6,4,1,5,4,1,3,5,4,8,1,6,5)
(51, 59, 85, 6, 32, 76, 6, 6, 46, 26, 65, 39, 4, 70, 32, 19, 48, 87)
line 22: kNearestNeighbour 6 (9,3,10,3,6,3,4,5,7,3,3,2,8,3,4,5,9,2)
(51, 59, 85, 6, 32, 76, 6, 6, 46, 26, 65, 39, 4, 70, 32, 19, 48, 87)(72, 76, 8, 41, 62, 63, 41, 100, 19, 38, 29, 50, 17, 8, 80, 75, 23, 67)(99, 93, 65, 23, 5, 60, 77, 34, 43, 80, 34, 5, 46, 47, 58, 35, 33, 57)(19, 41, 55, 52, 56, 11, 48, 65, 1, 1, 15, 99, 95, 90, 49, 71, 6, 60)(85, 54, 20, 80, 14, 6, 65, 62, 75, 72, 24, 52, 87, 34, 19, 77, 54, 56)(59, 76, 19, 40, 49, 30, 22, 8, 68, 45, 83, 28, 67, 32, 84, 94, 89, 59)
line 23: nearestNeighbour (6,1,3,9,10,7,7,6,9,3,5,1,3,1,7,5,5,2)
(51, 59, 85, 6, 32, 76, 6, 6, 46, 26, 65, 39, 4, 70, 32, 19, 48, 87)
line 24: kNearestNeighbour 4 (10,7,6,1,10,5,4,4,10,3,1,8,8,4,10,1,1,10)
(51, 59, 85, 6, 32, 76, 6, 6, 46, 26, 65, 39, 4, 70, 32, 19, 48, 87)(72, 76, 8, 41, 62, 63, 41, 100, 19, 38, 29, 50, 17, 8, 80, 75, 23, 67)(19, 41, 55, 52, 56, 11, 48, 65, 1, 1, 15, 99, 95, 90, 49, 71, 6, 60)(99, 93, 65, 23, 5, 60, 77, 34, 43, 80, 34, 5, 46, 47, 58, 35, 33, 57)
line 25: nearestNeighbour (9,2,9,8,7,4,4,9,3,7,5,1,9,2,3,9,1,1)
(51, 59, 85, 6, 32, 76, 6, 6, 46, 26, 65, 39, 4, 70, 32, 19, 48, 87)
line 26: nearestNeighbour (10,10,10,8,6,5,2,2,10,3,4,2,7,9,3,4,9,1)
(51, 59, 85, 6, 32, 76, 6, 6, 46, 26, 65, 39, 4, 70, 32, 19, 48, 87)
line 27: kNearestNeighbour 10 (7,9,8,2,3,6,3,7,5,7,4,1,9,9,3,8,9,10)
(51, 59, 85, 6, 32, 76, 6, 6, 46, 26, 65, 39, 4, 70, 32, 19, 48, 87)(72, 76, 8, 41, 62, 63, 41, 100, 19, 38, 29, 50, 17, 8, 80, 75, 23, 67)(99, 93, 65, 23, 5, 60, 77, 34, 43, 80, 34, 5, 46, 47, 58, 35, 33, 57)(19, 41, 55, 52, 56, 11, 48, 65, 1, 1, 15, 99, 95, 90, 49, 71, 6, 60)(85, 54, 20, 80, 14, 6, 65, 62, 75, 72, 24, 52, 87, 34, 19, 77, 54, 56)(59, 76, 19, 40, 49, 30, 22, 8, 68, 45, 83, 28, 67, 32, 84, 94, 89, 59)(19, 91, 52, 86, 75, 31, 57, 11, 13, 28, 27, 98, 99, 63, 36, 51, 9, 68)(88, 96, 1, 70, 87, 59, 14, 7, 91, 82, 52, 43, 30, 80, 22, 46, 11, 41)(55, 62, 88, 53, 27, 69, 90, 34, 49, 10, 2, 85, 87, 1, 59, 55, 81, 56)(38, 14, 16, 25, 94, 96, 86, 92, 73, 51, 27, 37, 21, 91, 37, 78, 49, 52)
line 28: kNearestNeighbour 6 (1,1,8,8,3,5,8,3,9,6,3,4,6,8,6,2,8,8)
(51, 59, 85, 6, 32, 76, 6, 6, 46, 26, 65, 39, 4, 70, 32, 19, 48, 87)(19, 41, 55, 52, 56, 11, 48, 65, 1, 1, 15, 99, 95, 90, 49, 71, 6, 60)(72, 76, 8, 41, 62, 63, 41, 100, 19, 38, 29, 50, 17, 8, 80, 75, 23, 67)(99, 93, 65, 23, 5, 60, 77, 34, 43, 80, 34, 5, 46, 47, 58, 35, 33, 57)(85, 54, 20, 80, 14, 6, 65, 62, 75, 72, 24, 52, 87, 34, 19, 77, 54, 56)(59, 76, 19, 40, 49, 30, 22, 8, 68, 45, 83, 28, 67, 32, 84, 94, 89, 59)
line 29: kNearestNeighbour 1 (1,9,10,8,5,1,9,1,9,2,8,3,6,4,2,3,2,1)
(51, 59, 85, 6, 32, 76, 6, 6, 46, 26, 65, 39, 4, 70, 32, 19, 48, 87)
line 30: nearestNeighbour (8,10,6,7,2,7,9,6,8,3,1,6,2,10,2,9,10,6)
(51, 59, 85, 6, 32, 76, 6, 6, 46, 26, 65, 39, 4, 70, 32, 19, 48, 87)
line 31: kNearestNeighbour 7 (6,3,4,8,10,9,3,5,8,5,5,7,1,8,9,5,8,5)
(51, 59, 85, 6, 32, 76, 6, 6, 46, 26, 65, 39, 4, 70, 32, 19, 48, 87)(72, 76, 8, 41, 62, 63, 41, 100, 19, 38, 29, 50, 17, 8, 80, 75, 23, 67)(19, 41, 55, 52, 56, 11, 48, 65, 1, 1, 15, 99, 95, 90, 49, 71, 6, 60)(99, 93, 65, 23, 5, 60, 77, 34, 43, 80, 34, 5, 46, 47, 58, 35, 33, 57)(85, 54, 20, 80, 14, 6, 65, 62, 75, 72, 24, 52, 87, 34, 19, 77, 54, 56)(59, 76, 19, 40, 49, 30, 22, 8, 68, 45, 83, 28, 67, 32, 84, 94, 89, 59)(19, 91, 52, 86, 75, 31, 57, 11, 13, 28, 27, 98, 99, 63, 36, 51, 9, 68)
line 32: nearestNeighbour (6,3,10,1,5,5,7,1,3,2,6,3,9,1,5,8,4,8)
(51, 59, 85, 6, 32, 76, 6, 6, 46, 26, 65, 39, 4, 70, 32, 19, 48, 87)
line 33: nearestNeighbour (9,7,6,1,8,1,2,3,8,6,3,7,9,10,9,10,6,9)
(51, 59, 85, 6, 32, 76, 6, 6, 46, 26, 65, 39, 4, 70, 32, 19, 48, 87)
line 34: nearestNeighbour (7,1,6,1,5,9,10,7,1,4,2,1,6,6,8,2,1,9)
(51, 59, 85, 6, 32, 76, 6, 6, 46, 26, 65, 39, 4, 70, 32, 19, 48, 87)
line 35: nearestNeighbour (7,7,5,4,9,10,4,7,9,4,7,9,2,6,9,3,10,1)
(51, 59, 85, 6, 32, 76, 6, 6, 46, 26, 65, 39, 4, 70, 32, 19, 48, 87)
line 36: kNearestNeighbour 6 (5,8,8,4,7,5,6,10,7,3,1,7,1,3,2,10,4,6)
(51, 59, 85, 6, 32, 76, 6, 6, 46, 26, 65, 39, 4, 70, 32, 19, 48, 87)(72, 76, 8, 41, 62, 63, 41, 100, 19, 38, 29, 50, 17, 8, 80, 75, 23, 67)(19, 41, 55, 52, 56, 11, 48, 65, 1, 1, 15, 99, 95, 90, 49, 71, 6, 60)(99, 93, 65, 23, 5, 60, 77, 34, 43, 80, 34, 5, 46, 47, 58, 35, 33, 57)(85, 54, 20, 80, 14, 6, 65, 62, 75, 72, 24, 52, 87, 34, 19, 77, 54, 56)(19, 91, 52, 86, 75, 31, 57, 11, 13, 28, 27, 98, 99, 63, 36, 51, 9, 68)
line 37: nearestNeighbour (9,8,4,9,7,2,5,10,5,4,5,9,10,8,6,4,8,9)
(51, 59, 85, 6, 32, 76, 6, 6, 46, 26, 65, 39, 4, 70, 32, 19, 48, 87)
line 38: nearestNeighbour (3,3,3,2,6,4,5,2,10,9,7,8,9,2,2,9,4,3)
(51, 59, 85, 6, 32, 76, 6, 6, 46, 26, 65, 39, 4, 70, 32, 19, 48, 87)
line 39: nearestNeighbour (4,7,1,5,3,4,10,9,3,1,3,6,10,1,8,5,3,4)
(51, 59, 85, 6, 32, 76, 6, 6, 46, 26, 65, 39, 4, 70, 32, 19, 48, 87)
line 40: nearestNeighbour (8,2,7,8,3,8,9,6,9,10,7,5,10,1,10,3,7,4)
(51, 59, 85, 6, 32, 76, 6, 6, 46, 26, 65, 39, 4, 70, 32, 19, 48, 87)
line 41: nearestNeighbour (7,3,10,10,5,7,10,6,5,10,1,8,10,9,8,7,4,7)
(51, 59, 85, 6, 32, 76, 6, 6, 46, 26, 65, 39, 4, 70, 32, 19, 48, 87)
line 42: nearestNeighbour (7,2,9,10,4,6,4,9,4,5,2,1,2,2,6,10,8,4)
(51, 59, 85, 6, 32, 76, 6, 6, 46, 26, 65, 39, 4, 70, 32, 19, 48, 87)
line 43: kNearestNeighbour 4 (10,6,1,5,9,2,5,5,10,7,10,5,2,8,10,6,2,3)
(51, 59, 85, 6, 32, 76, 6, 6, 46, 26, 65, 39, 4, 70, 32, 19, 48, 87)(72, 76, 8, 41, 62, 63, 41, 100, 19, 38, 29, 50, 17, 8, 80, 75, 23, 67)(99, 93, 65, 23, 5, 60, 77, 34, 43, 80, 34, 5, 46, 47, 58, 35, 33, 57)(19, 41, 55, 52, 56, 11, 48, 65, 1, 1, 15, 99, 95, 90, 49, 71, 6, 60)
line 44: nearestNeighbour (9,8,1,1,10,10,9,4,10,1,8,2,7,9,10,4,10,9)
(51, 59, 85, 6, 32, 76, 6, 6, 46, 26, 65, 39, 4, 70, 32, 19, 48, 87)
line 45: nearestNeighbour (6,2,10,8,1,5,1,4,3,10,7,4,1,1,10,4,5,10)
(51, 59, 85, 6, 32, 76, 6, 6, 46, 26, 65, 39, 4, 70, 32, 19, 48, 87)
line 46: nearestNeighbour (10,9,2,3,4,6,4,10,5,7,6,1,2,5,5,6,6,9)
(51, 59, 85, 6, 32, 76, 6, 6, 46, 26, 65, 39, 4, 70, 32, 19, 48, 87)
line 47: kNearestNeighbour 2 (10,8,9,1,9,2,2,7,8,7,8,9,7,10,2,2,10,10)
(51, 59, 85, 6, 32, 76, 6, 6, 46, 26, 65, 39, 4, 70, 32, 19, 48, 87)(72, 76, 8, 41, 62, 63, 41, 100, 19, 38, 29, 50, 17, 8, 80, 75, 23, 67)
line 48: kNearestNeighbour 4 (2,8,1,7,8,2,2,5,5,8,6,1,10,6,6,7,3,7)
(51, 59, 85, 6, 32, 76, 6, 6, 46, 26, 65, 39, 4, 70, 32, 19, 48, 87)(72, 76, 8, 41, 62, 63, 41, 100, 19, 38, 29, 50, 17, 8, 80, 75, 23, 67)(19, 41, 55, 52, 56, 11, 48, 65, 1, 1, 15, 99, 95, 90, 49, 71, 6, 60)(99, 93, 65, 23, 5, 60, 77, 34, 43, 80, 34, 5, 46, 47, 58, 35, 33, 57)
line 49: kNearestNeighbour 8 (4,6,8,4,6,3,1,8,8,9,4,8,9,1,1,9,8,3)
(51, 59, 85, 6, 32, 76, 6, 6, 46, 26, 65, 39, 4, 70, 32, 19, 48, 87)(72, 76, 8, 41, 62, 63, 41, 100, 19, 38, 29, 50, 17, 8, 80, 75, 23, 67)(19, 41, 55, 52, 56, 11, 48, 65, 1, 1, 15, 99, 95, 90, 49, 71, 6, 60)(99, 93, 65, 23, 5, 60, 77, 34, 43, 80, 34, 5, 46, 47, 58, 35, 33, 57)(85, 54, 20, 80, 14, 6, 65, 62, 75, 72, 24, 52, 87, 34, 19, 77, 54, 56)(59, 76, 19, 40, 49, 30, 22, 8, 68, 45, 83, 28, 67, 32, 84, 94, 89, 59)(19, 91, 52, 86, 75, 31, 57, 11, 13, 28, 27, 98, 99, 63, 36, 51, 9, 68)(88, 96, 1, 70, 87, 59, 14, 7, 91, 82, 52, 43, 30, 80, 22, 46, 11, 41)
line 50: kNearestNeighbour 7 (5,10,8,5,6,8,9,10,10,2,6,5,10,8,8,10,3,7)
(51, 59, 85, 6, 32, 76, 6, 6, 46, 26, 65, 39, 4, 70, 32, 19, 48, 87)(72, 76, 8, 41, 62, 63, 41, 100, 19, 38, 29, 50, 17, 8, 80, 75, 23, 67)(19, 41, 55, 52, 56, 11, 48, 65, 1, 1, 15, 99, 95, 90, 49, 71, 6, 60)(99, 93, 65, 23, 5, 60, 77, 34, 43, 80, 34, 5, 46, 47, 58, 35, 33, 57)(85, 54, 20, 80, 14, 6, 65, 62, 75, 72, 24, 52, 87, 34, 19, 77, 54, 56)(59, 76, 19, 40, 49, 30, 22, 8, 68, 45, 83, 28, 67, 32, 84, 94, 89, 59)(19, 91, 52, 86, 75, 31, 57, 11, 13, 28, 27, 98, 99, 63, 36, 51, 9, 68)
line 51: kNearestNeighbour 4 (9,2,8,7,10,2,1,9,10,9,8,5,6,5,1,5,9,7)
(51, 59, 85, 6, 32, 76, 6, 6, 46, 26, 65, 39, 4, 70, 32, 19, 48, 87)(72, 76, 8, 41, 62, 63, 41, 100, 19, 38, 29, 50, 17, 8, 80, 75, 23, 67)(19, 41, 55, 52, 56, 11, 48, 65, 1, 1, 15, 99, 95, 90, 49, 71, 6, 60)(99, 93, 65, 23, 5, 60, 77, 34, 43, 80, 34, 5, 46, 47, 58, 35, 33, 57)
line 52: kNearestNeighbour 3 (4,8,2,1,8,1,3,6,7,10,6,9,1,6,1,5,6,8)
(51, 59, 85, 6, 32, 76, 6, 6, 46, 26, 65, 39, 4, 70, 32, 19, 48, 87)(72, 76, 8, 41, 62, 63, 41, 100, 19, 38, 29, 50, 17, 8, 80, 75, 23, 67)(19, 41, 55, 52, 56, 11, 48, 65, 1, 1, 15, 99, 95, 90, 49, 71, 6, 60)
line 53: kNearestNeighbour 1 (8,2,4,9,7,2,6,2,5,6,2,2,1,6,5,5,7,4)
(51, 59, 85, 6, 32, 76, 6, 6, 46, 26, 65, 39, 4, 70, 32, 19, 48, 87)
line 54: nearestNeighbour (3,1,2,2,7,9,6,9,3,3,4,5,9,6,10,1,1,3)
(51, 59, 85, 6, 32, 76, 6, 6, 46, 26, 65, 39, 4, 70, 32, 19, 48, 87)
line 55: kNearestNeighbour 5 (9,7,7,6,9,3,10,6,9,9,4,5,2,9,1,9,10,8)
(51, 59, 85, 6, 32, 76, 6, 6, 46, 26, 65, 39, 4, 70, 32, 19, 48, 87)(72, 76, 8, 41, 62, 63, 41, 100, 19, 38, 29, 50, 17, 8, 80, 75, 23, 67)(99, 93, 65, 23, 5, 60, 77, 34, 43, 80, 34, 5, 46, 47, 58, 35, 33, 57)(19, 41, 55, 52, 56, 11, 48, 65, 1, 1, 15, 99, 95, 90, 49, 71, 6, 60)(85, 54, 20, 80, 14, 6, 65, 62, 75, 72, 24, 52, 87, 34, 19, 77, 54, 56)
line 56: nearestNeighbour (1,10,9,6,8,5,3,9,8,10,6,5,1,5,9,5,2,2)
(51, 59, 85, 6, 32, 76, 6, 6, 46, 26, 65, 39, 4, 70, 32, 19, 48, 87)
line 57: nearestNeighbour (2,4,9,8,1,2,4,4,10,5,10,5,3,10,2,4,8,8)
(51, 59, 85, 6, 32, 76, 6, 6, 46, 26, 65, 39, 4, 70, 32, 19, 48, 87)
line 58: kNearestNeighbour 5 (10,2,7,3,6,3,8,9,10,9,1,4,4,5,5,10,3,6)
(51, 59, 85, 6, 32, 76, 6, 6, 46, 26, 65, 39, 4, 70, 32, 19, 48, 87)(72, 76, 8, 41, 62, 63, 41, 100, 19, 38, 29, 50, 17, 8, 80, 75, 23, 67)(99, 93, 65, 23, 5, 60, 77, 34, 43, 80, 34, 5, 46, 47, 58, 35, 33, 57)(19, 41, 55, 52, 56, 11, 48, 65, 1, 1, 15, 99, 95, 90, 49, 71, 6, 60)(85, 54, 20, 80, 14, 6, 65, 62, 75, 72, 24, 52, 87, 34, 19, 77, 54, 56)
line 59: kNearestNeighbour 5 (2,3,7,3,3,9,9,1,5,8,7,8,1,2,8,2,9,4)
(51, 59, 85, 6, 32, 76, 6, 6, 46, 26, 65, 39, 4, 70, 32, 19, 48, 87)(72, 76, 8, 41, 62, 63, 41, 100, 19, 38, 29, 50, 17, 8, 80, 75, 23, 67)(99, 93, 65, 23, 5, 60, 77, 34, 43, 80, 34, 5, 46, 47, 58, 35, 33, 57)(19, 41, 55, 52, 56, 11, 48, 65, 1, 1, 15, 99, 95, 90, 49, 71, 6, 60)(85, 54, 20, 80, 14, 6, 65, 62, 75, 72, 24, 52, 87, 34, 19, 77, 54, 56)
line 60: kNearestNeighbour 7 (4,8,2,6,5,4,3,8,1,9,3,6,1,4,3,1,1,4)
(51, 59, 85, 6, 32, 76, 6, 6, 46, 26, 65, 39, 4, 70, 32, 19, 48, 87)(72, 76, 8, 41, 62, 63, 41, 100, 19, 38, 29, 50, 17, 8, 80, 75, 23, 67)(19, 41, 55, 52, 56, 11, 48, 65, 1, 1, 15, 99, 95, 90, 49, 71, 6, 60)(99, 93, 65, 23, 5, 60, 77, 34, 43, 80, 34, 5, 46, 47, 58, 35, 33, 57)(85, 54, 20, 80, 14, 6, 65, 62, 75, 72, 24, 52, 87, 34, 19, 77, 54, 56)(19, 91, 52, 86, 75, 31, 57, 11, 13, 28, 27, 98, 99, 63, 36, 51, 9, 68)(59, 76, 19, 40, 49, 30, 22, 8, 68, 45, 83, 28, 67, 32, 84, 94, 89, 59)
line 61: nearestNeighbour (7,3,10,1,2,10,3,3,4,3,4,9,7,8,3,3,1,1)
(51, 59, 85, 6, 32, 76, 6, 6, 46, 26, 65, 39, 4, 70, 32, 19, 48, 87)
line 62: kNearestNeighbour 5 (3,5,8,5,7,9,5,2,5,8,3,9,10,8,5,8,6,9)
(51, 59, 85, 6, 32, 76, 6, 6, 46, 26, 65, 39, 4, 70, 32, 19, 48, 87)(19, 41, 55, 52, 56, 11, 48, 65, 1, 1, 15, 99, 95, 90, 49, 71, 6, 60)(72, 76, 8, 41, 62, 63, 41, 100, 19, 38, 29, 50, 17, 8, 80, 75, 23, 67)(99, 93, 65, 23, 5, 60, 77, 34, 43, 80, 34, 5, 46, 47, 58, 35, 33, 57)(85, 54, 20, 80, 14, 6, 65, 62, 75, 72, 24, 52, 87, 34, 19, 77, 54, 56)
line 63: kNearestNeighbour 5 (6,8,9,4,6,7,4,7,10,1,3,7,4,4,7,3,1,7)
(51, 59, 85, 6, 32, 76, 6, 6, 46, 26, 65, 39, 4, 70, 32, 19, 48, 87)(72, 76, 8, 41, 62, 63, 41, 100, 19, 38, 29, 50, 17, 8, 80, 75, 23, 67)(19, 41, 55, 52, 56, 11, 48, 65, 1, 1, 15, 99, 95, 90, 49, 71, 6, 60)(99, 93, 65, 23, 5, 60, 77, 34, 43, 80, 34, 5, 46, 47, 58, 35, 33, 57)(85, 54, 20, 80, 14, 6, 65, 62, 75, 72, 24, 52, 87, 34, 19, 77, 54, 56)
line 64: kNearestNeighbour 4 (5,2,10,2,4,4,8,5,5,3,10,1,3,4,1,7,3,5)
(51, 59, 85, 6, 32, 76, 6, 6, 46, 26, 65, 39, 4, 70, 32, 19, 48, 87)(72, 76, 8, 41, 62, 63, 41, 100, 19, 38, 29, 50, 17, 8, 80, 75, 23, 67)(99, 93, 65, 23, 5, 60, 77, 34, 43, 80, 34, 5, 46, 47, 58, 35, 33, 57)(19, 41, 55, 52, 56, 11, 48, 65, 1, 1, 15, 99, 95, 90, 49, 71, 6, 60)
line 65: kNearestNeighbour 5 (5,3,6,3,1,6,10,6,7,6,9,8,9,3,1,2,4,10)
(51, 59, 85, 6, 32, 76, 6, 6, 46, 26, 65, 39, 4, 70, 32, 19, 48, 87)(72, 76, 8, 41, 62, 63, 41, 100, 19, 38, 29, 50, 17, 8, 80, 75, 23, 67)(99, 93, 65, 23, 5, 60, 77, 34, 43, 80, 34, 5, 46, 47, 58, 35, 33, 57)(19, 41, 55, 52, 56, 11, 48, 65, 1, 1, 15, 99, 95, 90, 49, 71, 6, 60)(85, 54, 20, 80, 14, 6, 65, 62, 75, 72, 24, 52, 87, 34, 19, 77, 54, 56)
line 66: nearestNeighbour (10,6,3,3,6,8,3,8,6,8,7,2,3,10,10,9,1,3)
(51, 59, 85, 6, 32, 76, 6, 6, 46, 26, 65, 39, 4, 70, 32, 19, 48, 87)
line 67: kNearestNeighbour 8 (8,10,8,9,4,8,1,7,7,4,9,7,4,7,4,4,10,3)
(51, 59, 85, 6, 32, 76, 6, 6, 46, 26, 65, 39, 4, 70, 32, 19, 48, 87)(72, 76, 8, 41, 62, 63, 41, 100, 19, 38, 29, 50, 17, 8, 80, 75, 23, 67)(99, 93, 65, 23, 5, 60, 77, 34, 43, 80, 34, 5, 46, 47, 58, 35, 33, 57)(19, 41, 55, 52, 56, 11, 48, 65, 1, 1, 15, 99, 95, 90, 49, 71, 6, 60)(85, 54, 20, 80, 14, 6, 65, 62, 75, 72, 24, 52, 87, 34, 19, 77, 54, 56)(59, 76, 19, 40, 49, 30, 22, 8, 68, 45, 83, 28, 67, 32, 84, 94, 89, 59)(19, 91, 52, 86, 75, 31, 57, 11, 13, 28, 27, 98, 99, 63, 36, 51, 9, 68)(88, 96, 1, 70, 87, 59, 14, 7, 91, 82, 52, 43, 30, 80, 22, 46, 11, 41)
line 68: nearestNeighbour (2,4,8,8,1,1,5,4,1,9,2,9,1,5,9,1,2,5)
(51, 59, 85, 6, 32, 76, 6, 6, 46, 26, 65, 39, 4, 70, 32, 19, 48, 87)
line 69: kNearestNeighbour 10 (8,3,9,7,2,1,1,4,4,10,5,10,6,10,8,7,1,5)
(51, 59, 85, 6, 32, 76, 6, 6, 46, 26, 65, 39, 4, 70, 32, 19, 48, 87)(19, 41, 55, 52, 56, 11, 48, 65, 1, 1, 15, 99, 95, 90, 49, 71, 6, 60)(72, 76, 8, 41, 62, 63, 41, 100, 19, 38, 29, 50, 17, 8, 80, 75, 23, 67)(99, 93, 65, 23, 5, 60, 77, 34, 43, 80, 34, 5, 46, 47, 58, 35, 33, 57)(85, 54, 20, 80, 14, 6, 65, 62, 75, 72, 24, 52, 87, 34, 19, 77, 54, 56)(19, 91, 52, 86, 75, 31, 57, 11, 13, 28, 27, 98, 99, 63, 36, 51, 9, 68)(59, 76, 19, 40, 49, 30, 22, 8, 68, 45, 83, 28, 67, 32, 84, 94, 89, 59)(88, 96, 1, 70, 87, 59, 14, 7, 91, 82, 52, 43, 30, 80, 22, 46, 11, 41)(55, 62, 88, 53, 27, 69, 90, 34, 49, 10, 2, 85, 87, 1, 59, 55, 81, 56)(38, 14, 16, 25, 94, 96, 86, 92, 73, 51, 27, 37, 21, 91, 37, 78, 49, 52)
line 70: nearestNeighbour (3,1,7,10,4,10,7,8,9,10,9,6,1,2,9,4,3,3)
(51, 59, 85, 6, 32, 76, 6, 6, 46, 26, 65, 39, 4, 70, 32, 19, 48, 87)
line 71: nearestNeighbour (4,1,5,7,10,9,8,5,10,1,3,7,6,5,6,7,8,5)
(51, 59, 85, 6, 32, 76, 6, 6, 46, 26, 65, 39, 4, 70, 32, 19, 48, 87)
line 72: nearestNeighbour (7,1,9,7,1,5,6,5,6,9,1,4,6,4,8,5,8,6)
(51, 59, 85, 6, 32, 76, 6, 6, 46, 26, 65, 39, 4, 70, 32, 19, 48, 87)
line 73: nearestNeighbour (7,7,9,3,8,9,5,7,4,6,1,6,8,9,4,7,10,9)
(51, 59, 85, 6, 32, 76, 6, 6, 46, 26, 65, 39, 4, 70, 32, 19, 48, 87)
line 74: kNearestNeighbour 9 (6,8,7,4,5,5,5,10,2,7,4,8,4,4,2,6,5,9)
(51, 59, 85, 6, 32, 76, 6, 6, 46, 26, 65, 39, 4, 70, 32, 19, 48, 87)(72, 76, 8, 41, 62, 63, 41, 100, 19, 38, 29, 50, 17, 8, 80, 75, 23, 67)(19, 41, 55, 52, 56, 11, 48, 65, 1, 1, 15, 99, 95, 90, 49, 71, 6, 60)(99, 93, 65, 23, 5, 60, 77, 34, 43, 80, 34, 5, 46, 47, 58, 35, 33, 57)(85, 54, 20, 80, 14, 6, 65, 62, 75, 72, 24, 52, 87, 34, 19, 77, 54, 56)(19, 91, 52, 86, 75, 31, 57, 11, 13, 28, 27, 98, 99, 63, 36, 51, 9, 68)(59, 76, 19, 40, 49, 30, 22, 8, 68, 45, 83, 28, 67, 32, 84, 94, 89, 59)(88, 96, 1, 70, 87, 59, 14, 7, 91, 82, 52, 43, 30, 80, 22, 46, 11, 41)(55, 62, 88, 53, 27, 69, 90, 34, 49, 10, 2, 85, 87, 1, 59, 55, 81, 56)
line 75: kNearestNeighbour 4 (7,7,9,10,1,7,4,4,2,9,9,9,8,9,8,8,4,4)
(51, 59, 85, 6, 32, 76, 6, 6, 46, 26, 65, 39, 4, 70, 32, 19, 48, 87)(72, 76, 8, 41, 62, 63, 41, 100, 19, 38, 29, 50, 17, 8, 80, 75, 23, 67)(19, 41, 55, 52, 56, 11, 48, 65, 1, 1, 15, 99, 95, 90, 49, 71, 6, 60)(99, 93, 65, 23, 5, 60, 77, 34, 43, 80, 34, 5, 46, 47, 58, 35, 33, 57)
line 76: kNearestNeighbour 10 (1,1,10,7,8,10,7,9,7,9,2,3,8,10,1,8,9,10)
(51, 59, 85, 6, 32, 76, 6, 6, 46, 26, 65, 39, 4, 70, 32, 19, 48, 87)(72, 76, 8, 41, 62, 63, 41, 100, 19, 38, 29, 50, 17, 8, 80, 75, 23, 67)(19, 41, 55, 52, 56, 11, 48, 65, 1, 1, 15, 99, 95, 90, 49, 71, 6, 60)(99, 93, 65, 23, 5, 60, 77, 34, 43, 80, 34, 5, 46, 47, 58, 35, 33, 57)(85, 54, 20, 80, 14, 6, 65, 62, 75, 72, 24, 52, 87, 34, 19, 77, 54, 56)(19, 91, 52, 86, 75, 31, 57, 11, 13, 28, 27, 98, 99, 63, 36, 51, 9, 68)(59, 76, 19, 40, 49, 30, 22, 8, 68, 45, 83, 28, 67, 32, 84, 94, 89, 59)(55, 62, 88, 53, 27, 69, 90, 34, 49, 10, 2, 85, 87, 1, 59, 55, 81, 56)(38, 14, 16, 25, 94, 96, 86, 92, 73, 51, 27, 37, 21, 91, 37, 78, 49, 52)(88, 96, 1, 70, 87, 59, 14, 7, 91, 82, 52, 43, 30, 80, 22, 46, 11, 41)
line 77: nearestNeighbour (4,7,4,3,5,7,4,6,3,5,8,9,10,6,2,1,1,2)
(51, 59, 85, 6, 32, 76, 6, 6, 46, 26, 65, 39, 4, 70, 32, 19, 48, 87)
line 78: nearestNeighbour (3,5,5,8,9,2,3,1,1,7,1,10,4,7,5,10,6,9)
(51, 59, 85, 6, 32, 76, 6, 6, 46, 26, 65, 39, 4, 70, 32, 19, 48, 87)
line 79: nearestNeighbour (3,10,10,6,10,9,6,9,5,9,10,6,4,9,2,5,3,6)
(51, 59, 85, 6, 32, 76, 6, 6, 46, 26, 65, 39, 4, 70, 32, 19, 48, 87)
line 80: nearestNeighbour (9,5,6,3,7,8,8,9,10,2,3,8,3,8,7,6,8,9)
(51, 59, 85, 6, 32, 76, 6, 6, 46, 26, 65, 39, 4, 70, 32, 19, 48, 87)
line 81: nearestNeighbour (3,8,10,10,9,3,7,7,7,8,10,1,7,2,6,8,8,10)
(51, 59, 85, 6, 32, 76, 6, 6, 46, 26, 65, 39, 4, 70, 32, 19, 48, 87)
line 82: kNearestNeighbour 4 (3,6,5,6,4,1,9,3,10,2,10,2,5,10,1,1,5,1)
(51, 59, 85, 6, 32, 76, 6, 6, 46, 26, 65, 39, 4, 70, 32, 19, 48, 87)(99, 93, 65, 23, 5, 60, 77, 34, 43, 80, 34, 5, 46, 47, 58, 35, 33, 57)(19, 41, 55, 52, 56, 11, 48, 65, 1, 1, 15, 99, 95, 90, 49, 71, 6, 60)(72, 76, 8, 41, 62, 63, 41, 100, 19, 38, 29, 50, 17, 8, 80, 75, 23, 67)
line 83: nearestNeighbour (8,9,10,8,8,9,5,2,8,4,2,3,6,10,3,2,9,10)
(51, 59, 85, 6, 32, 76, 6, 6, 46, 26, 65, 39, 4, 70, 32, 19, 48, 87)
line 84: nearestNeighbour (4,5,9,2,5,10,9,8,8,2,7,8,9,9,10,10,7,7)
(51, 59, 85, 6, 32, 76, 6, 6, 46, 26, 65, 39, 4, 70, 32, 19, 48, 87)
line 85: kNearestNeighbour 10 (10,7,6,5,10,5,4,2,2,1,9,1,2,3,6,5,5,7)
(51, 59, 85, 6, 32, 76, 6, 6, 46, 26, 65, 39, 4, 70, 32, 19, 48, 87)(72, 76, 8, 41, 62, 63, 41, 100, 19, 38, 29, 50, 17, 8, 80, 75, 23, 67)(99, 93, 65, 23, 5, 60, 77, 34, 43, 80, 34, 5, 46, 47, 58, 35, 33, 57)(19, 41, 55, 52, 56, 11, 48, 65, 1, 1, 15, 99, 95, 90, 49, 71, 6, 60)(59, 76, 19, 40, 49, 30, 22, 8, 68, 45, 83, 28, 67, 32, 84, 94, 89, 59)(85, 54, 20, 80, 14, 6, 65, 62, 75, 72, 24, 52, 87, 34, 19, 77, 54, 56)(19, 91, 52, 86, 75, 31, 57, 11, 13, 28, 27, 98, 99, 63, 36, 51, 9, 68)(88, 96, 1, 70, 87, 59, 14, 7, 91, 82, 52, 43, 30, 80, 22, 46, 11, 41)(55, 62, 88, 53, 27, 69, 90, 34, 49, 10, 2, 85, 87, 1, 59, 55, 81, 56)(38, 14, 16, 25, 94, 96, 86, 92, 73, 51, 27, 37, 21, 91, 37, 78, 49, 52)
line 86: kNearestNeighbour 4 (9,4,4,7,8,8,2,8,7,7,7,6,8,9,1,5,1,7)
(51, 59, 85, 6, 32, 76, 6, 6, 46, 26, 65, 39, 4, 70, 32, 19, 48, 87)(72, 76, 8, 41, 62, 63, 41, 100, 19, 38, 29, 50, 17, 8, 80, 75, 23, 67)(19, 41, 55, 52, 56, 11, 48, 65, 1, 1, 15, 99, 95, 90, 49, 71, 6, 60)(99, 93, 65, 23, 5, 60, 77, 34, 43, 80, 34, 5, 46, 47, 58, 35, 33, 57)
line 87: kNearestNeighbour 4 (10,3,3,8,8,6,2,7,10,6,2,6,10,8,5,2,10,7)
(51, 59, 85, 6, 32, 76, 6, 6, 46, 26, 65, 39, 4, 70, 32, 19, 48, 87)(72, 76, 8, 41, 62, 63, 41, 100, 19, 38, 29, 50, 17, 8, 80, 75, 23, 67)(19, 41, 55, 52, 56, 11, 48, 65, 1, 1, 15, 99, 95, 90, 49, 71, 6, 60)(99, 93, 65, 23, 5, 60, 77, 34, 43, 80, 34, 5, 46, 47, 58, 35, 33, 57)
line 88: nearestNeighbour (4,2,5,8,7,10,4,2,2,7,5,8,8,7,8,1,6,6)
(51, 59, 85, 6, 32, 76, 6, 6, 46, 26, 65, 39, 4, 70, 32, 19, 48, 87)
line 89: kNearestNeighbour 9 (9,2,8,4,7,10,2,2,4,6,6,7,3,6,4,10,4,7)
(51, 59, 85, 6, 32, 76, 6, 6, 46, 26, 65, 39, 4, 70, 32, 19, 48, 87)(72, 76, 8, 41, 62, 63, 41, 100, 19, 38, 29, 50, 17, 8, 80, 75, 23, 67)(19, 41, 55, 52, 56, 11, 48, 65, 1, 1, 15, 99, 95, 90, 49, 71, 6, 60)(99, 93, 65, 23, 5, 60, 77, 34, 43, 80, 34, 5, 46, 47, 58, 35, 33, 57)(85, 54, 20, 80, 14, 6, 65, 62, 75, 72, 24, 52, 87, 34, 19, 77, 54, 56)(59, 76, 19, 40, 49, 30, 22, 8, 68, 45, 83, 28, 67, 32, 84, 94, 89, 59)(19, 91, 52, 86, 75, 31, 57, 11, 13, 28, 27, 98, 99, 63, 36, 51, 9, 68)(88, 96, 1, 70, 87, 59, 14, 7, 91, 82, 52, 43, 30, 80, 22, 46, 11, 41)(55, 62, 88, 53, 27, 69, 90, 34, 49, 10, 2, 85, 87, 1, 59, 55, 81, 56)
line 90: nearestNeighbour (6,9,9,1,1,1,10,5,5,1,7,6,1,10,7,9,10,7)
(51, 59, 85, 6, 32, 76, 6, 6, 46, 26, 65, 39, 4, 70, 32, 19, 48, 87)
line 91: kNearestNeighbour 10 (7,8,3,8,6,7,7,7,5,3,8,3,9,6,4,4,1,8)
(51, 59, 85, 6, 32, 76, 6, 6, 46, 26, 65, 39, 4, 70, 32, 19, 48, 87)(72, 76, 8, 41, 62, 63, 41, 100, 19, 38, 29, 50, 17, 8, 80, 75, 23, 67)(19, 41, 55, 52, 56, 11, 48, 65, 1, 1, 15, 99, 95, 90, 49, 71, 6, 60)(99, 93, 65, 23, 5, 60, 77, 34, 43, 80, 34, 5, 46, 47, 58, 35, 33, 57)(85, 54, 20, 80, 14, 6, 65, 62, 75, 72, 24, 52, 87, 34, 19, 77, 54, 56)(19, 91, 52, 86, 75, 31, 57, 11, 13, 28, 27, 98, 99, 63, 36, 51, 9, 68)(59, 76, 19, 40, 49, 30, 22, 8, 68, 45, 83, 28, 67, 32, 84, 94, 89, 59)(88, 96, 1, 70, 87, 59, 14, 7, 91, 82, 52, 43, 30, 80, 22, 46, 11, 41)(55, 62, 88, 53, 27, 69, 90, 34, 49, 10, 2, 85, 87, 1, 59, 55, 81, 56)(38, 14, 16, 25, 94, 96, 86, 92, 73, 51, 27, 37, 21, 91, 37, 78, 49, 52)
line 92: nearestNeighbour (7,5,1,9,8,1,2,10,1,4,1,10,10,5,9,7,7,4)
(51, 59, 85, 6, 32, 76, 6, 6, 46, 26, 65, 39, 4, 70, 32, 19, 48, 87)
line 93: nearestNeighbour (7,10,2,2,8,9,3,2,9,6,1,2,3,6,10,1,2,4)
(51, 59, 85, 6, 32, 76, 6, 6, 46, 26, 65, 39, 4, 70, 32, 19, 48, 87)
line 94: nearestNeighbour (8,8,5,2,5,7,2,2,9,1,10,8,1,9,9,3,2,6)
(51, 59, 85, 6, 32, 76, 6, 6, 46, 26, 65, 39, 4, 70, 32, 19, 48, 87)
line 95: nearestNeighbour (5,1,1,5,8,4,8,4,5,4,3,8,3,6,2,6,8,1)
(51, 59, 85, 6, 32, 76, 6, 6, 46, 26, 65, 39, 4, 70, 32, 19, 48, 87)
line 96: kNearestNeighbour 1 (4,9,1,4,4,8,2,10,2,5,2,1,3,6,10,6,10,2)
(51, 59, 85, 6, 32, 76, 6, 6, 46, 26, 65, 39, 4, 70, 32, 19, 48, 87)
line 97: kNearestNeighbour 2 (7,8,9,10,2,8,4,6,2,2,2,5,5,4,1,5,3,6)
(51, 59, 85, 6, 32, 76, 6, 6, 46, 26, 65, 39, 4, 70, 32, 19, 48, 87)(72, 76, 8, 41, 62, 63, 41, 100, 19, 38, 29, 50, 17, 8, 80, 75, 23, 67)
line 98: kNearestNeighbour 8 (6,8,3,3,4,3,6,9,1,1,7,6,6,1,10,3,3,9)
(51, 59, 85, 6, 32, 76, 6, 6, 46, 26, 65, 39, 4, 70, 32, 19, 48, 87)(72, 76, 8, 41, 62, 63, 41, 100, 19, 38, 29, 50, 17, 8, 80, 75, 23, 67)(19, 41, 55, 52, 56, 11, 48, 65, 1, 1, 15, 99, 95, 90, 49, 71, 6, 60)(99, 93, 65, 23, 5, 60, 77, 34, 43, 80, 34, 5, 46, 47, 58, 35, 33, 57)(85, 54, 20, 80, 14, 6, 65, 62, 75, 72, 24, 52, 87, 34, 19, 77, 54, 56)(59, 76, 19, 40, 49, 30, 22, 8, 68, 45, 83, 28, 67, 32, 84, 94, 89, 59)(19, 91, 52, 86, 75, 31, 57, 11, 13, 28, 27, 98, 99, 63, 36, 51, 9, 68)(55, 62, 88, 53, 27, 69, 90, 34, 49, 10, 2, 85, 87, 1, 59, 55, 81, 56)
line 99: nearestNeighbour (5,1,6,6,2,5,3,4,5,9,6,5,3,6,7,5,8,6)
(51, 59, 85, 6, 32, 76, 6, 6, 46, 26, 65, 39, 4, 70, 32, 19, 48, 87)
line 100: kNearestNeighbour 10 (1,4,3,6,2,3,2,1,2,5,4,6,1,2,5,8,6,10)
(51, 59, 85, 6, 32, 76, 6, 6, 46, 26, 65, 39, 4, 70, 32, 19, 48, 87)(72, 76, 8, 41, 62, 63, 41, 100, 19, 38, 29, 50, 17, 8, 80, 75, 23, 67)(19, 41, 55, 52, 56, 11, 48, 65, 1, 1, 15, 99, 95, 90, 49, 71, 6, 60)(99, 93, 65, 23, 5, 60, 77, 34, 43, 80, 34, 5, 46, 47, 58, 35, 33, 57)(85, 54, 20, 80, 14, 6, 65, 62, 75, 72, 24, 52, 87, 34, 19, 77, 54, 56)(59, 76, 19, 40, 49, 30, 22, 8, 68, 45, 83, 28, 67, 32, 84, 94, 89, 59)(19, 91, 52, 86, 75, 31, 57, 11, 13, 28, 27, 98, 99, 63, 36, 51, 9, 68)(88, 96, 1, 70, 87, 59, 14, 7, 91, 82, 52, 43, 30, 80, 22, 46, 11, 41)(55, 62, 88, 53, 27, 69, 90, 34, 49, 10, 2, 85, 87, 1, 59, 55, 81, 56)(38, 14, 16, 25, 94, 96, 86, 92, 73, 51, 27, 37, 21, 91, 37, 78, 49, 52)
line 101: kNearestNeighbour 8 (2,9,8,4,8,4,1,5,10,1,2,9,10,10,8,6,9,4)
(51, 59, 85, 6, 32, 76, 6, 6, 46, 26, 65, 39, 4, 70, 32, 19, 48, 87)(19, 41, 55, 52, 56, 11, 48, 65, 1, 1, 15, 99, 95, 90, 49, 71, 6, 60)(72, 76, 8, 41, 62, 63, 41, 100, 19, 38, 29, 50, 17, 8, 80, 75, 23, 67)(99, 93, 65, 23, 5, 60, 77, 34, 43, 80, 34, 5, 46, 47, 58, 35, 33, 57)(85, 54, 20, 80, 14, 6, 65, 62, 75, 72, 24, 52, 87, 34, 19, 77, 54, 56)(59, 76, 19, 40, 49, 30, 22, 8, 68, 45, 83, 28, 67, 32, 84, 94, 89, 59)(19, 91, 52, 86, 75, 31, 57, 11, 13, 28, 27, 98, 99, 63, 36, 51, 9, 68)(55, 62, 88, 53, 27, 69, 90, 34, 49, 10, 2, 85, 87, 1, 59, 55, 81, 56)
line 102: nearestNeighbour (1,4,6,6,10,7,10,3,4,10,5,4,8,1,1,3,1,4)
(51, 59, 85, 6, 32, 76, 6, 6, 46, 26, 65, 39, 4, 70, 32, 19, 48, 87)
line 103: kNearestNeighbour 3 (9,6,2,6,4,8,8,3,10,8,3,7,4,5,3,5,6,7)
(51, 59, 85, 6, 32, 76, 6, 6, 46, 26, 65, 39, 4, 70, 32, 19, 48, 87)(72, 76, 8, 41, 62, 63, 41, 100, 19, 38, 29, 50, 17, 8, 80, 75, 23, 67)(99, 93, 65, 23, 5, 60, 77, 34, 43, 80, 34, 5, 46, 47, 58, 35, 33, 57)
line 104: nearestNeighbour (3,7,7,7,2,1,8,9,5,5,8,10,8,5,3,8,2,8)
(51, 59, 85, 6, 32, 76, 6, 6, 46, 26, 65, 39, 4, 70, 32, 19, 48, 87)
line 105: kNearestNeighbour 1 (5,8,4,9,9,9,7,5,6,4,4,7,5,2,7,7,7,4)
(51, 59, 85, 6, 32, 76, 6, 6, 46, 26, 65, 39, 4, 70, 32, 19, 48, 87)
line 106: kNearestNeighbour 1 (1,9,3,9,3,3,6,5,9,8,8,3,7,9,1,5,9,5)
(51, 59, 85, 6, 32, 76, 6, 6, 46, 26, 65, 39, 4, 70, 32, 19, 48, 87)
line 107: nearestNeighbour (8,1,4,3,3,5,3,7,10,5,10,4,2,2,8,9,1,4)
(51, 59, 85, 6, 32, 76, 6, 6, 46, 26, 65, 39, 4, 70, 32, 19, 48, 87)
line 108: kNearestNeighbour 10 (9,3,2,4,1,2,3,2,10,9,3,10,3,6,3,2,10,5)
(51, 59, 85, 6, 32, 76, 6, 6, 46, 26, 65, 39, 4, 70, 32, 19, 48, 87)(72, 76, 8, 41, 62, 63, 41, 100, 19, 38, 29, 50, 17, 8, 80, 75, 23, 67)(99, 93, 65, 23, 5, 60, 77, 34, 43, 80, 34, 5, 46, 47, 58, 35, 33, 57)(19, 41, 55, 52, 56, 11, 48, 65, 1, 1, 15, 99, 95, 90, 49, 71, 6, 60)(85, 54, 20, 80, 14, 6, 65, 62, 75, 72, 24, 52, 87, 34, 19, 77, 54, 56)(59, 76, 19, 40, 49, 30, 22, 8, 68, 45, 83, 28, 67, 32, 84, 94, 89, 59)(19, 91, 52, 86, 75, 31, 57, 11, 13, 28, 27, 98, 99, 63, 36, 51, 9, 68)(88, 96, 1, 70, 87, 59, 14, 7, 91, 82, 52, 43, 30, 80, 22, 46, 11, 41)(55, 62, 88, 53, 27, 69, 90, 34, 49, 10, 2, 85, 87, 1, 59, 55, 81, 56)(38, 14, 16, 25, 94, 96, 86, 92, 73, 51, 27, 37, 21, 91, 37, 78, 49, 52)
line 109: nearestNeighbour (7,5,6,7,2,2,4,8,3,8,5,3,7,5,2,5,6,6)
(51, 59, 85, 6, 32, 76, 6, 6, 46, 26, 65, 39, 4, 70, 32, 19, 48, 87)
line 110: kNearestNeighbour 10 (2,7,2,1,5,8,9,2,10,10,6,4,5,3,7,1,4,1)
(51, 59, 85, 6, 32, 76, 6, 6, 46, 26, 65, 39, 4, 70, 32, 19, 48, 87)(72, 76, 8, 41, 62, 63, 41, 100, 19, 38, 29, 50, 17, 8, 80, 75, 23, 67)(99, 93, 65, 23, 5, 60, 77, 34, 43, 80, 34, 5, 46, 47, 58, 35, 33, 57)(19, 41, 55, 52, 56, 11, 48, 65, 1, 1, 15, 99, 95, 90, 49, 71, 6, 60)(85, 54, 20, 80, 14, 6, 65, 62, 75, 72, 24, 52, 87, 34, 19, 77, 54, 56)(59, 76, 19, 40, 49, 30, 22, 8, 68, 45, 83, 28, 67, 32, 84, 94, 89, 59)(19, 91, 52, 86, 75, 31, 57, 11, 13, 28, 27, 98, 99, 63, 36, 51, 9, 68)(88, 96, 1, 70, 87, 59, 14, 7, 91, 82, 52, 43, 30, 80, 22, 46, 11, 41)(55, 62, 88, 53, 27, 69, 90, 34, 49, 10, 2, 85, 87, 1, 59, 55, 81, 56)(38, 14, 16, 25, 94, 96, 86, 92, 73, 51, 27, 37, 21, 91, 37, 78, 49, 52)
line 111: kNearestNeighbour 2 (1,10,9,4,4,1,7,10,2,10,8,9,2,5,10,9,3,1)
(51, 59, 85, 6, 32, 76, 6, 6, 46, 26, 65, 39, 4, 70, 32, 19, 48, 87)(72, 76, 8, 41, 62, 63, 41, 100, 19, 38, 29, 50, 17, 8, 80, 75, 23, 67)
line 112: nearestNeighbour (10,6,3,3,5,8,5,8,10,3,2,3,7,4,9,10,3,2)
(51, 59, 85, 6, 32, 76, 6, 6, 46, 26, 65, 39, 4, 70, 32, 19, 48, 87)
line 113: nearestNeighbour (7,6,5,7,5,5,7,2,4,1,2,10,5,5,1,6,6,4)
(51, 59, 85, 6, 32, 76, 6, 6, 46, 26, 65, 39, 4, 70, 32, 19, 48, 87)
line 114: kNearestNeighbour 10 (4,10,7,6,9,4,1,6,3,5,7,1,7,4,1,4,8,9)
(51, 59, 85, 6, 32, 76, 6, 6, 46, 26, 65, 39, 4, 70, 32, 19, 48, 87)(72, 76, 8, 41, 62, 63, 41, 100, 19, 38, 29, 50, 17, 8, 80, 75, 23, 67)(99, 93, 65, 23, 5, 60, 77, 34, 43, 80, 34, 5, 46, 47, 58, 35, 33, 57)(19, 41, 55, 52, 56, 11, 48, 65, 1, 1, 15, 99, 95, 90, 49, 71, 6, 60)(85, 54, 20, 80, 14, 6, 65, 62, 75, 72, 24, 52, 87, 34, 19, 77, 54, 56)(59, 76, 19, 40, 49, 30, 22, 8, 68, 45, 83, 28, 67, 32, 84, 94, 89, 59)(19, 91, 52, 86, 75, 31, 57, 11, 13, 28, 27, 98, 99, 63, 36, 51, 9, 68)(88, 96, 1, 70, 87, 59, 14, 7, 91, 82, 52, 43, 30, 80, 22, 46, 11, 41)(55, 62, 88, 53, 27, 69, 90, 34, 49, 10, 2, 85, 87, 1, 59, 55, 81, 56)(38, 14, 16, 25, 94, 96, 86, 92, 73, 51, 27, 37, 21, 91, 37, 78, 49, 52)
line 115: kNearestNeighbour 8 (3,5,9,10,5,4,9,2,2,2,1,2,2,10,3,8,3,7)
(51, 59, 85, 6, 32, 76, 6, 6, 46, 26, 65, 39, 4, 70, 32, 19, 48, 87)(19, 41, 55, 52, 56, 11, 48, 65, 1, 1, 15, 99, 95, 90, 49, 71, 6, 60)(72, 76, 8, 41, 62, 63, 41, 100, 19, 38, 29, 50, 17, 8, 80, 75, 23, 67)(99, 93, 65, 23, 5, 60, 77, 34, 43, 80, 34, 5, 46, 47, 58, 35, 33, 57)(85, 54, 20, 80, 14, 6, 65, 62, 75, 72, 24, 52, 87, 34, 19, 77, 54, 56)(19, 91, 52, 86, 75, 31, 57, 11, 13, 28, 27, 98, 99, 63, 36, 51, 9, 68)(59, 76, 19, 40, 49, 30, 22, 8, 68, 45, 83, 28, 67, 32, 84, 94, 89, 59)(88, 96, 1, 70, 87, 59, 14, 7, 91, 82, 52, 43, 30, 80, 22, 46, 11, 41)
line 116: nearestNeighbour (2,6,8,7,1,2,9,3,5,8,6,3,5,5,2,1,8,6)
(51, 59, 85, 6, 32, 76, 6, 6, 46, 26, 65, 39, 4, 70, 32, 19, 48, 87)
line 117: nearestNeighbour (9,4,6,10,1,5,4,5,10,2,2,10,1,6,8,2,3,4)
(51, 59, 85, 6, 32, 76, 6, 6, 46, 26, 65, 39, 4, 70, 32, 19, 48, 87)
line 118: kNearestNeighbour 4 (9,1,2,3,8,5,2,9,7,6,1,1,8,8,2,8,2,9)
(51, 59, 85, 6, 32, 76, 6, 6, 46, 26, 65, 39, 4, 70, 32, 19, 48, 87)(72, 76, 8, 41, 62, 63, 41, 100, 19, 38, 29, 50, 17, 8, 80, 75, 23, 67)(19, 41, 55, 52, 56, 11, 48, 65, 1, 1, 15, 99, 95, 90, 49, 71, 6, 60)(99, 93, 65, 23, 5, 60, 77, 34, 43, 80, 34, 5, 46, 47, 58, 35, 33, 57)
line 119: kNearestNeighbour 10 (5,5,1,3,6,10,5,10,4,1,4,6,9,7,2,3,5,4)
(51, 59, 85, 6, 32, 76, 6, 6, 46, 26, 65, 39, 4, 70, 32, 19, 48, 87)(72, 76, 8, 41, 62, 63, 41, 100, 19, 38, 29, 50, 17, 8, 80, 75, 23, 67)(19, 41, 55, 52, 56, 11, 48, 65, 1, 1, 15, 99, 95, 90, 49, 71, 6, 60)(99, 93, 65, 23, 5, 60, 77, 34, 43, 80, 34, 5, 46, 47, 58, 35, 33, 57)(85, 54, 20, 80, 14, 6, 65, 62, 75, 72, 24, 52, 87, 34, 19, 77, 54, 56)(19, 91, 52, 86, 75, 31, 57, 11, 13, 28, 27, 98, 99, 63, 36, 51, 9, 68)(59, 76, 19, 40, 49, 30, 22, 8, 68, 45, 83, 28, 67, 32, 84, 94, 89, 59)(88, 96, 1, 70, 87, 59, 14, 7, 91, 82, 52, 43, 30, 80, 22, 46, 11, 41)(55, 62, 88, 53, 27, 69, 90, 34, 49, 10, 2, 85, 87, 1, 59, 55, 81, 56)(38, 14, 16, 25, 94, 96, 86, 92, 73, 51, 27, 37, 21, 91, 37, 78, 49, 52)
line 120: nearestNeighbour (10,7,9,6,9,1,6,2,9,2,5,9,4,2,5,2,7,3)
(51, 59, 85, 6, 32, 76, 6, 6, 46, 26, 65, 39, 4, 70, 32, 19, 48, 87)
line 121: nearestNeighbour (4,10,9,7,3,6,5,4,9,7,8,3,5,6,6,4,3,1)
(51, 59, 85, 6, 32, 76, 6, 6, 46, 26, 65, 39, 4, 70, 32, 19, 48, 87)
line 122: kNearestNeighbour 4 (10,1,2,8,9,6,9,10,10,2,1,2,4,4,6,1,6,10)
(51, 59, 85, 6, 32, 76, 6, 6, 46, 26, 65, 39, 4, 70, 32, 19, 48, 87)(72, 76, 8, 41, 62, 63, 41, 100, 19, 38, 29, 50, 17, 8, 80, 75, 23, 67)(99, 93, 65, 23, 5, 60, 77, 34, 43, 80, 34, 5, 46, 47, 58, 35, 33, 57)(19, 41, 55, 52, 56, 11, 48, 65, 1, 1, 15, 99, 95, 90, 49, 71, 6, 60)
line 123: nearestNeighbour (8,9,9,7,8,5,9,9,10,5,6,7,2,1,3,6,8,1)
(51, 59, 85, 6, 32, 76, 6, 6, 46, 26, 65, 39, 4, 70, 32, 19, 48, 87)
line 124: kNearestNeighbour 8 (6,9,8,3,3,9,3,10,2,8,3,9,7,2,5,4,5,6)
(51, 59, 85, 6, 32, 76, 6, 6, 46, 26, 65, 39, 4, 70, 32, 19, 48, 87)(72, 76, 8, 41, 62, 63, 41, 100, 19, 38, 29, 50, 17, 8, 80, 75, 23, 67)(99, 93, 65, 23, 5, 60, 77, 34, 43, 80, 34, 5, 46, 47, 58, 35, 33, 57)(19, 41, 55, 52, 56, 11, 48, 65, 1, 1, 15, 99, 95, 90, 49, 71, 6, 60)(85, 54, 20, 80, 14, 6, 65, 62, 75, 72, 24, 52, 87, 34, 19, 77, 54, 56)(19, 91, 52, 86, 75, 31, 57, 11, 13, 28, 27, 98, 99, 63, 36, 51, 9, 68)(59, 76, 19, 40, 49, 30, 22, 8, 68, 45, 83, 28, 67, 32, 84, 94, 89, 59)(55, 62, 88, 53, 27, 69, 90, 34, 49, 10, 2, 85, 87, 1, 59, 55, 81, 56)
line 125: nearestNeighbour (3,4,6,6,2,9,1,7,10,5,9,2,6,6,1,10,2,10)
(51, 59, 85, 6, 32, 76, 6, 6, 46, 26, 65, 39, 4, 70, 32, 19, 48, 87)
line 126: nearestNeighbour (7,5,5,6,6,6,6,7,8,5,4,2,3,6,9,7,4,4)
(51, 59, 85, 6, 32, 76, 6, 6, 46, 26, 65, 39, 4, 70, 32, 19, 48, 87)
line 127: nearestNeighbour (4,10,8,10,2,10,10,6,9,6,6,2,1,2,2,7,6,9)
(51, 59, 85, 6, 32, 76, 6, 6, 46, 26, 65, 39, 4, 70, 32, 19, 48, 87)
line 128: kNearestNeighbour 4 (9,2,3,10,7,8,8,5,6,7,1,10,2,5,1,5,9,8)
(51, 59, 85, 6, 32, 76, 6, 6, 46, 26, 65, 39, 4, 70, 32, 19, 48, 87)(72, 76, 8, 41, 62, 63, 41, 100, 19, 38, 29, 50, 17, 8, 80, 75, 23, 67)(19, 41, 55, 52, 56, 11, 48, 65, 1, 1, 15, 99, 95, 90, 49, 71, 6, 60)(99, 93, 65, 23, 5, 60, 77, 34, 43, 80, 34, 5, 46, 47, 58, 35, 33, 57)
line 129: nearestNeighbour (6,10,5,1,8,3,4,2,5,4,4,1,9,2,9,2,1,9)
(51, 59, 85, 6, 32, 76, 6, 6, 46, 26, 65, 39, 4, 70, 32, 19, 48, 87)
