line 1: k=15
line 2: clear
line 3: buildTree 19
(82,88,67,49,42,48,9,74,37,44,70,22,25,49,5) (71,46,55,42,66,19,96,22,41,14,73,32,23,63,20) (25,66,99,100,74,21,2,55,81,75,79,92,53,59,14) (90,91,55,43,64,95,80,32,80,74,61,18,10,53,30) (4,84,73,4,67,21,78,23,87,35,84,23,32,93,19) (55,41,9,84,32,80,97,99,57,9,73,29,26,7,87) (56,33,27,85,99,6,7,41,95,29,11,48,35,26,45) (57,21,84,89,30,79,79,89,72,48,43,39,68,71,11) (29,77,73,88,43,59,11,38,77,35,74,32,42,38,25) (30,11,21,26,70,51,59,68,38,100,47,23,11,21,91) (24,85,15,18,20,85,28,29,68,68,69,27,5,9,71) (34,36,13,99,16,24,30,37,78,23,52,89,89,97,48) (90,57,7,39,37,28,35,85,2,22,25,67,65,15,94) (99,61,99,87,63,81,55,48,100,37,88,59,66,19,64) (65,9,41,52,56,20,94,71,97,39,79,50,67,40,17) (89,87,30,25,24,16,31,27,52,68,63,52,39,40,7) (45,3,1,39,5,13,34,54,72,66,12,79,25,57,94) (28,64,100,83,98,26,64,56,42,97,69,24,29,22,51) (43,89,5,34,69,56,76,71,67,89,92,94,68,15,93) 
line 4: nodeCount_height_leafCount
nodeCount=19;height=5;leafCount=8
line 5: inorderTraversal
(45, 3, 1, 39, 5, 13, 34, 54, 72, 66, 12, 79, 25, 57, 94) (34, 36, 13, 99, 16, 24, 30, 37, 78, 23, 52, 89, 89, 97, 48) (30, 11, 21, 26, 70, 51, 59, 68, 38, 100, 47, 23, 11, 21, 91) (28, 64, 100, 83, 98, 26, 64, 56, 42, 97, 69, 24, 29, 22, 51) (25, 66, 99, 100, 74, 21, 2, 55, 81, 75, 79, 92, 53, 59, 14) (43, 89, 5, 34, 69, 56, 76, 71, 67, 89, 92, 94, 68, 15, 93) (24, 85, 15, 18, 20, 85, 28, 29, 68, 68, 69, 27, 5, 9, 71) (4, 84, 73, 4, 67, 21, 78, 23, 87, 35, 84, 23, 32, 93, 19) (29, 77, 73, 88, 43, 59, 11, 38, 77, 35, 74, 32, 42, 38, 25) (55, 41, 9, 84, 32, 80, 97, 99, 57, 9, 73, 29, 26, 7, 87) (56, 33, 27, 85, 99, 6, 7, 41, 95, 29, 11, 48, 35, 26, 45) (65, 9, 41, 52, 56, 20, 94, 71, 97, 39, 79, 50, 67, 40, 17) (71, 46, 55, 42, 66, 19, 96, 22, 41, 14, 73, 32, 23, 63, 20) (57, 21, 84, 89, 30, 79, 79, 89, 72, 48, 43, 39, 68, 71, 11) (90, 57, 7, 39, 37, 28, 35, 85, 2, 22, 25, 67, 65, 15, 94) (89, 87, 30, 25, 24, 16, 31, 27, 52, 68, 63, 52, 39, 40, 7) (90, 91, 55, 43, 64, 95, 80, 32, 80, 74, 61, 18, 10, 53, 30) (82, 88, 67, 49, 42, 48, 9, 74, 37, 44, 70, 22, 25, 49, 5) (99, 61, 99, 87, 63, 81, 55, 48, 100, 37, 88, 59, 66, 19, 64) 
line 6: preorderTraversal
(55, 41, 9, 84, 32, 80, 97, 99, 57, 9, 73, 29, 26, 7, 87) (25, 66, 99, 100, 74, 21, 2, 55, 81, 75, 79, 92, 53, 59, 14) (34, 36, 13, 99, 16, 24, 30, 37, 78, 23, 52, 89, 89, 97, 48) (45, 3, 1, 39, 5, 13, 34, 54, 72, 66, 12, 79, 25, 57, 94) (30, 11, 21, 26, 70, 51, 59, 68, 38, 100, 47, 23, 11, 21, 91) (28, 64, 100, 83, 98, 26, 64, 56, 42, 97, 69, 24, 29, 22, 51) (24, 85, 15, 18, 20, 85, 28, 29, 68, 68, 69, 27, 5, 9, 71) (43, 89, 5, 34, 69, 56, 76, 71, 67, 89, 92, 94, 68, 15, 93) (4, 84, 73, 4, 67, 21, 78, 23, 87, 35, 84, 23, 32, 93, 19) (29, 77, 73, 88, 43, 59, 11, 38, 77, 35, 74, 32, 42, 38, 25) (90, 57, 7, 39, 37, 28, 35, 85, 2, 22, 25, 67, 65, 15, 94) (65, 9, 41, 52, 56, 20, 94, 71, 97, 39, 79, 50, 67, 40, 17) (56, 33, 27, 85, 99, 6, 7, 41, 95, 29, 11, 48, 35, 26, 45) (71, 46, 55, 42, 66, 19, 96, 22, 41, 14, 73, 32, 23, 63, 20) (57, 21, 84, 89, 30, 79, 79, 89, 72, 48, 43, 39, 68, 71, 11) (90, 91, 55, 43, 64, 95, 80, 32, 80, 74, 61, 18, 10, 53, 30) (89, 87, 30, 25, 24, 16, 31, 27, 52, 68, 63, 52, 39, 40, 7) (82, 88, 67, 49, 42, 48, 9, 74, 37, 44, 70, 22, 25, 49, 5) (99, 61, 99, 87, 63, 81, 55, 48, 100, 37, 88, 59, 66, 19, 64) 
line 7: postorderTraversal
(45, 3, 1, 39, 5, 13, 34, 54, 72, 66, 12, 79, 25, 57, 94) (28, 64, 100, 83, 98, 26, 64, 56, 42, 97, 69, 24, 29, 22, 51) (30, 11, 21, 26, 70, 51, 59, 68, 38, 100, 47, 23, 11, 21, 91) (34, 36, 13, 99, 16, 24, 30, 37, 78, 23, 52, 89, 89, 97, 48) (43, 89, 5, 34, 69, 56, 76, 71, 67, 89, 92, 94, 68, 15, 93) (29, 77, 73, 88, 43, 59, 11, 38, 77, 35, 74, 32, 42, 38, 25) (4, 84, 73, 4, 67, 21, 78, 23, 87, 35, 84, 23, 32, 93, 19) (24, 85, 15, 18, 20, 85, 28, 29, 68, 68, 69, 27, 5, 9, 71) (25, 66, 99, 100, 74, 21, 2, 55, 81, 75, 79, 92, 53, 59, 14) (56, 33, 27, 85, 99, 6, 7, 41, 95, 29, 11, 48, 35, 26, 45) (57, 21, 84, 89, 30, 79, 79, 89, 72, 48, 43, 39, 68, 71, 11) (71, 46, 55, 42, 66, 19, 96, 22, 41, 14, 73, 32, 23, 63, 20) (65, 9, 41, 52, 56, 20, 94, 71, 97, 39, 79, 50, 67, 40, 17) (89, 87, 30, 25, 24, 16, 31, 27, 52, 68, 63, 52, 39, 40, 7) (99, 61, 99, 87, 63, 81, 55, 48, 100, 37, 88, 59, 66, 19, 64) (82, 88, 67, 49, 42, 48, 9, 74, 37, 44, 70, 22, 25, 49, 5) (90, 91, 55, 43, 64, 95, 80, 32, 80, 74, 61, 18, 10, 53, 30) (90, 57, 7, 39, 37, 28, 35, 85, 2, 22, 25, 67, 65, 15, 94) (55, 41, 9, 84, 32, 80, 97, 99, 57, 9, 73, 29, 26, 7, 87) 
line 8: nearestNeighbour (1,4,6,2,4,5,5,2,2,3,8,8,1,2,4)
(89, 87, 30, 25, 24, 16, 31, 27, 52, 68, 63, 52, 39, 40, 7)
line 9: nearestNeighbour (10,8,2,5,6,10,2,1,3,7,7,10,2,8,6)
(89, 87, 30, 25, 24, 16, 31, 27, 52, 68, 63, 52, 39, 40, 7)
line 10: kNearestNeighbour 9 (6,5,8,3,1,7,7,6,7,6,4,4,5,3,3)
(89, 87, 30, 25, 24, 16, 31, 27, 52, 68, 63, 52, 39, 40, 7)(45, 3, 1, 39, 5, 13, 34, 54, 72, 66, 12, 79, 25, 57, 94)(24, 85, 15, 18, 20, 85, 28, 29, 68, 68, 69, 27, 5, 9, 71)(71, 46, 55, 42, 66, 19, 96, 22, 41, 14, 73, 32, 23, 63, 20)(56, 33, 27, 85, 99, 6, 7, 41, 95, 29, 11, 48, 35, 26, 45)(30, 11, 21, 26, 70, 51, 59, 68, 38, 100, 47, 23, 11, 21, 91)(82, 88, 67, 49, 42, 48, 9, 74, 37, 44, 70, 22, 25, 49, 5)(90, 57, 7, 39, 37, 28, 35, 85, 2, 22, 25, 67, 65, 15, 94)(29, 77, 73, 88, 43, 59, 11, 38, 77, 35, 74, 32, 42, 38, 25)
line 11: nearestNeighbour (5,6,2,2,4,5,9,10,1,6,8,3,9,6,3)
(89, 87, 30, 25, 24, 16, 31, 27, 52, 68, 63, 52, 39, 40, 7)
line 12: nearestNeighbour (9,1,6,3,9,7,1,6,6,4,6,9,3,9,3)
(89, 87, 30, 25, 24, 16, 31, 27, 52, 68, 63, 52, 39, 40, 7)
line 13: nearestNeighbour (2,3,6,10,1,5,9,3,9,1,7,1,3,1,5)
(45, 3, 1, 39, 5, 13, 34, 54, 72, 66, 12, 79, 25, 57, 94)
line 14: nearestNeighbour (3,4,5,1,4,9,5,3,10,6,1,7,6,8,10)
(45, 3, 1, 39, 5, 13, 34, 54, 72, 66, 12, 79, 25, 57, 94)
line 15: nearestNeighbour (6,7,7,10,9,1,5,8,9,3,1,7,2,1,9)
(45, 3, 1, 39, 5, 13, 34, 54, 72, 66, 12, 79, 25, 57, 94)
line 16: kNearestNeighbour 4 (6,6,9,2,9,8,9,5,9,8,3,2,9,2,4)
(89, 87, 30, 25, 24, 16, 31, 27, 52, 68, 63, 52, 39, 40, 7)(24, 85, 15, 18, 20, 85, 28, 29, 68, 68, 69, 27, 5, 9, 71)(45, 3, 1, 39, 5, 13, 34, 54, 72, 66, 12, 79, 25, 57, 94)(71, 46, 55, 42, 66, 19, 96, 22, 41, 14, 73, 32, 23, 63, 20)
line 17: kNearestNeighbour 9 (10,4,9,1,1,3,7,5,9,9,8,6,5,5,3)
(89, 87, 30, 25, 24, 16, 31, 27, 52, 68, 63, 52, 39, 40, 7)(45, 3, 1, 39, 5, 13, 34, 54, 72, 66, 12, 79, 25, 57, 94)(24, 85, 15, 18, 20, 85, 28, 29, 68, 68, 69, 27, 5, 9, 71)(71, 46, 55, 42, 66, 19, 96, 22, 41, 14, 73, 32, 23, 63, 20)(56, 33, 27, 85, 99, 6, 7, 41, 95, 29, 11, 48, 35, 26, 45)(30, 11, 21, 26, 70, 51, 59, 68, 38, 100, 47, 23, 11, 21, 91)(82, 88, 67, 49, 42, 48, 9, 74, 37, 44, 70, 22, 25, 49, 5)(90, 57, 7, 39, 37, 28, 35, 85, 2, 22, 25, 67, 65, 15, 94)(29, 77, 73, 88, 43, 59, 11, 38, 77, 35, 74, 32, 42, 38, 25)
line 18: kNearestNeighbour 6 (3,6,1,9,8,8,1,1,8,10,8,8,5,4,2)
(89, 87, 30, 25, 24, 16, 31, 27, 52, 68, 63, 52, 39, 40, 7)(24, 85, 15, 18, 20, 85, 28, 29, 68, 68, 69, 27, 5, 9, 71)(45, 3, 1, 39, 5, 13, 34, 54, 72, 66, 12, 79, 25, 57, 94)(56, 33, 27, 85, 99, 6, 7, 41, 95, 29, 11, 48, 35, 26, 45)(71, 46, 55, 42, 66, 19, 96, 22, 41, 14, 73, 32, 23, 63, 20)(30, 11, 21, 26, 70, 51, 59, 68, 38, 100, 47, 23, 11, 21, 91)
line 19: kNearestNeighbour 7 (10,5,9,6,3,8,1,2,1,1,3,9,1,8,3)
(89, 87, 30, 25, 24, 16, 31, 27, 52, 68, 63, 52, 39, 40, 7)(45, 3, 1, 39, 5, 13, 34, 54, 72, 66, 12, 79, 25, 57, 94)(24, 85, 15, 18, 20, 85, 28, 29, 68, 68, 69, 27, 5, 9, 71)(71, 46, 55, 42, 66, 19, 96, 22, 41, 14, 73, 32, 23, 63, 20)(56, 33, 27, 85, 99, 6, 7, 41, 95, 29, 11, 48, 35, 26, 45)(82, 88, 67, 49, 42, 48, 9, 74, 37, 44, 70, 22, 25, 49, 5)(30, 11, 21, 26, 70, 51, 59, 68, 38, 100, 47, 23, 11, 21, 91)
line 20: nearestNeighbour (5,2,2,5,1,3,5,2,7,3,10,6,5,2,4)
(89, 87, 30, 25, 24, 16, 31, 27, 52, 68, 63, 52, 39, 40, 7)
line 21: nearestNeighbour (3,3,10,3,5,9,4,6,6,1,3,1,6,8,7)
(45, 3, 1, 39, 5, 13, 34, 54, 72, 66, 12, 79, 25, 57, 94)
line 22: nearestNeighbour (3,7,1,3,9,5,7,8,7,2,8,8,1,2,4)
(89, 87, 30, 25, 24, 16, 31, 27, 52, 68, 63, 52, 39, 40, 7)
line 23: kNearestNeighbour 9 (3,1,1,1,8,7,5,7,7,6,10,3,5,10,8)
(45, 3, 1, 39, 5, 13, 34, 54, 72, 66, 12, 79, 25, 57, 94)(89, 87, 30, 25, 24, 16, 31, 27, 52, 68, 63, 52, 39, 40, 7)(24, 85, 15, 18, 20, 85, 28, 29, 68, 68, 69, 27, 5, 9, 71)(71, 46, 55, 42, 66, 19, 96, 22, 41, 14, 73, 32, 23, 63, 20)(30, 11, 21, 26, 70, 51, 59, 68, 38, 100, 47, 23, 11, 21, 91)(56, 33, 27, 85, 99, 6, 7, 41, 95, 29, 11, 48, 35, 26, 45)(82, 88, 67, 49, 42, 48, 9, 74, 37, 44, 70, 22, 25, 49, 5)(90, 57, 7, 39, 37, 28, 35, 85, 2, 22, 25, 67, 65, 15, 94)(29, 77, 73, 88, 43, 59, 11, 38, 77, 35, 74, 32, 42, 38, 25)
line 24: nearestNeighbour (4,10,1,7,6,2,5,4,8,8,10,10,10,3,10)
(89, 87, 30, 25, 24, 16, 31, 27, 52, 68, 63, 52, 39, 40, 7)
line 25: nearestNeighbour (4,4,2,7,3,8,4,1,2,4,9,9,1,6,3)
(89, 87, 30, 25, 24, 16, 31, 27, 52, 68, 63, 52, 39, 40, 7)
line 26: kNearestNeighbour 6 (10,8,9,7,3,10,6,8,7,2,6,5,4,4,3)
(89, 87, 30, 25, 24, 16, 31, 27, 52, 68, 63, 52, 39, 40, 7)(24, 85, 15, 18, 20, 85, 28, 29, 68, 68, 69, 27, 5, 9, 71)(45, 3, 1, 39, 5, 13, 34, 54, 72, 66, 12, 79, 25, 57, 94)(71, 46, 55, 42, 66, 19, 96, 22, 41, 14, 73, 32, 23, 63, 20)(56, 33, 27, 85, 99, 6, 7, 41, 95, 29, 11, 48, 35, 26, 45)(82, 88, 67, 49, 42, 48, 9, 74, 37, 44, 70, 22, 25, 49, 5)
line 27: kNearestNeighbour 1 (4,5,9,10,7,1,8,3,1,1,8,6,1,6,1)
(89, 87, 30, 25, 24, 16, 31, 27, 52, 68, 63, 52, 39, 40, 7)
line 28: kNearestNeighbour 3 (7,8,6,6,3,2,6,6,6,7,1,7,1,7,10)
(45, 3, 1, 39, 5, 13, 34, 54, 72, 66, 12, 79, 25, 57, 94)(89, 87, 30, 25, 24, 16, 31, 27, 52, 68, 63, 52, 39, 40, 7)(24, 85, 15, 18, 20, 85, 28, 29, 68, 68, 69, 27, 5, 9, 71)
line 29: nearestNeighbour (5,9,6,5,1,6,9,2,2,4,6,3,5,3,4)
(89, 87, 30, 25, 24, 16, 31, 27, 52, 68, 63, 52, 39, 40, 7)
line 30: kNearestNeighbour 9 (3,7,5,3,4,9,3,3,9,7,3,1,7,5,5)
(89, 87, 30, 25, 24, 16, 31, 27, 52, 68, 63, 52, 39, 40, 7)(24, 85, 15, 18, 20, 85, 28, 29, 68, 68, 69, 27, 5, 9, 71)(45, 3, 1, 39, 5, 13, 34, 54, 72, 66, 12, 79, 25, 57, 94)(71, 46, 55, 42, 66, 19, 96, 22, 41, 14, 73, 32, 23, 63, 20)(56, 33, 27, 85, 99, 6, 7, 41, 95, 29, 11, 48, 35, 26, 45)(30, 11, 21, 26, 70, 51, 59, 68, 38, 100, 47, 23, 11, 21, 91)(82, 88, 67, 49, 42, 48, 9, 74, 37, 44, 70, 22, 25, 49, 5)(29, 77, 73, 88, 43, 59, 11, 38, 77, 35, 74, 32, 42, 38, 25)(90, 57, 7, 39, 37, 28, 35, 85, 2, 22, 25, 67, 65, 15, 94)
line 31: nearestNeighbour (7,2,3,7,4,10,8,1,6,4,10,9,6,2,8)
(45, 3, 1, 39, 5, 13, 34, 54, 72, 66, 12, 79, 25, 57, 94)
line 32: nearestNeighbour (1,8,4,9,10,7,1,1,3,10,9,8,6,10,6)
(89, 87, 30, 25, 24, 16, 31, 27, 52, 68, 63, 52, 39, 40, 7)
line 33: nearestNeighbour (5,8,2,9,6,3,10,2,4,6,5,6,8,3,9)
(89, 87, 30, 25, 24, 16, 31, 27, 52, 68, 63, 52, 39, 40, 7)
line 34: kNearestNeighbour 2 (4,6,2,9,8,5,2,10,10,10,4,6,10,6,3)
(89, 87, 30, 25, 24, 16, 31, 27, 52, 68, 63, 52, 39, 40, 7)(45, 3, 1, 39, 5, 13, 34, 54, 72, 66, 12, 79, 25, 57, 94)
line 35: nearestNeighbour (2,4,8,8,5,2,10,5,9,8,10,8,5,1,8)
(45, 3, 1, 39, 5, 13, 34, 54, 72, 66, 12, 79, 25, 57, 94)
line 36: nearestNeighbour (7,3,3,5,8,5,5,8,1,8,6,1,5,1,6)
(89, 87, 30, 25, 24, 16, 31, 27, 52, 68, 63, 52, 39, 40, 7)
line 37: kNearestNeighbour 3 (9,1,4,3,10,5,3,3,3,6,7,8,9,5,2)
(89, 87, 30, 25, 24, 16, 31, 27, 52, 68, 63, 52, 39, 40, 7)(45, 3, 1, 39, 5, 13, 34, 54, 72, 66, 12, 79, 25, 57, 94)(24, 85, 15, 18, 20, 85, 28, 29, 68, 68, 69, 27, 5, 9, 71)
line 38: nearestNeighbour (6,8,6,1,4,9,4,7,7,2,7,1,9,6,5)
(89, 87, 30, 25, 24, 16, 31, 27, 52, 68, 63, 52, 39, 40, 7)
line 39: kNearestNeighbour 2 (3,7,7,6,5,3,9,10,10,8,6,9,6,8,7)
(45, 3, 1, 39, 5, 13, 34, 54, 72, 66, 12, 79, 25, 57, 94)(89, 87, 30, 25, 24, 16, 31, 27, 52, 68, 63, 52, 39, 40, 7)
line 40: kNearestNeighbour 3 (5,6,10,4,5,5,3,10,4,6,6,9,8,7,10)
(45, 3, 1, 39, 5, 13, 34, 54, 72, 66, 12, 79, 25, 57, 94)(89, 87, 30, 25, 24, 16, 31, 27, 52, 68, 63, 52, 39, 40, 7)(24, 85, 15, 18, 20, 85, 28, 29, 68, 68, 69, 27, 5, 9, 71)
line 41: kNearestNeighbour 6 (8,1,9,3,10,6,6,3,3,3,5,8,10,1,4)
(89, 87, 30, 25, 24, 16, 31, 27, 52, 68, 63, 52, 39, 40, 7)(45, 3, 1, 39, 5, 13, 34, 54, 72, 66, 12, 79, 25, 57, 94)(71, 46, 55, 42, 66, 19, 96, 22, 41, 14, 73, 32, 23, 63, 20)(24, 85, 15, 18, 20, 85, 28, 29, 68, 68, 69, 27, 5, 9, 71)(56, 33, 27, 85, 99, 6, 7, 41, 95, 29, 11, 48, 35, 26, 45)(30, 11, 21, 26, 70, 51, 59, 68, 38, 100, 47, 23, 11, 21, 91)
line 42: kNearestNeighbour 9 (8,9,6,9,8,6,8,6,2,9,6,2,5,3,2)
(89, 87, 30, 25, 24, 16, 31, 27, 52, 68, 63, 52, 39, 40, 7)(24, 85, 15, 18, 20, 85, 28, 29, 68, 68, 69, 27, 5, 9, 71)(45, 3, 1, 39, 5, 13, 34, 54, 72, 66, 12, 79, 25, 57, 94)(71, 46, 55, 42, 66, 19, 96, 22, 41, 14, 73, 32, 23, 63, 20)(56, 33, 27, 85, 99, 6, 7, 41, 95, 29, 11, 48, 35, 26, 45)(30, 11, 21, 26, 70, 51, 59, 68, 38, 100, 47, 23, 11, 21, 91)(82, 88, 67, 49, 42, 48, 9, 74, 37, 44, 70, 22, 25, 49, 5)(90, 57, 7, 39, 37, 28, 35, 85, 2, 22, 25, 67, 65, 15, 94)(29, 77, 73, 88, 43, 59, 11, 38, 77, 35, 74, 32, 42, 38, 25)
line 43: kNearestNeighbour 9 (8,3,1,10,3,8,9,6,5,8,8,7,6,8,8)
(45, 3, 1, 39, 5, 13, 34, 54, 72, 66, 12, 79, 25, 57, 94)(89, 87, 30, 25, 24, 16, 31, 27, 52, 68, 63, 52, 39, 40, 7)(24, 85, 15, 18, 20, 85, 28, 29, 68, 68, 69, 27, 5, 9, 71)(71, 46, 55, 42, 66, 19, 96, 22, 41, 14, 73, 32, 23, 63, 20)(30, 11, 21, 26, 70, 51, 59, 68, 38, 100, 47, 23, 11, 21, 91)(56, 33, 27, 85, 99, 6, 7, 41, 95, 29, 11, 48, 35, 26, 45)(90, 57, 7, 39, 37, 28, 35, 85, 2, 22, 25, 67, 65, 15, 94)(82, 88, 67, 49, 42, 48, 9, 74, 37, 44, 70, 22, 25, 49, 5)(29, 77, 73, 88, 43, 59, 11, 38, 77, 35, 74, 32, 42, 38, 25)
line 44: nearestNeighbour (3,3,9,1,10,5,6,4,1,6,2,2,2,6,6)
(89, 87, 30, 25, 24, 16, 31, 27, 52, 68, 63, 52, 39, 40, 7)
line 45: kNearestNeighbour 10 (6,7,8,2,4,1,6,7,5,9,6,8,10,8,3)
(89, 87, 30, 25, 24, 16, 31, 27, 52, 68, 63, 52, 39, 40, 7)(45, 3, 1, 39, 5, 13, 34, 54, 72, 66, 12, 79, 25, 57, 94)(24, 85, 15, 18, 20, 85, 28, 29, 68, 68, 69, 27, 5, 9, 71)(71, 46, 55, 42, 66, 19, 96, 22, 41, 14, 73, 32, 23, 63, 20)(56, 33, 27, 85, 99, 6, 7, 41, 95, 29, 11, 48, 35, 26, 45)(30, 11, 21, 26, 70, 51, 59, 68, 38, 100, 47, 23, 11, 21, 91)(82, 88, 67, 49, 42, 48, 9, 74, 37, 44, 70, 22, 25, 49, 5)(90, 57, 7, 39, 37, 28, 35, 85, 2, 22, 25, 67, 65, 15, 94)(29, 77, 73, 88, 43, 59, 11, 38, 77, 35, 74, 32, 42, 38, 25)(4, 84, 73, 4, 67, 21, 78, 23, 87, 35, 84, 23, 32, 93, 19)
line 46: kNearestNeighbour 4 (8,1,9,9,1,9,7,6,10,3,8,4,6,7,7)
(45, 3, 1, 39, 5, 13, 34, 54, 72, 66, 12, 79, 25, 57, 94)(89, 87, 30, 25, 24, 16, 31, 27, 52, 68, 63, 52, 39, 40, 7)(24, 85, 15, 18, 20, 85, 28, 29, 68, 68, 69, 27, 5, 9, 71)(71, 46, 55, 42, 66, 19, 96, 22, 41, 14, 73, 32, 23, 63, 20)
line 47: kNearestNeighbour 6 (5,2,5,9,9,10,3,7,10,6,4,4,10,4,10)
(45, 3, 1, 39, 5, 13, 34, 54, 72, 66, 12, 79, 25, 57, 94)(24, 85, 15, 18, 20, 85, 28, 29, 68, 68, 69, 27, 5, 9, 71)(89, 87, 30, 25, 24, 16, 31, 27, 52, 68, 63, 52, 39, 40, 7)(56, 33, 27, 85, 99, 6, 7, 41, 95, 29, 11, 48, 35, 26, 45)(30, 11, 21, 26, 70, 51, 59, 68, 38, 100, 47, 23, 11, 21, 91)(71, 46, 55, 42, 66, 19, 96, 22, 41, 14, 73, 32, 23, 63, 20)
line 48: kNearestNeighbour 9 (4,5,8,3,8,1,3,5,2,6,8,6,7,1,6)
(89, 87, 30, 25, 24, 16, 31, 27, 52, 68, 63, 52, 39, 40, 7)(45, 3, 1, 39, 5, 13, 34, 54, 72, 66, 12, 79, 25, 57, 94)(24, 85, 15, 18, 20, 85, 28, 29, 68, 68, 69, 27, 5, 9, 71)(71, 46, 55, 42, 66, 19, 96, 22, 41, 14, 73, 32, 23, 63, 20)(56, 33, 27, 85, 99, 6, 7, 41, 95, 29, 11, 48, 35, 26, 45)(30, 11, 21, 26, 70, 51, 59, 68, 38, 100, 47, 23, 11, 21, 91)(90, 57, 7, 39, 37, 28, 35, 85, 2, 22, 25, 67, 65, 15, 94)(82, 88, 67, 49, 42, 48, 9, 74, 37, 44, 70, 22, 25, 49, 5)(29, 77, 73, 88, 43, 59, 11, 38, 77, 35, 74, 32, 42, 38, 25)
line 49: nearestNeighbour (9,7,1,6,1,10,9,3,9,9,9,8,8,8,5)
(89, 87, 30, 25, 24, 16, 31, 27, 52, 68, 63, 52, 39, 40, 7)
line 50: kNearestNeighbour 10 (9,8,3,4,9,7,10,10,2,8,3,3,4,5,3)
(89, 87, 30, 25, 24, 16, 31, 27, 52, 68, 63, 52, 39, 40, 7)(45, 3, 1, 39, 5, 13, 34, 54, 72, 66, 12, 79, 25, 57, 94)(24, 85, 15, 18, 20, 85, 28, 29, 68, 68, 69, 27, 5, 9, 71)(71, 46, 55, 42, 66, 19, 96, 22, 41, 14, 73, 32, 23, 63, 20)(30, 11, 21, 26, 70, 51, 59, 68, 38, 100, 47, 23, 11, 21, 91)(56, 33, 27, 85, 99, 6, 7, 41, 95, 29, 11, 48, 35, 26, 45)(82, 88, 67, 49, 42, 48, 9, 74, 37, 44, 70, 22, 25, 49, 5)(90, 57, 7, 39, 37, 28, 35, 85, 2, 22, 25, 67, 65, 15, 94)(29, 77, 73, 88, 43, 59, 11, 38, 77, 35, 74, 32, 42, 38, 25)(4, 84, 73, 4, 67, 21, 78, 23, 87, 35, 84, 23, 32, 93, 19)
line 51: kNearestNeighbour 2 (9,8,5,1,9,10,9,4,6,6,6,2,8,6,7)
(89, 87, 30, 25, 24, 16, 31, 27, 52, 68, 63, 52, 39, 40, 7)(24, 85, 15, 18, 20, 85, 28, 29, 68, 68, 69, 27, 5, 9, 71)
line 52: kNearestNeighbour 1 (7,5,8,4,1,3,5,9,5,7,3,2,2,7,6)
(45, 3, 1, 39, 5, 13, 34, 54, 72, 66, 12, 79, 25, 57, 94)
line 53: nearestNeighbour (2,9,9,3,8,4,6,4,1,7,5,7,2,4,6)
(89, 87, 30, 25, 24, 16, 31, 27, 52, 68, 63, 52, 39, 40, 7)
line 54: kNearestNeighbour 4 (4,9,3,7,5,4,1,7,2,1,10,6,1,1,3)
(89, 87, 30, 25, 24, 16, 31, 27, 52, 68, 63, 52, 39, 40, 7)(24, 85, 15, 18, 20, 85, 28, 29, 68, 68, 69, 27, 5, 9, 71)(45, 3, 1, 39, 5, 13, 34, 54, 72, 66, 12, 79, 25, 57, 94)(71, 46, 55, 42, 66, 19, 96, 22, 41, 14, 73, 32, 23, 63, 20)
line 55: kNearestNeighbour 6 (3,2,3,9,9,3,3,9,5,4,4,9,4,6,6)
(45, 3, 1, 39, 5, 13, 34, 54, 72, 66, 12, 79, 25, 57, 94)(89, 87, 30, 25, 24, 16, 31, 27, 52, 68, 63, 52, 39, 40, 7)(24, 85, 15, 18, 20, 85, 28, 29, 68, 68, 69, 27, 5, 9, 71)(56, 33, 27, 85, 99, 6, 7, 41, 95, 29, 11, 48, 35, 26, 45)(71, 46, 55, 42, 66, 19, 96, 22, 41, 14, 73, 32, 23, 63, 20)(30, 11, 21, 26, 70, 51, 59, 68, 38, 100, 47, 23, 11, 21, 91)
line 56: nearestNeighbour (3,2,8,9,7,6,3,4,6,6,4,5,10,10,4)
(45, 3, 1, 39, 5, 13, 34, 54, 72, 66, 12, 79, 25, 57, 94)
line 57: kNearestNeighbour 8 (9,8,6,9,2,9,5,3,2,3,7,5,6,4,5)
(89, 87, 30, 25, 24, 16, 31, 27, 52, 68, 63, 52, 39, 40, 7)(24, 85, 15, 18, 20, 85, 28, 29, 68, 68, 69, 27, 5, 9, 71)(45, 3, 1, 39, 5, 13, 34, 54, 72, 66, 12, 79, 25, 57, 94)(71, 46, 55, 42, 66, 19, 96, 22, 41, 14, 73, 32, 23, 63, 20)(56, 33, 27, 85, 99, 6, 7, 41, 95, 29, 11, 48, 35, 26, 45)(82, 88, 67, 49, 42, 48, 9, 74, 37, 44, 70, 22, 25, 49, 5)(30, 11, 21, 26, 70, 51, 59, 68, 38, 100, 47, 23, 11, 21, 91)(90, 57, 7, 39, 37, 28, 35, 85, 2, 22, 25, 67, 65, 15, 94)
line 58: kNearestNeighbour 9 (1,3,9,1,8,8,2,8,9,4,7,2,3,8,10)
(45, 3, 1, 39, 5, 13, 34, 54, 72, 66, 12, 79, 25, 57, 94)(24, 85, 15, 18, 20, 85, 28, 29, 68, 68, 69, 27, 5, 9, 71)(89, 87, 30, 25, 24, 16, 31, 27, 52, 68, 63, 52, 39, 40, 7)(71, 46, 55, 42, 66, 19, 96, 22, 41, 14, 73, 32, 23, 63, 20)(30, 11, 21, 26, 70, 51, 59, 68, 38, 100, 47, 23, 11, 21, 91)(56, 33, 27, 85, 99, 6, 7, 41, 95, 29, 11, 48, 35, 26, 45)(82, 88, 67, 49, 42, 48, 9, 74, 37, 44, 70, 22, 25, 49, 5)(29, 77, 73, 88, 43, 59, 11, 38, 77, 35, 74, 32, 42, 38, 25)(90, 57, 7, 39, 37, 28, 35, 85, 2, 22, 25, 67, 65, 15, 94)
line 59: nearestNeighbour (5,8,7,5,3,8,8,7,3,4,2,6,4,1,4)
(89, 87, 30, 25, 24, 16, 31, 27, 52, 68, 63, 52, 39, 40, 7)
line 60: nearestNeighbour (8,6,4,7,8,10,3,7,6,9,2,5,4,8,5)
(89, 87, 30, 25, 24, 16, 31, 27, 52, 68, 63, 52, 39, 40, 7)
line 61: nearestNeighbour (3,9,6,1,6,8,6,2,5,10,8,8,6,7,2)
(89, 87, 30, 25, 24, 16, 31, 27, 52, 68, 63, 52, 39, 40, 7)
line 62: nearestNeighbour (8,6,2,1,9,7,2,3,3,6,9,3,3,10,3)
(89, 87, 30, 25, 24, 16, 31, 27, 52, 68, 63, 52, 39, 40, 7)
line 63: nearestNeighbour (4,3,9,8,8,6,2,6,2,4,4,8,5,2,9)
(45, 3, 1, 39, 5, 13, 34, 54, 72, 66, 12, 79, 25, 57, 94)
line 64: nearestNeighbour (6,8,7,3,10,8,2,3,9,7,3,4,9,9,4)
(89, 87, 30, 25, 24, 16, 31, 27, 52, 68, 63, 52, 39, 40, 7)
line 65: nearestNeighbour (3,10,1,1,5,2,6,3,7,3,7,9,5,3,7)
(89, 87, 30, 25, 24, 16, 31, 27, 52, 68, 63, 52, 39, 40, 7)
line 66: kNearestNeighbour 8 (4,6,7,4,7,6,8,8,1,1,7,9,4,7,4)
(89, 87, 30, 25, 24, 16, 31, 27, 52, 68, 63, 52, 39, 40, 7)(45, 3, 1, 39, 5, 13, 34, 54, 72, 66, 12, 79, 25, 57, 94)(24, 85, 15, 18, 20, 85, 28, 29, 68, 68, 69, 27, 5, 9, 71)(71, 46, 55, 42, 66, 19, 96, 22, 41, 14, 73, 32, 23, 63, 20)(56, 33, 27, 85, 99, 6, 7, 41, 95, 29, 11, 48, 35, 26, 45)(30, 11, 21, 26, 70, 51, 59, 68, 38, 100, 47, 23, 11, 21, 91)(82, 88, 67, 49, 42, 48, 9, 74, 37, 44, 70, 22, 25, 49, 5)(90, 57, 7, 39, 37, 28, 35, 85, 2, 22, 25, 67, 65, 15, 94)
line 67: nearestNeighbour (6,3,4,6,10,1,8,9,1,3,10,8,5,7,3)
(89, 87, 30, 25, 24, 16, 31, 27, 52, 68, 63, 52, 39, 40, 7)
line 68: nearestNeighbour (10,1,5,3,8,7,5,8,2,2,3,7,4,5,9)
(45, 3, 1, 39, 5, 13, 34, 54, 72, 66, 12, 79, 25, 57, 94)
line 69: nearestNeighbour (1,2,1,5,8,5,1,7,9,8,6,2,5,7,6)
(45, 3, 1, 39, 5, 13, 34, 54, 72, 66, 12, 79, 25, 57, 94)
line 70: kNearestNeighbour 8 (8,10,2,10,8,1,10,9,1,10,6,1,8,7,6)
(89, 87, 30, 25, 24, 16, 31, 27, 52, 68, 63, 52, 39, 40, 7)(45, 3, 1, 39, 5, 13, 34, 54, 72, 66, 12, 79, 25, 57, 94)(24, 85, 15, 18, 20, 85, 28, 29, 68, 68, 69, 27, 5, 9, 71)(71, 46, 55, 42, 66, 19, 96, 22, 41, 14, 73, 32, 23, 63, 20)(30, 11, 21, 26, 70, 51, 59, 68, 38, 100, 47, 23, 11, 21, 91)(56, 33, 27, 85, 99, 6, 7, 41, 95, 29, 11, 48, 35, 26, 45)(90, 57, 7, 39, 37, 28, 35, 85, 2, 22, 25, 67, 65, 15, 94)(82, 88, 67, 49, 42, 48, 9, 74, 37, 44, 70, 22, 25, 49, 5)
line 71: nearestNeighbour (6,10,3,4,5,8,1,8,3,3,4,5,5,4,7)
(89, 87, 30, 25, 24, 16, 31, 27, 52, 68, 63, 52, 39, 40, 7)
line 72: nearestNeighbour (1,5,9,9,6,9,9,5,1,4,8,9,1,4,7)
(45, 3, 1, 39, 5, 13, 34, 54, 72, 66, 12, 79, 25, 57, 94)
line 73: kNearestNeighbour 10 (9,10,1,7,6,4,3,10,10,7,1,9,2,4,9)
(45, 3, 1, 39, 5, 13, 34, 54, 72, 66, 12, 79, 25, 57, 94)(89, 87, 30, 25, 24, 16, 31, 27, 52, 68, 63, 52, 39, 40, 7)(24, 85, 15, 18, 20, 85, 28, 29, 68, 68, 69, 27, 5, 9, 71)(56, 33, 27, 85, 99, 6, 7, 41, 95, 29, 11, 48, 35, 26, 45)(71, 46, 55, 42, 66, 19, 96, 22, 41, 14, 73, 32, 23, 63, 20)(30, 11, 21, 26, 70, 51, 59, 68, 38, 100, 47, 23, 11, 21, 91)(90, 57, 7, 39, 37, 28, 35, 85, 2, 22, 25, 67, 65, 15, 94)(82, 88, 67, 49, 42, 48, 9, 74, 37, 44, 70, 22, 25, 49, 5)(29, 77, 73, 88, 43, 59, 11, 38, 77, 35, 74, 32, 42, 38, 25)(4, 84, 73, 4, 67, 21, 78, 23, 87, 35, 84, 23, 32, 93, 19)
line 74: nearestNeighbour (10,9,8,10,1,9,3,10,5,6,5,10,9,2,3)
(89, 87, 30, 25, 24, 16, 31, 27, 52, 68, 63, 52, 39, 40, 7)
line 75: kNearestNeighbour 7 (3,1,4,7,7,6,1,9,2,1,1,5,5,10,7)
(45, 3, 1, 39, 5, 13, 34, 54, 72, 66, 12, 79, 25, 57, 94)(89, 87, 30, 25, 24, 16, 31, 27, 52, 68, 63, 52, 39, 40, 7)(24, 85, 15, 18, 20, 85, 28, 29, 68, 68, 69, 27, 5, 9, 71)(56, 33, 27, 85, 99, 6, 7, 41, 95, 29, 11, 48, 35, 26, 45)(71, 46, 55, 42, 66, 19, 96, 22, 41, 14, 73, 32, 23, 63, 20)(30, 11, 21, 26, 70, 51, 59, 68, 38, 100, 47, 23, 11, 21, 91)(90, 57, 7, 39, 37, 28, 35, 85, 2, 22, 25, 67, 65, 15, 94)
line 76: kNearestNeighbour 10 (5,6,4,10,2,7,2,5,10,6,9,9,7,2,4)
(89, 87, 30, 25, 24, 16, 31, 27, 52, 68, 63, 52, 39, 40, 7)(45, 3, 1, 39, 5, 13, 34, 54, 72, 66, 12, 79, 25, 57, 94)(24, 85, 15, 18, 20, 85, 28, 29, 68, 68, 69, 27, 5, 9, 71)(56, 33, 27, 85, 99, 6, 7, 41, 95, 29, 11, 48, 35, 26, 45)(71, 46, 55, 42, 66, 19, 96, 22, 41, 14, 73, 32, 23, 63, 20)(30, 11, 21, 26, 70, 51, 59, 68, 38, 100, 47, 23, 11, 21, 91)(82, 88, 67, 49, 42, 48, 9, 74, 37, 44, 70, 22, 25, 49, 5)(29, 77, 73, 88, 43, 59, 11, 38, 77, 35, 74, 32, 42, 38, 25)(90, 57, 7, 39, 37, 28, 35, 85, 2, 22, 25, 67, 65, 15, 94)(34, 36, 13, 99, 16, 24, 30, 37, 78, 23, 52, 89, 89, 97, 48)
line 77: kNearestNeighbour 8 (5,5,10,2,9,9,4,9,2,10,1,4,1,9,6)
(45, 3, 1, 39, 5, 13, 34, 54, 72, 66, 12, 79, 25, 57, 94)(89, 87, 30, 25, 24, 16, 31, 27, 52, 68, 63, 52, 39, 40, 7)(24, 85, 15, 18, 20, 85, 28, 29, 68, 68, 69, 27, 5, 9, 71)(30, 11, 21, 26, 70, 51, 59, 68, 38, 100, 47, 23, 11, 21, 91)(71, 46, 55, 42, 66, 19, 96, 22, 41, 14, 73, 32, 23, 63, 20)(56, 33, 27, 85, 99, 6, 7, 41, 95, 29, 11, 48, 35, 26, 45)(82, 88, 67, 49, 42, 48, 9, 74, 37, 44, 70, 22, 25, 49, 5)(90, 57, 7, 39, 37, 28, 35, 85, 2, 22, 25, 67, 65, 15, 94)
line 78: nearestNeighbour (6,7,3,9,5,4,10,5,6,8,5,9,9,9,5)
(89, 87, 30, 25, 24, 16, 31, 27, 52, 68, 63, 52, 39, 40, 7)
line 79: kNearestNeighbour 2 (1,7,4,7,9,4,3,4,6,8,10,8,4,8,5)
(89, 87, 30, 25, 24, 16, 31, 27, 52, 68, 63, 52, 39, 40, 7)(45, 3, 1, 39, 5, 13, 34, 54, 72, 66, 12, 79, 25, 57, 94)
line 80: nearestNeighbour (10,4,1,2,6,5,4,5,4,7,1,9,4,5,4)
(45, 3, 1, 39, 5, 13, 34, 54, 72, 66, 12, 79, 25, 57, 94)
line 81: kNearestNeighbour 1 (1,6,8,5,1,2,1,7,7,9,9,6,3,4,3)
(89, 87, 30, 25, 24, 16, 31, 27, 52, 68, 63, 52, 39, 40, 7)
line 82: kNearestNeighbour 8 (6,1,2,3,2,7,4,7,3,9,4,7,3,6,6)
(45, 3, 1, 39, 5, 13, 34, 54, 72, 66, 12, 79, 25, 57, 94)(89, 87, 30, 25, 24, 16, 31, 27, 52, 68, 63, 52, 39, 40, 7)(24, 85, 15, 18, 20, 85, 28, 29, 68, 68, 69, 27, 5, 9, 71)(30, 11, 21, 26, 70, 51, 59, 68, 38, 100, 47, 23, 11, 21, 91)(71, 46, 55, 42, 66, 19, 96, 22, 41, 14, 73, 32, 23, 63, 20)(56, 33, 27, 85, 99, 6, 7, 41, 95, 29, 11, 48, 35, 26, 45)(90, 57, 7, 39, 37, 28, 35, 85, 2, 22, 25, 67, 65, 15, 94)(82, 88, 67, 49, 42, 48, 9, 74, 37, 44, 70, 22, 25, 49, 5)
line 83: kNearestNeighbour 3 (5,3,5,9,10,8,5,3,9,1,3,1,7,10,3)
(89, 87, 30, 25, 24, 16, 31, 27, 52, 68, 63, 52, 39, 40, 7)(45, 3, 1, 39, 5, 13, 34, 54, 72, 66, 12, 79, 25, 57, 94)(71, 46, 55, 42, 66, 19, 96, 22, 41, 14, 73, 32, 23, 63, 20)
line 84: nearestNeighbour (6,5,1,9,2,9,1,2,7,2,3,4,4,8,7)
(45, 3, 1, 39, 5, 13, 34, 54, 72, 66, 12, 79, 25, 57, 94)
line 85: kNearestNeighbour 5 (10,5,6,5,7,2,10,2,10,7,7,8,1,2,7)
(89, 87, 30, 25, 24, 16, 31, 27, 52, 68, 63, 52, 39, 40, 7)(45, 3, 1, 39, 5, 13, 34, 54, 72, 66, 12, 79, 25, 57, 94)(24, 85, 15, 18, 20, 85, 28, 29, 68, 68, 69, 27, 5, 9, 71)(71, 46, 55, 42, 66, 19, 96, 22, 41, 14, 73, 32, 23, 63, 20)(56, 33, 27, 85, 99, 6, 7, 41, 95, 29, 11, 48, 35, 26, 45)
line 86: nearestNeighbour (1,6,8,4,8,5,8,2,5,4,4,8,9,10,9)
(45, 3, 1, 39, 5, 13, 34, 54, 72, 66, 12, 79, 25, 57, 94)
line 87: kNearestNeighbour 5 (6,10,1,1,5,3,7,6,6,6,10,7,8,9,6)
(89, 87, 30, 25, 24, 16, 31, 27, 52, 68, 63, 52, 39, 40, 7)(45, 3, 1, 39, 5, 13, 34, 54, 72, 66, 12, 79, 25, 57, 94)(24, 85, 15, 18, 20, 85, 28, 29, 68, 68, 69, 27, 5, 9, 71)(71, 46, 55, 42, 66, 19, 96, 22, 41, 14, 73, 32, 23, 63, 20)(56, 33, 27, 85, 99, 6, 7, 41, 95, 29, 11, 48, 35, 26, 45)
line 88: kNearestNeighbour 9 (7,3,9,1,9,5,10,2,5,3,4,6,1,4,3)
(89, 87, 30, 25, 24, 16, 31, 27, 52, 68, 63, 52, 39, 40, 7)(45, 3, 1, 39, 5, 13, 34, 54, 72, 66, 12, 79, 25, 57, 94)(71, 46, 55, 42, 66, 19, 96, 22, 41, 14, 73, 32, 23, 63, 20)(24, 85, 15, 18, 20, 85, 28, 29, 68, 68, 69, 27, 5, 9, 71)(56, 33, 27, 85, 99, 6, 7, 41, 95, 29, 11, 48, 35, 26, 45)(30, 11, 21, 26, 70, 51, 59, 68, 38, 100, 47, 23, 11, 21, 91)(82, 88, 67, 49, 42, 48, 9, 74, 37, 44, 70, 22, 25, 49, 5)(90, 57, 7, 39, 37, 28, 35, 85, 2, 22, 25, 67, 65, 15, 94)(29, 77, 73, 88, 43, 59, 11, 38, 77, 35, 74, 32, 42, 38, 25)
line 89: kNearestNeighbour 1 (3,1,9,3,9,5,7,3,10,4,9,10,10,5,10)
(45, 3, 1, 39, 5, 13, 34, 54, 72, 66, 12, 79, 25, 57, 94)
line 90: nearestNeighbour (4,10,4,4,7,8,4,9,5,4,7,9,1,4,1)
(89, 87, 30, 25, 24, 16, 31, 27, 52, 68, 63, 52, 39, 40, 7)
line 91: kNearestNeighbour 9 (7,8,8,10,6,5,4,8,3,4,2,3,8,6,1)
(89, 87, 30, 25, 24, 16, 31, 27, 52, 68, 63, 52, 39, 40, 7)(45, 3, 1, 39, 5, 13, 34, 54, 72, 66, 12, 79, 25, 57, 94)(24, 85, 15, 18, 20, 85, 28, 29, 68, 68, 69, 27, 5, 9, 71)(71, 46, 55, 42, 66, 19, 96, 22, 41, 14, 73, 32, 23, 63, 20)(56, 33, 27, 85, 99, 6, 7, 41, 95, 29, 11, 48, 35, 26, 45)(82, 88, 67, 49, 42, 48, 9, 74, 37, 44, 70, 22, 25, 49, 5)(30, 11, 21, 26, 70, 51, 59, 68, 38, 100, 47, 23, 11, 21, 91)(90, 57, 7, 39, 37, 28, 35, 85, 2, 22, 25, 67, 65, 15, 94)(29, 77, 73, 88, 43, 59, 11, 38, 77, 35, 74, 32, 42, 38, 25)
line 92: nearestNeighbour (3,10,7,4,7,6,1,7,10,4,7,2,5,4,10)
(24, 85, 15, 18, 20, 85, 28, 29, 68, 68, 69, 27, 5, 9, 71)
line 93: nearestNeighbour (3,1,6,9,10,2,9,3,10,8,3,6,7,9,6)
(45, 3, 1, 39, 5, 13, 34, 54, 72, 66, 12, 79, 25, 57, 94)
line 94: nearestNeighbour (1,8,10,5,9,4,6,8,10,7,7,2,4,5,6)
(89, 87, 30, 25, 24, 16, 31, 27, 52, 68, 63, 52, 39, 40, 7)
line 95: kNearestNeighbour 10 (9,7,3,9,2,8,10,3,2,2,8,4,1,7,8)
(89, 87, 30, 25, 24, 16, 31, 27, 52, 68, 63, 52, 39, 40, 7)(45, 3, 1, 39, 5, 13, 34, 54, 72, 66, 12, 79, 25, 57, 94)(24, 85, 15, 18, 20, 85, 28, 29, 68, 68, 69, 27, 5, 9, 71)(71, 46, 55, 42, 66, 19, 96, 22, 41, 14, 73, 32, 23, 63, 20)(30, 11, 21, 26, 70, 51, 59, 68, 38, 100, 47, 23, 11, 21, 91)(56, 33, 27, 85, 99, 6, 7, 41, 95, 29, 11, 48, 35, 26, 45)(90, 57, 7, 39, 37, 28, 35, 85, 2, 22, 25, 67, 65, 15, 94)(82, 88, 67, 49, 42, 48, 9, 74, 37, 44, 70, 22, 25, 49, 5)(29, 77, 73, 88, 43, 59, 11, 38, 77, 35, 74, 32, 42, 38, 25)(4, 84, 73, 4, 67, 21, 78, 23, 87, 35, 84, 23, 32, 93, 19)
line 96: nearestNeighbour (5,10,7,2,5,4,6,8,6,7,7,8,8,8,10)
(89, 87, 30, 25, 24, 16, 31, 27, 52, 68, 63, 52, 39, 40, 7)
line 97: nearestNeighbour (6,5,3,1,2,2,5,5,7,9,1,2,2,6,6)
(45, 3, 1, 39, 5, 13, 34, 54, 72, 66, 12, 79, 25, 57, 94)
line 98: nearestNeighbour (4,5,8,10,4,6,4,3,7,1,3,3,9,6,2)
(89, 87, 30, 25, 24, 16, 31, 27, 52, 68, 63, 52, 39, 40, 7)
line 99: nearestNeighbour (9,7,4,3,7,8,8,1,6,5,8,5,6,4,9)
(89, 87, 30, 25, 24, 16, 31, 27, 52, 68, 63, 52, 39, 40, 7)
line 100: nearestNeighbour (3,3,3,7,1,4,7,2,2,10,1,8,6,2,10)
(45, 3, 1, 39, 5, 13, 34, 54, 72, 66, 12, 79, 25, 57, 94)
line 101: nearestNeighbour (1,9,6,9,10,5,5,9,3,1,4,6,6,4,5)
(89, 87, 30, 25, 24, 16, 31, 27, 52, 68, 63, 52, 39, 40, 7)
line 102: nearestNeighbour (9,10,4,8,8,5,9,9,8,6,2,10,2,4,1)
(89, 87, 30, 25, 24, 16, 31, 27, 52, 68, 63, 52, 39, 40, 7)
line 103: kNearestNeighbour 2 (10,5,8,3,7,2,8,9,7,9,4,4,6,6,4)
(89, 87, 30, 25, 24, 16, 31, 27, 52, 68, 63, 52, 39, 40, 7)(45, 3, 1, 39, 5, 13, 34, 54, 72, 66, 12, 79, 25, 57, 94)
line 104: nearestNeighbour (10,2,3,5,1,1,7,2,2,10,7,5,8,9,4)
(89, 87, 30, 25, 24, 16, 31, 27, 52, 68, 63, 52, 39, 40, 7)
line 105: kNearestNeighbour 4 (6,9,8,10,7,10,3,5,1,7,6,8,9,10,8)
(89, 87, 30, 25, 24, 16, 31, 27, 52, 68, 63, 52, 39, 40, 7)(45, 3, 1, 39, 5, 13, 34, 54, 72, 66, 12, 79, 25, 57, 94)(24, 85, 15, 18, 20, 85, 28, 29, 68, 68, 69, 27, 5, 9, 71)(71, 46, 55, 42, 66, 19, 96, 22, 41, 14, 73, 32, 23, 63, 20)
line 106: kNearestNeighbour 1 (6,8,1,3,9,8,7,1,2,3,7,4,1,9,5)
(89, 87, 30, 25, 24, 16, 31, 27, 52, 68, 63, 52, 39, 40, 7)
line 107: kNearestNeighbour 5 (6,10,10,10,10,1,6,5,3,8,5,10,3,7,1)
(89, 87, 30, 25, 24, 16, 31, 27, 52, 68, 63, 52, 39, 40, 7)(45, 3, 1, 39, 5, 13, 34, 54, 72, 66, 12, 79, 25, 57, 94)(71, 46, 55, 42, 66, 19, 96, 22, 41, 14, 73, 32, 23, 63, 20)(24, 85, 15, 18, 20, 85, 28, 29, 68, 68, 69, 27, 5, 9, 71)(56, 33, 27, 85, 99, 6, 7, 41, 95, 29, 11, 48, 35, 26, 45)
line 108: nearestNeighbour (1,2,2,10,7,7,1,1,4,7,4,5,8,5,2)
(45, 3, 1, 39, 5, 13, 34, 54, 72, 66, 12, 79, 25, 57, 94)
line 109: nearestNeighbour (5,8,4,4,10,9,4,5,3,5,5,7,5,9,3)
(89, 87, 30, 25, 24, 16, 31, 27, 52, 68, 63, 52, 39, 40, 7)
line 110: nearestNeighbour (2,7,10,1,2,5,6,8,5,8,2,10,6,5,5)
(45, 3, 1, 39, 5, 13, 34, 54, 72, 66, 12, 79, 25, 57, 94)
line 111: kNearestNeighbour 2 (1,5,9,4,5,8,2,3,6,3,9,6,7,6,2)
(89, 87, 30, 25, 24, 16, 31, 27, 52, 68, 63, 52, 39, 40, 7)(24, 85, 15, 18, 20, 85, 28, 29, 68, 68, 69, 27, 5, 9, 71)
line 112: kNearestNeighbour 9 (9,1,8,3,6,5,6,6,3,10,10,8,5,1,2)
(89, 87, 30, 25, 24, 16, 31, 27, 52, 68, 63, 52, 39, 40, 7)(45, 3, 1, 39, 5, 13, 34, 54, 72, 66, 12, 79, 25, 57, 94)(24, 85, 15, 18, 20, 85, 28, 29, 68, 68, 69, 27, 5, 9, 71)(71, 46, 55, 42, 66, 19, 96, 22, 41, 14, 73, 32, 23, 63, 20)(30, 11, 21, 26, 70, 51, 59, 68, 38, 100, 47, 23, 11, 21, 91)(56, 33, 27, 85, 99, 6, 7, 41, 95, 29, 11, 48, 35, 26, 45)(82, 88, 67, 49, 42, 48, 9, 74, 37, 44, 70, 22, 25, 49, 5)(90, 57, 7, 39, 37, 28, 35, 85, 2, 22, 25, 67, 65, 15, 94)(29, 77, 73, 88, 43, 59, 11, 38, 77, 35, 74, 32, 42, 38, 25)
line 113: kNearestNeighbour 9 (2,6,1,3,6,3,4,8,8,10,4,6,4,2,1)
(89, 87, 30, 25, 24, 16, 31, 27, 52, 68, 63, 52, 39, 40, 7)(45, 3, 1, 39, 5, 13, 34, 54, 72, 66, 12, 79, 25, 57, 94)(24, 85, 15, 18, 20, 85, 28, 29, 68, 68, 69, 27, 5, 9, 71)(56, 33, 27, 85, 99, 6, 7, 41, 95, 29, 11, 48, 35, 26, 45)(71, 46, 55, 42, 66, 19, 96, 22, 41, 14, 73, 32, 23, 63, 20)(30, 11, 21, 26, 70, 51, 59, 68, 38, 100, 47, 23, 11, 21, 91)(82, 88, 67, 49, 42, 48, 9, 74, 37, 44, 70, 22, 25, 49, 5)(90, 57, 7, 39, 37, 28, 35, 85, 2, 22, 25, 67, 65, 15, 94)(29, 77, 73, 88, 43, 59, 11, 38, 77, 35, 74, 32, 42, 38, 25)
line 114: nearestNeighbour (4,4,3,10,10,2,10,7,6,2,4,2,2,5,4)
(45, 3, 1, 39, 5, 13, 34, 54, 72, 66, 12, 79, 25, 57, 94)
line 115: kNearestNeighbour 10 (1,7,1,10,9,10,6,1,1,4,4,10,2,5,3)
(89, 87, 30, 25, 24, 16, 31, 27, 52, 68, 63, 52, 39, 40, 7)(45, 3, 1, 39, 5, 13, 34, 54, 72, 66, 12, 79, 25, 57, 94)(24, 85, 15, 18, 20, 85, 28, 29, 68, 68, 69, 27, 5, 9, 71)(71, 46, 55, 42, 66, 19, 96, 22, 41, 14, 73, 32, 23, 63, 20)(56, 33, 27, 85, 99, 6, 7, 41, 95, 29, 11, 48, 35, 26, 45)(30, 11, 21, 26, 70, 51, 59, 68, 38, 100, 47, 23, 11, 21, 91)(90, 57, 7, 39, 37, 28, 35, 85, 2, 22, 25, 67, 65, 15, 94)(82, 88, 67, 49, 42, 48, 9, 74, 37, 44, 70, 22, 25, 49, 5)(29, 77, 73, 88, 43, 59, 11, 38, 77, 35, 74, 32, 42, 38, 25)(4, 84, 73, 4, 67, 21, 78, 23, 87, 35, 84, 23, 32, 93, 19)
line 116: nearestNeighbour (8,9,8,8,1,2,8,8,8,2,1,5,3,8,8)
(45, 3, 1, 39, 5, 13, 34, 54, 72, 66, 12, 79, 25, 57, 94)
line 117: nearestNeighbour (2,10,1,9,7,7,8,9,10,6,3,7,7,8,10)
(45, 3, 1, 39, 5, 13, 34, 54, 72, 66, 12, 79, 25, 57, 94)
line 118: nearestNeighbour (4,3,2,6,3,2,10,9,8,6,9,9,3,4,10)
(45, 3, 1, 39, 5, 13, 34, 54, 72, 66, 12, 79, 25, 57, 94)
line 119: kNearestNeighbour 4 (3,3,5,10,10,4,6,3,7,3,1,8,10,3,10)
(45, 3, 1, 39, 5, 13, 34, 54, 72, 66, 12, 79, 25, 57, 94)(89, 87, 30, 25, 24, 16, 31, 27, 52, 68, 63, 52, 39, 40, 7)(56, 33, 27, 85, 99, 6, 7, 41, 95, 29, 11, 48, 35, 26, 45)(24, 85, 15, 18, 20, 85, 28, 29, 68, 68, 69, 27, 5, 9, 71)
line 120: nearestNeighbour (5,7,9,1,1,2,10,1,4,1,7,9,9,1,6)
(89, 87, 30, 25, 24, 16, 31, 27, 52, 68, 63, 52, 39, 40, 7)
line 121: kNearestNeighbour 2 (5,8,1,9,1,2,5,3,7,1,9,8,10,2,7)
(89, 87, 30, 25, 24, 16, 31, 27, 52, 68, 63, 52, 39, 40, 7)(45, 3, 1, 39, 5, 13, 34, 54, 72, 66, 12, 79, 25, 57, 94)
line 122: kNearestNeighbour 5 (3,2,7,2,10,6,6,10,7,7,3,6,7,4,2)
(45, 3, 1, 39, 5, 13, 34, 54, 72, 66, 12, 79, 25, 57, 94)(89, 87, 30, 25, 24, 16, 31, 27, 52, 68, 63, 52, 39, 40, 7)(24, 85, 15, 18, 20, 85, 28, 29, 68, 68, 69, 27, 5, 9, 71)(71, 46, 55, 42, 66, 19, 96, 22, 41, 14, 73, 32, 23, 63, 20)(56, 33, 27, 85, 99, 6, 7, 41, 95, 29, 11, 48, 35, 26, 45)
line 123: nearestNeighbour (4,10,7,3,6,3,8,7,10,2,4,2,9,8,1)
(89, 87, 30, 25, 24, 16, 31, 27, 52, 68, 63, 52, 39, 40, 7)
line 124: nearestNeighbour (5,9,6,1,10,9,2,8,4,6,10,4,8,2,10)
(24, 85, 15, 18, 20, 85, 28, 29, 68, 68, 69, 27, 5, 9, 71)
line 125: kNearestNeighbour 7 (10,1,5,1,4,6,6,7,6,5,6,3,1,6,1)
(89, 87, 30, 25, 24, 16, 31, 27, 52, 68, 63, 52, 39, 40, 7)(45, 3, 1, 39, 5, 13, 34, 54, 72, 66, 12, 79, 25, 57, 94)(24, 85, 15, 18, 20, 85, 28, 29, 68, 68, 69, 27, 5, 9, 71)(71, 46, 55, 42, 66, 19, 96, 22, 41, 14, 73, 32, 23, 63, 20)(30, 11, 21, 26, 70, 51, 59, 68, 38, 100, 47, 23, 11, 21, 91)(56, 33, 27, 85, 99, 6, 7, 41, 95, 29, 11, 48, 35, 26, 45)(82, 88, 67, 49, 42, 48, 9, 74, 37, 44, 70, 22, 25, 49, 5)
line 126: nearestNeighbour (6,5,3,4,9,7,8,8,5,6,8,7,7,5,4)
(89, 87, 30, 25, 24, 16, 31, 27, 52, 68, 63, 52, 39, 40, 7)
line 127: nearestNeighbour (9,2,6,3,4,8,4,10,7,6,5,9,6,7,1)
(89, 87, 30, 25, 24, 16, 31, 27, 52, 68, 63, 52, 39, 40, 7)
line 128: kNearestNeighbour 5 (7,4,2,10,2,5,4,9,9,2,8,5,10,7,6)
(45, 3, 1, 39, 5, 13, 34, 54, 72, 66, 12, 79, 25, 57, 94)(89, 87, 30, 25, 24, 16, 31, 27, 52, 68, 63, 52, 39, 40, 7)(24, 85, 15, 18, 20, 85, 28, 29, 68, 68, 69, 27, 5, 9, 71)(71, 46, 55, 42, 66, 19, 96, 22, 41, 14, 73, 32, 23, 63, 20)(56, 33, 27, 85, 99, 6, 7, 41, 95, 29, 11, 48, 35, 26, 45)
line 129: kNearestNeighbour 3 (1,6,8,7,5,10,2,3,6,4,3,7,9,3,7)
(45, 3, 1, 39, 5, 13, 34, 54, 72, 66, 12, 79, 25, 57, 94)(24, 85, 15, 18, 20, 85, 28, 29, 68, 68, 69, 27, 5, 9, 71)(89, 87, 30, 25, 24, 16, 31, 27, 52, 68, 63, 52, 39, 40, 7)
line 130: kNearestNeighbour 5 (1,3,7,2,3,5,6,2,7,8,6,8,6,3,3)
(89, 87, 30, 25, 24, 16, 31, 27, 52, 68, 63, 52, 39, 40, 7)(45, 3, 1, 39, 5, 13, 34, 54, 72, 66, 12, 79, 25, 57, 94)(24, 85, 15, 18, 20, 85, 28, 29, 68, 68, 69, 27, 5, 9, 71)(71, 46, 55, 42, 66, 19, 96, 22, 41, 14, 73, 32, 23, 63, 20)(30, 11, 21, 26, 70, 51, 59, 68, 38, 100, 47, 23, 11, 21, 91)
line 131: nearestNeighbour (1,3,4,4,8,6,5,9,3,4,3,8,9,1,5)
(45, 3, 1, 39, 5, 13, 34, 54, 72, 66, 12, 79, 25, 57, 94)
line 132: kNearestNeighbour 6 (8,1,7,6,3,8,3,3,4,9,8,4,3,2,3)
(89, 87, 30, 25, 24, 16, 31, 27, 52, 68, 63, 52, 39, 40, 7)(45, 3, 1, 39, 5, 13, 34, 54, 72, 66, 12, 79, 25, 57, 94)(24, 85, 15, 18, 20, 85, 28, 29, 68, 68, 69, 27, 5, 9, 71)(71, 46, 55, 42, 66, 19, 96, 22, 41, 14, 73, 32, 23, 63, 20)(30, 11, 21, 26, 70, 51, 59, 68, 38, 100, 47, 23, 11, 21, 91)(56, 33, 27, 85, 99, 6, 7, 41, 95, 29, 11, 48, 35, 26, 45)
line 133: kNearestNeighbour 5 (8,5,9,5,6,2,7,7,7,8,8,9,3,2,6)
(89, 87, 30, 25, 24, 16, 31, 27, 52, 68, 63, 52, 39, 40, 7)(45, 3, 1, 39, 5, 13, 34, 54, 72, 66, 12, 79, 25, 57, 94)(24, 85, 15, 18, 20, 85, 28, 29, 68, 68, 69, 27, 5, 9, 71)(71, 46, 55, 42, 66, 19, 96, 22, 41, 14, 73, 32, 23, 63, 20)(56, 33, 27, 85, 99, 6, 7, 41, 95, 29, 11, 48, 35, 26, 45)
line 134: nearestNeighbour (9,4,7,9,9,4,10,6,8,1,4,8,5,3,6)
(89, 87, 30, 25, 24, 16, 31, 27, 52, 68, 63, 52, 39, 40, 7)
line 135: nearestNeighbour (10,6,2,10,1,1,10,7,9,1,3,9,8,6,10)
(45, 3, 1, 39, 5, 13, 34, 54, 72, 66, 12, 79, 25, 57, 94)
line 136: kNearestNeighbour 2 (8,1,9,10,1,5,9,2,10,4,5,8,2,9,4)
(45, 3, 1, 39, 5, 13, 34, 54, 72, 66, 12, 79, 25, 57, 94)(89, 87, 30, 25, 24, 16, 31, 27, 52, 68, 63, 52, 39, 40, 7)
line 137: kNearestNeighbour 10 (8,7,9,8,1,4,4,3,7,7,6,3,8,4,4)
(89, 87, 30, 25, 24, 16, 31, 27, 52, 68, 63, 52, 39, 40, 7)(45, 3, 1, 39, 5, 13, 34, 54, 72, 66, 12, 79, 25, 57, 94)(24, 85, 15, 18, 20, 85, 28, 29, 68, 68, 69, 27, 5, 9, 71)(71, 46, 55, 42, 66, 19, 96, 22, 41, 14, 73, 32, 23, 63, 20)(56, 33, 27, 85, 99, 6, 7, 41, 95, 29, 11, 48, 35, 26, 45)(30, 11, 21, 26, 70, 51, 59, 68, 38, 100, 47, 23, 11, 21, 91)(82, 88, 67, 49, 42, 48, 9, 74, 37, 44, 70, 22, 25, 49, 5)(29, 77, 73, 88, 43, 59, 11, 38, 77, 35, 74, 32, 42, 38, 25)(90, 57, 7, 39, 37, 28, 35, 85, 2, 22, 25, 67, 65, 15, 94)(4, 84, 73, 4, 67, 21, 78, 23, 87, 35, 84, 23, 32, 93, 19)
line 138: nearestNeighbour (5,7,3,1,7,1,8,3,8,6,5,10,7,10,6)
(89, 87, 30, 25, 24, 16, 31, 27, 52, 68, 63, 52, 39, 40, 7)
line 139: nearestNeighbour (5,9,6,6,10,3,3,4,2,10,7,7,2,9,6)
(89, 87, 30, 25, 24, 16, 31, 27, 52, 68, 63, 52, 39, 40, 7)
line 140: nearestNeighbour (4,6,8,3,9,2,8,8,8,4,8,7,9,9,10)
(45, 3, 1, 39, 5, 13, 34, 54, 72, 66, 12, 79, 25, 57, 94)
line 141: nearestNeighbour (10,6,7,6,9,9,5,4,4,7,10,8,7,3,10)
(89, 87, 30, 25, 24, 16, 31, 27, 52, 68, 63, 52, 39, 40, 7)
line 142: kNearestNeighbour 6 (7,10,4,9,6,8,9,1,4,2,8,2,8,7,7)
(89, 87, 30, 25, 24, 16, 31, 27, 52, 68, 63, 52, 39, 40, 7)(24, 85, 15, 18, 20, 85, 28, 29, 68, 68, 69, 27, 5, 9, 71)(45, 3, 1, 39, 5, 13, 34, 54, 72, 66, 12, 79, 25, 57, 94)(71, 46, 55, 42, 66, 19, 96, 22, 41, 14, 73, 32, 23, 63, 20)(56, 33, 27, 85, 99, 6, 7, 41, 95, 29, 11, 48, 35, 26, 45)(30, 11, 21, 26, 70, 51, 59, 68, 38, 100, 47, 23, 11, 21, 91)
line 143: nearestNeighbour (8,6,5,9,3,3,3,6,1,6,8,3,3,1,5)
(89, 87, 30, 25, 24, 16, 31, 27, 52, 68, 63, 52, 39, 40, 7)
line 144: kNearestNeighbour 3 (2,6,9,7,4,2,2,5,1,5,2,5,3,6,8)
(45, 3, 1, 39, 5, 13, 34, 54, 72, 66, 12, 79, 25, 57, 94)(89, 87, 30, 25, 24, 16, 31, 27, 52, 68, 63, 52, 39, 40, 7)(24, 85, 15, 18, 20, 85, 28, 29, 68, 68, 69, 27, 5, 9, 71)
line 145: nearestNeighbour (10,6,5,6,9,3,10,2,6,5,7,10,5,4,6)
(89, 87, 30, 25, 24, 16, 31, 27, 52, 68, 63, 52, 39, 40, 7)
line 146: kNearestNeighbour 1 (5,4,1,6,2,5,4,1,3,9,10,8,10,1,1)
(89, 87, 30, 25, 24, 16, 31, 27, 52, 68, 63, 52, 39, 40, 7)
line 147: nearestNeighbour (3,8,1,1,5,8,3,6,8,1,3,1,7,1,5)
(24, 85, 15, 18, 20, 85, 28, 29, 68, 68, 69, 27, 5, 9, 71)
line 148: kNearestNeighbour 10 (4,6,8,3,8,2,1,10,7,4,8,1,3,3,5)
