line 1: k=16
line 2: clear
line 3: buildTree 15
(35,17,55,25,100,28,45,12,61,77,39,40,84,25,89,43) (80,57,67,28,67,89,54,68,76,58,98,65,96,80,60,97) (58,49,18,96,18,70,23,35,35,96,100,38,14,63,39,23) (27,73,40,21,82,96,47,69,56,49,99,28,59,30,37,11) (3,20,4,55,66,11,49,84,59,67,1,9,2,85,64,65) (97,92,50,73,69,11,20,7,31,61,45,48,64,8,35,82) (8,92,84,60,59,33,33,61,88,99,26,24,41,1,48,94) (61,90,30,34,6,59,45,57,17,8,74,94,61,49,11,2) (39,89,56,36,35,44,63,61,53,38,42,21,97,27,17,35) (27,12,68,83,2,93,11,27,43,67,98,78,53,8,46,26) (98,78,19,96,3,41,87,90,95,69,58,9,11,22,56,71) (63,3,14,49,4,13,4,74,57,27,59,47,7,31,31,3) (21,49,62,59,40,50,29,46,86,64,76,65,8,76,40,5) (13,67,38,23,34,65,26,49,4,46,6,3,42,17,79,83) (49,21,100,86,81,84,59,64,57,40,42,82,93,78,78,27) 
line 4: nodeCount_height_leafCount
nodeCount=15;height=4;leafCount=8
line 5: inorderTraversal
(3, 20, 4, 55, 66, 11, 49, 84, 59, 67, 1, 9, 2, 85, 64, 65) (35, 17, 55, 25, 100, 28, 45, 12, 61, 77, 39, 40, 84, 25, 89, 43) (27, 12, 68, 83, 2, 93, 11, 27, 43, 67, 98, 78, 53, 8, 46, 26) (21, 49, 62, 59, 40, 50, 29, 46, 86, 64, 76, 65, 8, 76, 40, 5) (13, 67, 38, 23, 34, 65, 26, 49, 4, 46, 6, 3, 42, 17, 79, 83) (27, 73, 40, 21, 82, 96, 47, 69, 56, 49, 99, 28, 59, 30, 37, 11) (8, 92, 84, 60, 59, 33, 33, 61, 88, 99, 26, 24, 41, 1, 48, 94) (39, 89, 56, 36, 35, 44, 63, 61, 53, 38, 42, 21, 97, 27, 17, 35) (63, 3, 14, 49, 4, 13, 4, 74, 57, 27, 59, 47, 7, 31, 31, 3) (58, 49, 18, 96, 18, 70, 23, 35, 35, 96, 100, 38, 14, 63, 39, 23) (49, 21, 100, 86, 81, 84, 59, 64, 57, 40, 42, 82, 93, 78, 78, 27) (80, 57, 67, 28, 67, 89, 54, 68, 76, 58, 98, 65, 96, 80, 60, 97) (98, 78, 19, 96, 3, 41, 87, 90, 95, 69, 58, 9, 11, 22, 56, 71) (61, 90, 30, 34, 6, 59, 45, 57, 17, 8, 74, 94, 61, 49, 11, 2) (97, 92, 50, 73, 69, 11, 20, 7, 31, 61, 45, 48, 64, 8, 35, 82) 
line 6: preorderTraversal
(39, 89, 56, 36, 35, 44, 63, 61, 53, 38, 42, 21, 97, 27, 17, 35) (21, 49, 62, 59, 40, 50, 29, 46, 86, 64, 76, 65, 8, 76, 40, 5) (35, 17, 55, 25, 100, 28, 45, 12, 61, 77, 39, 40, 84, 25, 89, 43) (3, 20, 4, 55, 66, 11, 49, 84, 59, 67, 1, 9, 2, 85, 64, 65) (27, 12, 68, 83, 2, 93, 11, 27, 43, 67, 98, 78, 53, 8, 46, 26) (27, 73, 40, 21, 82, 96, 47, 69, 56, 49, 99, 28, 59, 30, 37, 11) (13, 67, 38, 23, 34, 65, 26, 49, 4, 46, 6, 3, 42, 17, 79, 83) (8, 92, 84, 60, 59, 33, 33, 61, 88, 99, 26, 24, 41, 1, 48, 94) (80, 57, 67, 28, 67, 89, 54, 68, 76, 58, 98, 65, 96, 80, 60, 97) (58, 49, 18, 96, 18, 70, 23, 35, 35, 96, 100, 38, 14, 63, 39, 23) (63, 3, 14, 49, 4, 13, 4, 74, 57, 27, 59, 47, 7, 31, 31, 3) (49, 21, 100, 86, 81, 84, 59, 64, 57, 40, 42, 82, 93, 78, 78, 27) (61, 90, 30, 34, 6, 59, 45, 57, 17, 8, 74, 94, 61, 49, 11, 2) (98, 78, 19, 96, 3, 41, 87, 90, 95, 69, 58, 9, 11, 22, 56, 71) (97, 92, 50, 73, 69, 11, 20, 7, 31, 61, 45, 48, 64, 8, 35, 82) 
line 7: postorderTraversal
(3, 20, 4, 55, 66, 11, 49, 84, 59, 67, 1, 9, 2, 85, 64, 65) (27, 12, 68, 83, 2, 93, 11, 27, 43, 67, 98, 78, 53, 8, 46, 26) (35, 17, 55, 25, 100, 28, 45, 12, 61, 77, 39, 40, 84, 25, 89, 43) (13, 67, 38, 23, 34, 65, 26, 49, 4, 46, 6, 3, 42, 17, 79, 83) (8, 92, 84, 60, 59, 33, 33, 61, 88, 99, 26, 24, 41, 1, 48, 94) (27, 73, 40, 21, 82, 96, 47, 69, 56, 49, 99, 28, 59, 30, 37, 11) (21, 49, 62, 59, 40, 50, 29, 46, 86, 64, 76, 65, 8, 76, 40, 5) (63, 3, 14, 49, 4, 13, 4, 74, 57, 27, 59, 47, 7, 31, 31, 3) (49, 21, 100, 86, 81, 84, 59, 64, 57, 40, 42, 82, 93, 78, 78, 27) (58, 49, 18, 96, 18, 70, 23, 35, 35, 96, 100, 38, 14, 63, 39, 23) (98, 78, 19, 96, 3, 41, 87, 90, 95, 69, 58, 9, 11, 22, 56, 71) (97, 92, 50, 73, 69, 11, 20, 7, 31, 61, 45, 48, 64, 8, 35, 82) (61, 90, 30, 34, 6, 59, 45, 57, 17, 8, 74, 94, 61, 49, 11, 2) (80, 57, 67, 28, 67, 89, 54, 68, 76, 58, 98, 65, 96, 80, 60, 97) (39, 89, 56, 36, 35, 44, 63, 61, 53, 38, 42, 21, 97, 27, 17, 35) 
line 8: kNearestNeighbour 9 (2,2,6,4,9,4,2,1,2,5,9,2,3,5,8,4)
(63, 3, 14, 49, 4, 13, 4, 74, 57, 27, 59, 47, 7, 31, 31, 3)(13, 67, 38, 23, 34, 65, 26, 49, 4, 46, 6, 3, 42, 17, 79, 83)(3, 20, 4, 55, 66, 11, 49, 84, 59, 67, 1, 9, 2, 85, 64, 65)(39, 89, 56, 36, 35, 44, 63, 61, 53, 38, 42, 21, 97, 27, 17, 35)(61, 90, 30, 34, 6, 59, 45, 57, 17, 8, 74, 94, 61, 49, 11, 2)(21, 49, 62, 59, 40, 50, 29, 46, 86, 64, 76, 65, 8, 76, 40, 5)(35, 17, 55, 25, 100, 28, 45, 12, 61, 77, 39, 40, 84, 25, 89, 43)(27, 12, 68, 83, 2, 93, 11, 27, 43, 67, 98, 78, 53, 8, 46, 26)(58, 49, 18, 96, 18, 70, 23, 35, 35, 96, 100, 38, 14, 63, 39, 23)
line 9: nearestNeighbour (7,10,2,1,1,5,8,5,6,7,4,4,5,1,8,1)
(63, 3, 14, 49, 4, 13, 4, 74, 57, 27, 59, 47, 7, 31, 31, 3)
line 10: kNearestNeighbour 10 (10,4,5,7,5,10,2,2,6,2,5,5,2,3,6,7)
(63, 3, 14, 49, 4, 13, 4, 74, 57, 27, 59, 47, 7, 31, 31, 3)(13, 67, 38, 23, 34, 65, 26, 49, 4, 46, 6, 3, 42, 17, 79, 83)(3, 20, 4, 55, 66, 11, 49, 84, 59, 67, 1, 9, 2, 85, 64, 65)(39, 89, 56, 36, 35, 44, 63, 61, 53, 38, 42, 21, 97, 27, 17, 35)(61, 90, 30, 34, 6, 59, 45, 57, 17, 8, 74, 94, 61, 49, 11, 2)(21, 49, 62, 59, 40, 50, 29, 46, 86, 64, 76, 65, 8, 76, 40, 5)(35, 17, 55, 25, 100, 28, 45, 12, 61, 77, 39, 40, 84, 25, 89, 43)(27, 12, 68, 83, 2, 93, 11, 27, 43, 67, 98, 78, 53, 8, 46, 26)(58, 49, 18, 96, 18, 70, 23, 35, 35, 96, 100, 38, 14, 63, 39, 23)(97, 92, 50, 73, 69, 11, 20, 7, 31, 61, 45, 48, 64, 8, 35, 82)
line 11: kNearestNeighbour 2 (1,9,3,3,3,9,5,10,2,7,7,1,1,4,10,7)
(63, 3, 14, 49, 4, 13, 4, 74, 57, 27, 59, 47, 7, 31, 31, 3)(13, 67, 38, 23, 34, 65, 26, 49, 4, 46, 6, 3, 42, 17, 79, 83)
line 12: kNearestNeighbour 5 (7,9,6,8,9,5,8,2,1,2,7,5,6,10,8,5)
(63, 3, 14, 49, 4, 13, 4, 74, 57, 27, 59, 47, 7, 31, 31, 3)(13, 67, 38, 23, 34, 65, 26, 49, 4, 46, 6, 3, 42, 17, 79, 83)(3, 20, 4, 55, 66, 11, 49, 84, 59, 67, 1, 9, 2, 85, 64, 65)(39, 89, 56, 36, 35, 44, 63, 61, 53, 38, 42, 21, 97, 27, 17, 35)(61, 90, 30, 34, 6, 59, 45, 57, 17, 8, 74, 94, 61, 49, 11, 2)
line 13: kNearestNeighbour 9 (6,1,6,8,8,10,6,10,4,10,4,7,4,7,10,1)
(63, 3, 14, 49, 4, 13, 4, 74, 57, 27, 59, 47, 7, 31, 31, 3)(13, 67, 38, 23, 34, 65, 26, 49, 4, 46, 6, 3, 42, 17, 79, 83)(3, 20, 4, 55, 66, 11, 49, 84, 59, 67, 1, 9, 2, 85, 64, 65)(39, 89, 56, 36, 35, 44, 63, 61, 53, 38, 42, 21, 97, 27, 17, 35)(61, 90, 30, 34, 6, 59, 45, 57, 17, 8, 74, 94, 61, 49, 11, 2)(21, 49, 62, 59, 40, 50, 29, 46, 86, 64, 76, 65, 8, 76, 40, 5)(35, 17, 55, 25, 100, 28, 45, 12, 61, 77, 39, 40, 84, 25, 89, 43)(27, 12, 68, 83, 2, 93, 11, 27, 43, 67, 98, 78, 53, 8, 46, 26)(58, 49, 18, 96, 18, 70, 23, 35, 35, 96, 100, 38, 14, 63, 39, 23)
line 14: kNearestNeighbour 10 (7,5,9,5,10,5,1,1,10,5,9,8,10,5,2,8)
(63, 3, 14, 49, 4, 13, 4, 74, 57, 27, 59, 47, 7, 31, 31, 3)(13, 67, 38, 23, 34, 65, 26, 49, 4, 46, 6, 3, 42, 17, 79, 83)(39, 89, 56, 36, 35, 44, 63, 61, 53, 38, 42, 21, 97, 27, 17, 35)(3, 20, 4, 55, 66, 11, 49, 84, 59, 67, 1, 9, 2, 85, 64, 65)(61, 90, 30, 34, 6, 59, 45, 57, 17, 8, 74, 94, 61, 49, 11, 2)(21, 49, 62, 59, 40, 50, 29, 46, 86, 64, 76, 65, 8, 76, 40, 5)(35, 17, 55, 25, 100, 28, 45, 12, 61, 77, 39, 40, 84, 25, 89, 43)(27, 12, 68, 83, 2, 93, 11, 27, 43, 67, 98, 78, 53, 8, 46, 26)(97, 92, 50, 73, 69, 11, 20, 7, 31, 61, 45, 48, 64, 8, 35, 82)(58, 49, 18, 96, 18, 70, 23, 35, 35, 96, 100, 38, 14, 63, 39, 23)
line 15: nearestNeighbour (1,1,1,3,8,5,1,8,6,1,4,4,2,6,4,8)
(63, 3, 14, 49, 4, 13, 4, 74, 57, 27, 59, 47, 7, 31, 31, 3)
line 16: kNearestNeighbour 2 (5,5,9,4,1,2,5,8,4,2,3,5,3,5,1,2)
(63, 3, 14, 49, 4, 13, 4, 74, 57, 27, 59, 47, 7, 31, 31, 3)(13, 67, 38, 23, 34, 65, 26, 49, 4, 46, 6, 3, 42, 17, 79, 83)
line 17: nearestNeighbour (5,3,2,8,6,9,1,10,10,10,4,7,5,3,9,4)
(63, 3, 14, 49, 4, 13, 4, 74, 57, 27, 59, 47, 7, 31, 31, 3)
line 18: nearestNeighbour (5,7,1,1,8,2,10,10,8,2,8,9,4,8,2,3)
(63, 3, 14, 49, 4, 13, 4, 74, 57, 27, 59, 47, 7, 31, 31, 3)
line 19: kNearestNeighbour 9 (3,7,10,10,3,10,6,10,2,7,8,7,5,1,4,3)
(63, 3, 14, 49, 4, 13, 4, 74, 57, 27, 59, 47, 7, 31, 31, 3)(13, 67, 38, 23, 34, 65, 26, 49, 4, 46, 6, 3, 42, 17, 79, 83)(39, 89, 56, 36, 35, 44, 63, 61, 53, 38, 42, 21, 97, 27, 17, 35)(3, 20, 4, 55, 66, 11, 49, 84, 59, 67, 1, 9, 2, 85, 64, 65)(61, 90, 30, 34, 6, 59, 45, 57, 17, 8, 74, 94, 61, 49, 11, 2)(21, 49, 62, 59, 40, 50, 29, 46, 86, 64, 76, 65, 8, 76, 40, 5)(27, 12, 68, 83, 2, 93, 11, 27, 43, 67, 98, 78, 53, 8, 46, 26)(35, 17, 55, 25, 100, 28, 45, 12, 61, 77, 39, 40, 84, 25, 89, 43)(58, 49, 18, 96, 18, 70, 23, 35, 35, 96, 100, 38, 14, 63, 39, 23)
line 20: nearestNeighbour (1,6,9,5,5,1,3,6,5,7,6,5,10,3,6,1)
(63, 3, 14, 49, 4, 13, 4, 74, 57, 27, 59, 47, 7, 31, 31, 3)
line 21: nearestNeighbour (4,4,4,3,3,9,10,5,8,8,9,10,4,9,6,8)
(63, 3, 14, 49, 4, 13, 4, 74, 57, 27, 59, 47, 7, 31, 31, 3)
line 22: kNearestNeighbour 9 (6,7,6,5,9,10,8,7,8,5,9,4,6,1,7,6)
(63, 3, 14, 49, 4, 13, 4, 74, 57, 27, 59, 47, 7, 31, 31, 3)(13, 67, 38, 23, 34, 65, 26, 49, 4, 46, 6, 3, 42, 17, 79, 83)(39, 89, 56, 36, 35, 44, 63, 61, 53, 38, 42, 21, 97, 27, 17, 35)(3, 20, 4, 55, 66, 11, 49, 84, 59, 67, 1, 9, 2, 85, 64, 65)(61, 90, 30, 34, 6, 59, 45, 57, 17, 8, 74, 94, 61, 49, 11, 2)(21, 49, 62, 59, 40, 50, 29, 46, 86, 64, 76, 65, 8, 76, 40, 5)(35, 17, 55, 25, 100, 28, 45, 12, 61, 77, 39, 40, 84, 25, 89, 43)(27, 12, 68, 83, 2, 93, 11, 27, 43, 67, 98, 78, 53, 8, 46, 26)(58, 49, 18, 96, 18, 70, 23, 35, 35, 96, 100, 38, 14, 63, 39, 23)
line 23: nearestNeighbour (8,2,2,8,5,9,6,9,7,2,7,4,9,8,3,3)
(63, 3, 14, 49, 4, 13, 4, 74, 57, 27, 59, 47, 7, 31, 31, 3)
line 24: kNearestNeighbour 4 (3,1,5,6,8,3,5,1,9,3,4,6,10,3,3,3)
(63, 3, 14, 49, 4, 13, 4, 74, 57, 27, 59, 47, 7, 31, 31, 3)(13, 67, 38, 23, 34, 65, 26, 49, 4, 46, 6, 3, 42, 17, 79, 83)(3, 20, 4, 55, 66, 11, 49, 84, 59, 67, 1, 9, 2, 85, 64, 65)(39, 89, 56, 36, 35, 44, 63, 61, 53, 38, 42, 21, 97, 27, 17, 35)
line 25: kNearestNeighbour 2 (2,10,3,8,9,4,4,5,1,2,4,7,3,6,7,3)
(63, 3, 14, 49, 4, 13, 4, 74, 57, 27, 59, 47, 7, 31, 31, 3)(13, 67, 38, 23, 34, 65, 26, 49, 4, 46, 6, 3, 42, 17, 79, 83)
line 26: kNearestNeighbour 10 (1,1,8,1,6,4,7,7,9,5,4,2,6,4,1,2)
(63, 3, 14, 49, 4, 13, 4, 74, 57, 27, 59, 47, 7, 31, 31, 3)(13, 67, 38, 23, 34, 65, 26, 49, 4, 46, 6, 3, 42, 17, 79, 83)(3, 20, 4, 55, 66, 11, 49, 84, 59, 67, 1, 9, 2, 85, 64, 65)(39, 89, 56, 36, 35, 44, 63, 61, 53, 38, 42, 21, 97, 27, 17, 35)(61, 90, 30, 34, 6, 59, 45, 57, 17, 8, 74, 94, 61, 49, 11, 2)(21, 49, 62, 59, 40, 50, 29, 46, 86, 64, 76, 65, 8, 76, 40, 5)(35, 17, 55, 25, 100, 28, 45, 12, 61, 77, 39, 40, 84, 25, 89, 43)(27, 12, 68, 83, 2, 93, 11, 27, 43, 67, 98, 78, 53, 8, 46, 26)(58, 49, 18, 96, 18, 70, 23, 35, 35, 96, 100, 38, 14, 63, 39, 23)(27, 73, 40, 21, 82, 96, 47, 69, 56, 49, 99, 28, 59, 30, 37, 11)
line 27: kNearestNeighbour 6 (10,1,1,4,1,7,8,4,3,9,3,7,5,1,10,3)
(63, 3, 14, 49, 4, 13, 4, 74, 57, 27, 59, 47, 7, 31, 31, 3)(13, 67, 38, 23, 34, 65, 26, 49, 4, 46, 6, 3, 42, 17, 79, 83)(3, 20, 4, 55, 66, 11, 49, 84, 59, 67, 1, 9, 2, 85, 64, 65)(39, 89, 56, 36, 35, 44, 63, 61, 53, 38, 42, 21, 97, 27, 17, 35)(61, 90, 30, 34, 6, 59, 45, 57, 17, 8, 74, 94, 61, 49, 11, 2)(21, 49, 62, 59, 40, 50, 29, 46, 86, 64, 76, 65, 8, 76, 40, 5)
line 28: nearestNeighbour (9,2,5,5,5,4,2,7,9,4,8,9,2,6,6,2)
(63, 3, 14, 49, 4, 13, 4, 74, 57, 27, 59, 47, 7, 31, 31, 3)
line 29: kNearestNeighbour 4 (6,5,6,6,2,4,10,6,9,8,4,9,4,7,3,1)
(63, 3, 14, 49, 4, 13, 4, 74, 57, 27, 59, 47, 7, 31, 31, 3)(13, 67, 38, 23, 34, 65, 26, 49, 4, 46, 6, 3, 42, 17, 79, 83)(3, 20, 4, 55, 66, 11, 49, 84, 59, 67, 1, 9, 2, 85, 64, 65)(39, 89, 56, 36, 35, 44, 63, 61, 53, 38, 42, 21, 97, 27, 17, 35)
line 30: kNearestNeighbour 1 (2,5,10,10,9,3,10,9,5,4,4,6,1,4,4,7)
(63, 3, 14, 49, 4, 13, 4, 74, 57, 27, 59, 47, 7, 31, 31, 3)
line 31: nearestNeighbour (1,3,4,3,2,4,3,3,2,8,1,2,2,6,3,10)
(63, 3, 14, 49, 4, 13, 4, 74, 57, 27, 59, 47, 7, 31, 31, 3)
line 32: kNearestNeighbour 10 (10,1,2,8,5,2,1,9,7,10,4,7,5,4,5,10)
(63, 3, 14, 49, 4, 13, 4, 74, 57, 27, 59, 47, 7, 31, 31, 3)(13, 67, 38, 23, 34, 65, 26, 49, 4, 46, 6, 3, 42, 17, 79, 83)(3, 20, 4, 55, 66, 11, 49, 84, 59, 67, 1, 9, 2, 85, 64, 65)(39, 89, 56, 36, 35, 44, 63, 61, 53, 38, 42, 21, 97, 27, 17, 35)(61, 90, 30, 34, 6, 59, 45, 57, 17, 8, 74, 94, 61, 49, 11, 2)(21, 49, 62, 59, 40, 50, 29, 46, 86, 64, 76, 65, 8, 76, 40, 5)(35, 17, 55, 25, 100, 28, 45, 12, 61, 77, 39, 40, 84, 25, 89, 43)(27, 12, 68, 83, 2, 93, 11, 27, 43, 67, 98, 78, 53, 8, 46, 26)(58, 49, 18, 96, 18, 70, 23, 35, 35, 96, 100, 38, 14, 63, 39, 23)(97, 92, 50, 73, 69, 11, 20, 7, 31, 61, 45, 48, 64, 8, 35, 82)
line 33: nearestNeighbour (10,7,8,1,3,10,1,5,7,6,9,5,9,10,5,10)
(63, 3, 14, 49, 4, 13, 4, 74, 57, 27, 59, 47, 7, 31, 31, 3)
line 34: kNearestNeighbour 7 (10,4,8,10,3,4,7,8,10,7,2,10,9,2,3,3)
(63, 3, 14, 49, 4, 13, 4, 74, 57, 27, 59, 47, 7, 31, 31, 3)(13, 67, 38, 23, 34, 65, 26, 49, 4, 46, 6, 3, 42, 17, 79, 83)(39, 89, 56, 36, 35, 44, 63, 61, 53, 38, 42, 21, 97, 27, 17, 35)(3, 20, 4, 55, 66, 11, 49, 84, 59, 67, 1, 9, 2, 85, 64, 65)(61, 90, 30, 34, 6, 59, 45, 57, 17, 8, 74, 94, 61, 49, 11, 2)(21, 49, 62, 59, 40, 50, 29, 46, 86, 64, 76, 65, 8, 76, 40, 5)(35, 17, 55, 25, 100, 28, 45, 12, 61, 77, 39, 40, 84, 25, 89, 43)
line 35: kNearestNeighbour 8 (7,2,6,9,10,8,10,7,7,1,3,2,6,5,3,7)
(63, 3, 14, 49, 4, 13, 4, 74, 57, 27, 59, 47, 7, 31, 31, 3)(13, 67, 38, 23, 34, 65, 26, 49, 4, 46, 6, 3, 42, 17, 79, 83)(3, 20, 4, 55, 66, 11, 49, 84, 59, 67, 1, 9, 2, 85, 64, 65)(39, 89, 56, 36, 35, 44, 63, 61, 53, 38, 42, 21, 97, 27, 17, 35)(61, 90, 30, 34, 6, 59, 45, 57, 17, 8, 74, 94, 61, 49, 11, 2)(21, 49, 62, 59, 40, 50, 29, 46, 86, 64, 76, 65, 8, 76, 40, 5)(35, 17, 55, 25, 100, 28, 45, 12, 61, 77, 39, 40, 84, 25, 89, 43)(27, 12, 68, 83, 2, 93, 11, 27, 43, 67, 98, 78, 53, 8, 46, 26)
line 36: nearestNeighbour (10,7,3,5,1,10,6,7,10,7,10,9,3,2,4,5)
(63, 3, 14, 49, 4, 13, 4, 74, 57, 27, 59, 47, 7, 31, 31, 3)
line 37: kNearestNeighbour 2 (2,6,3,3,3,8,8,9,7,8,2,3,6,7,7,5)
(63, 3, 14, 49, 4, 13, 4, 74, 57, 27, 59, 47, 7, 31, 31, 3)(13, 67, 38, 23, 34, 65, 26, 49, 4, 46, 6, 3, 42, 17, 79, 83)
line 38: kNearestNeighbour 10 (5,3,6,1,3,9,9,8,6,3,4,2,3,1,2,3)
(63, 3, 14, 49, 4, 13, 4, 74, 57, 27, 59, 47, 7, 31, 31, 3)(13, 67, 38, 23, 34, 65, 26, 49, 4, 46, 6, 3, 42, 17, 79, 83)(39, 89, 56, 36, 35, 44, 63, 61, 53, 38, 42, 21, 97, 27, 17, 35)(3, 20, 4, 55, 66, 11, 49, 84, 59, 67, 1, 9, 2, 85, 64, 65)(61, 90, 30, 34, 6, 59, 45, 57, 17, 8, 74, 94, 61, 49, 11, 2)(21, 49, 62, 59, 40, 50, 29, 46, 86, 64, 76, 65, 8, 76, 40, 5)(35, 17, 55, 25, 100, 28, 45, 12, 61, 77, 39, 40, 84, 25, 89, 43)(27, 12, 68, 83, 2, 93, 11, 27, 43, 67, 98, 78, 53, 8, 46, 26)(58, 49, 18, 96, 18, 70, 23, 35, 35, 96, 100, 38, 14, 63, 39, 23)(27, 73, 40, 21, 82, 96, 47, 69, 56, 49, 99, 28, 59, 30, 37, 11)
line 39: nearestNeighbour (5,4,1,9,10,4,7,6,5,1,4,2,1,3,4,5)
(63, 3, 14, 49, 4, 13, 4, 74, 57, 27, 59, 47, 7, 31, 31, 3)
line 40: kNearestNeighbour 3 (3,3,4,9,1,9,4,8,4,5,10,7,1,6,7,10)
(63, 3, 14, 49, 4, 13, 4, 74, 57, 27, 59, 47, 7, 31, 31, 3)(13, 67, 38, 23, 34, 65, 26, 49, 4, 46, 6, 3, 42, 17, 79, 83)(3, 20, 4, 55, 66, 11, 49, 84, 59, 67, 1, 9, 2, 85, 64, 65)
line 41: nearestNeighbour (4,7,1,7,7,5,10,6,2,3,8,2,9,7,7,5)
(63, 3, 14, 49, 4, 13, 4, 74, 57, 27, 59, 47, 7, 31, 31, 3)
line 42: kNearestNeighbour 3 (1,5,4,6,4,10,1,1,5,1,3,7,6,8,9,3)
(63, 3, 14, 49, 4, 13, 4, 74, 57, 27, 59, 47, 7, 31, 31, 3)(13, 67, 38, 23, 34, 65, 26, 49, 4, 46, 6, 3, 42, 17, 79, 83)(3, 20, 4, 55, 66, 11, 49, 84, 59, 67, 1, 9, 2, 85, 64, 65)
line 43: nearestNeighbour (5,3,9,3,10,9,7,8,7,6,2,3,8,7,10,9)
(63, 3, 14, 49, 4, 13, 4, 74, 57, 27, 59, 47, 7, 31, 31, 3)
line 44: kNearestNeighbour 6 (1,2,6,5,10,8,7,4,9,6,10,4,2,8,10,10)
(63, 3, 14, 49, 4, 13, 4, 74, 57, 27, 59, 47, 7, 31, 31, 3)(13, 67, 38, 23, 34, 65, 26, 49, 4, 46, 6, 3, 42, 17, 79, 83)(3, 20, 4, 55, 66, 11, 49, 84, 59, 67, 1, 9, 2, 85, 64, 65)(39, 89, 56, 36, 35, 44, 63, 61, 53, 38, 42, 21, 97, 27, 17, 35)(21, 49, 62, 59, 40, 50, 29, 46, 86, 64, 76, 65, 8, 76, 40, 5)(61, 90, 30, 34, 6, 59, 45, 57, 17, 8, 74, 94, 61, 49, 11, 2)
line 45: nearestNeighbour (7,7,10,2,3,2,9,7,2,2,6,10,4,10,10,3)
(63, 3, 14, 49, 4, 13, 4, 74, 57, 27, 59, 47, 7, 31, 31, 3)
line 46: kNearestNeighbour 1 (8,10,3,10,3,9,1,3,4,2,8,8,7,4,5,4)
(63, 3, 14, 49, 4, 13, 4, 74, 57, 27, 59, 47, 7, 31, 31, 3)
line 47: nearestNeighbour (5,9,5,8,6,5,7,6,10,8,8,10,1,7,5,8)
(63, 3, 14, 49, 4, 13, 4, 74, 57, 27, 59, 47, 7, 31, 31, 3)
line 48: kNearestNeighbour 2 (4,10,1,6,3,2,1,10,9,2,7,1,4,5,9,7)
(63, 3, 14, 49, 4, 13, 4, 74, 57, 27, 59, 47, 7, 31, 31, 3)(13, 67, 38, 23, 34, 65, 26, 49, 4, 46, 6, 3, 42, 17, 79, 83)
line 49: kNearestNeighbour 10 (6,9,1,7,5,1,7,8,9,6,7,6,10,6,10,2)
(63, 3, 14, 49, 4, 13, 4, 74, 57, 27, 59, 47, 7, 31, 31, 3)(13, 67, 38, 23, 34, 65, 26, 49, 4, 46, 6, 3, 42, 17, 79, 83)(3, 20, 4, 55, 66, 11, 49, 84, 59, 67, 1, 9, 2, 85, 64, 65)(39, 89, 56, 36, 35, 44, 63, 61, 53, 38, 42, 21, 97, 27, 17, 35)(61, 90, 30, 34, 6, 59, 45, 57, 17, 8, 74, 94, 61, 49, 11, 2)(21, 49, 62, 59, 40, 50, 29, 46, 86, 64, 76, 65, 8, 76, 40, 5)(35, 17, 55, 25, 100, 28, 45, 12, 61, 77, 39, 40, 84, 25, 89, 43)(58, 49, 18, 96, 18, 70, 23, 35, 35, 96, 100, 38, 14, 63, 39, 23)(27, 12, 68, 83, 2, 93, 11, 27, 43, 67, 98, 78, 53, 8, 46, 26)(97, 92, 50, 73, 69, 11, 20, 7, 31, 61, 45, 48, 64, 8, 35, 82)
line 50: nearestNeighbour (10,7,4,9,4,2,8,2,8,4,1,8,9,10,5,2)
(63, 3, 14, 49, 4, 13, 4, 74, 57, 27, 59, 47, 7, 31, 31, 3)
line 51: kNearestNeighbour 2 (10,2,2,1,3,1,2,8,1,4,1,7,3,7,5,4)
(63, 3, 14, 49, 4, 13, 4, 74, 57, 27, 59, 47, 7, 31, 31, 3)(13, 67, 38, 23, 34, 65, 26, 49, 4, 46, 6, 3, 42, 17, 79, 83)
line 52: kNearestNeighbour 8 (8,6,9,5,7,9,1,5,6,9,3,3,6,2,7,10)
(63, 3, 14, 49, 4, 13, 4, 74, 57, 27, 59, 47, 7, 31, 31, 3)(13, 67, 38, 23, 34, 65, 26, 49, 4, 46, 6, 3, 42, 17, 79, 83)(3, 20, 4, 55, 66, 11, 49, 84, 59, 67, 1, 9, 2, 85, 64, 65)(39, 89, 56, 36, 35, 44, 63, 61, 53, 38, 42, 21, 97, 27, 17, 35)(61, 90, 30, 34, 6, 59, 45, 57, 17, 8, 74, 94, 61, 49, 11, 2)(21, 49, 62, 59, 40, 50, 29, 46, 86, 64, 76, 65, 8, 76, 40, 5)(35, 17, 55, 25, 100, 28, 45, 12, 61, 77, 39, 40, 84, 25, 89, 43)(27, 12, 68, 83, 2, 93, 11, 27, 43, 67, 98, 78, 53, 8, 46, 26)
line 53: kNearestNeighbour 7 (8,5,6,3,9,6,4,9,3,7,7,8,3,4,9,7)
(63, 3, 14, 49, 4, 13, 4, 74, 57, 27, 59, 47, 7, 31, 31, 3)(13, 67, 38, 23, 34, 65, 26, 49, 4, 46, 6, 3, 42, 17, 79, 83)(3, 20, 4, 55, 66, 11, 49, 84, 59, 67, 1, 9, 2, 85, 64, 65)(39, 89, 56, 36, 35, 44, 63, 61, 53, 38, 42, 21, 97, 27, 17, 35)(61, 90, 30, 34, 6, 59, 45, 57, 17, 8, 74, 94, 61, 49, 11, 2)(21, 49, 62, 59, 40, 50, 29, 46, 86, 64, 76, 65, 8, 76, 40, 5)(35, 17, 55, 25, 100, 28, 45, 12, 61, 77, 39, 40, 84, 25, 89, 43)
line 54: nearestNeighbour (6,7,8,8,9,3,5,5,6,6,10,10,2,3,2,9)
(63, 3, 14, 49, 4, 13, 4, 74, 57, 27, 59, 47, 7, 31, 31, 3)
line 55: kNearestNeighbour 9 (5,6,1,8,6,4,1,10,4,6,4,7,2,8,2,8)
(63, 3, 14, 49, 4, 13, 4, 74, 57, 27, 59, 47, 7, 31, 31, 3)(13, 67, 38, 23, 34, 65, 26, 49, 4, 46, 6, 3, 42, 17, 79, 83)(3, 20, 4, 55, 66, 11, 49, 84, 59, 67, 1, 9, 2, 85, 64, 65)(39, 89, 56, 36, 35, 44, 63, 61, 53, 38, 42, 21, 97, 27, 17, 35)(61, 90, 30, 34, 6, 59, 45, 57, 17, 8, 74, 94, 61, 49, 11, 2)(21, 49, 62, 59, 40, 50, 29, 46, 86, 64, 76, 65, 8, 76, 40, 5)(35, 17, 55, 25, 100, 28, 45, 12, 61, 77, 39, 40, 84, 25, 89, 43)(58, 49, 18, 96, 18, 70, 23, 35, 35, 96, 100, 38, 14, 63, 39, 23)(27, 12, 68, 83, 2, 93, 11, 27, 43, 67, 98, 78, 53, 8, 46, 26)
line 56: nearestNeighbour (8,4,7,7,5,10,5,2,1,4,5,4,10,8,4,9)
(63, 3, 14, 49, 4, 13, 4, 74, 57, 27, 59, 47, 7, 31, 31, 3)
line 57: nearestNeighbour (5,9,10,6,8,9,6,6,10,7,10,8,8,7,10,3)
(63, 3, 14, 49, 4, 13, 4, 74, 57, 27, 59, 47, 7, 31, 31, 3)
line 58: kNearestNeighbour 4 (2,1,9,1,4,5,9,4,7,8,6,9,1,8,4,9)
(63, 3, 14, 49, 4, 13, 4, 74, 57, 27, 59, 47, 7, 31, 31, 3)(13, 67, 38, 23, 34, 65, 26, 49, 4, 46, 6, 3, 42, 17, 79, 83)(3, 20, 4, 55, 66, 11, 49, 84, 59, 67, 1, 9, 2, 85, 64, 65)(39, 89, 56, 36, 35, 44, 63, 61, 53, 38, 42, 21, 97, 27, 17, 35)
line 59: nearestNeighbour (10,2,7,9,4,6,5,5,1,4,10,9,7,5,2,7)
(63, 3, 14, 49, 4, 13, 4, 74, 57, 27, 59, 47, 7, 31, 31, 3)
line 60: nearestNeighbour (6,10,9,4,2,9,5,3,5,4,6,7,10,1,4,3)
(63, 3, 14, 49, 4, 13, 4, 74, 57, 27, 59, 47, 7, 31, 31, 3)
line 61: nearestNeighbour (10,3,10,8,6,5,4,2,8,8,9,1,5,5,8,9)
(63, 3, 14, 49, 4, 13, 4, 74, 57, 27, 59, 47, 7, 31, 31, 3)
line 62: nearestNeighbour (5,1,9,9,7,9,6,2,6,4,8,8,6,4,1,9)
(63, 3, 14, 49, 4, 13, 4, 74, 57, 27, 59, 47, 7, 31, 31, 3)
line 63: nearestNeighbour (10,4,6,9,7,7,8,3,10,1,3,10,7,9,4,10)
(63, 3, 14, 49, 4, 13, 4, 74, 57, 27, 59, 47, 7, 31, 31, 3)
line 64: nearestNeighbour (7,7,9,10,1,9,10,4,5,7,2,8,3,4,7,10)
(63, 3, 14, 49, 4, 13, 4, 74, 57, 27, 59, 47, 7, 31, 31, 3)
line 65: nearestNeighbour (2,3,10,8,3,2,5,10,5,5,4,3,2,6,10,3)
(63, 3, 14, 49, 4, 13, 4, 74, 57, 27, 59, 47, 7, 31, 31, 3)
line 66: kNearestNeighbour 3 (9,2,3,3,10,9,2,6,5,2,5,4,7,8,4,9)
(63, 3, 14, 49, 4, 13, 4, 74, 57, 27, 59, 47, 7, 31, 31, 3)(13, 67, 38, 23, 34, 65, 26, 49, 4, 46, 6, 3, 42, 17, 79, 83)(3, 20, 4, 55, 66, 11, 49, 84, 59, 67, 1, 9, 2, 85, 64, 65)
line 67: nearestNeighbour (1,2,4,4,10,2,2,9,5,6,7,6,1,1,3,9)
(63, 3, 14, 49, 4, 13, 4, 74, 57, 27, 59, 47, 7, 31, 31, 3)
line 68: nearestNeighbour (8,7,8,3,6,7,8,4,6,4,3,5,7,9,2,4)
(63, 3, 14, 49, 4, 13, 4, 74, 57, 27, 59, 47, 7, 31, 31, 3)
line 69: kNearestNeighbour 6 (9,7,1,2,6,10,7,1,6,5,1,3,1,1,7,5)
(63, 3, 14, 49, 4, 13, 4, 74, 57, 27, 59, 47, 7, 31, 31, 3)(13, 67, 38, 23, 34, 65, 26, 49, 4, 46, 6, 3, 42, 17, 79, 83)(3, 20, 4, 55, 66, 11, 49, 84, 59, 67, 1, 9, 2, 85, 64, 65)(39, 89, 56, 36, 35, 44, 63, 61, 53, 38, 42, 21, 97, 27, 17, 35)(61, 90, 30, 34, 6, 59, 45, 57, 17, 8, 74, 94, 61, 49, 11, 2)(21, 49, 62, 59, 40, 50, 29, 46, 86, 64, 76, 65, 8, 76, 40, 5)
line 70: kNearestNeighbour 5 (1,6,5,3,2,10,8,9,10,8,9,5,6,9,3,2)
(63, 3, 14, 49, 4, 13, 4, 74, 57, 27, 59, 47, 7, 31, 31, 3)(13, 67, 38, 23, 34, 65, 26, 49, 4, 46, 6, 3, 42, 17, 79, 83)(3, 20, 4, 55, 66, 11, 49, 84, 59, 67, 1, 9, 2, 85, 64, 65)(39, 89, 56, 36, 35, 44, 63, 61, 53, 38, 42, 21, 97, 27, 17, 35)(61, 90, 30, 34, 6, 59, 45, 57, 17, 8, 74, 94, 61, 49, 11, 2)
line 71: nearestNeighbour (7,7,1,3,10,7,5,4,3,6,6,8,3,3,7,7)
(63, 3, 14, 49, 4, 13, 4, 74, 57, 27, 59, 47, 7, 31, 31, 3)
line 72: kNearestNeighbour 10 (8,9,8,5,3,1,6,5,5,2,4,7,7,5,2,8)
(63, 3, 14, 49, 4, 13, 4, 74, 57, 27, 59, 47, 7, 31, 31, 3)(13, 67, 38, 23, 34, 65, 26, 49, 4, 46, 6, 3, 42, 17, 79, 83)(39, 89, 56, 36, 35, 44, 63, 61, 53, 38, 42, 21, 97, 27, 17, 35)(3, 20, 4, 55, 66, 11, 49, 84, 59, 67, 1, 9, 2, 85, 64, 65)(61, 90, 30, 34, 6, 59, 45, 57, 17, 8, 74, 94, 61, 49, 11, 2)(21, 49, 62, 59, 40, 50, 29, 46, 86, 64, 76, 65, 8, 76, 40, 5)(35, 17, 55, 25, 100, 28, 45, 12, 61, 77, 39, 40, 84, 25, 89, 43)(27, 12, 68, 83, 2, 93, 11, 27, 43, 67, 98, 78, 53, 8, 46, 26)(97, 92, 50, 73, 69, 11, 20, 7, 31, 61, 45, 48, 64, 8, 35, 82)(58, 49, 18, 96, 18, 70, 23, 35, 35, 96, 100, 38, 14, 63, 39, 23)
line 73: nearestNeighbour (6,4,2,9,9,6,6,4,6,9,6,1,10,9,6,7)
(63, 3, 14, 49, 4, 13, 4, 74, 57, 27, 59, 47, 7, 31, 31, 3)
line 74: nearestNeighbour (9,10,7,3,8,3,2,2,1,2,7,6,8,1,4,10)
(63, 3, 14, 49, 4, 13, 4, 74, 57, 27, 59, 47, 7, 31, 31, 3)
line 75: kNearestNeighbour 1 (6,9,1,9,3,4,6,9,8,10,5,1,1,6,9,7)
(63, 3, 14, 49, 4, 13, 4, 74, 57, 27, 59, 47, 7, 31, 31, 3)
line 76: nearestNeighbour (7,1,4,4,9,1,10,10,5,4,9,2,10,10,10,5)
(63, 3, 14, 49, 4, 13, 4, 74, 57, 27, 59, 47, 7, 31, 31, 3)
line 77: kNearestNeighbour 2 (9,9,8,10,6,4,3,1,4,4,10,9,3,4,6,10)
(63, 3, 14, 49, 4, 13, 4, 74, 57, 27, 59, 47, 7, 31, 31, 3)(13, 67, 38, 23, 34, 65, 26, 49, 4, 46, 6, 3, 42, 17, 79, 83)
line 78: nearestNeighbour (1,1,2,2,9,5,10,7,9,6,10,3,10,9,3,10)
(63, 3, 14, 49, 4, 13, 4, 74, 57, 27, 59, 47, 7, 31, 31, 3)
line 79: nearestNeighbour (3,1,6,7,8,9,8,10,9,10,8,2,1,6,10,6)
(63, 3, 14, 49, 4, 13, 4, 74, 57, 27, 59, 47, 7, 31, 31, 3)
line 80: kNearestNeighbour 9 (4,7,9,3,7,10,7,4,1,6,5,1,1,7,6,3)
(63, 3, 14, 49, 4, 13, 4, 74, 57, 27, 59, 47, 7, 31, 31, 3)(13, 67, 38, 23, 34, 65, 26, 49, 4, 46, 6, 3, 42, 17, 79, 83)(3, 20, 4, 55, 66, 11, 49, 84, 59, 67, 1, 9, 2, 85, 64, 65)(39, 89, 56, 36, 35, 44, 63, 61, 53, 38, 42, 21, 97, 27, 17, 35)(61, 90, 30, 34, 6, 59, 45, 57, 17, 8, 74, 94, 61, 49, 11, 2)(21, 49, 62, 59, 40, 50, 29, 46, 86, 64, 76, 65, 8, 76, 40, 5)(35, 17, 55, 25, 100, 28, 45, 12, 61, 77, 39, 40, 84, 25, 89, 43)(27, 12, 68, 83, 2, 93, 11, 27, 43, 67, 98, 78, 53, 8, 46, 26)(58, 49, 18, 96, 18, 70, 23, 35, 35, 96, 100, 38, 14, 63, 39, 23)
line 81: nearestNeighbour (10,2,2,1,4,1,6,9,6,4,7,8,2,8,4,7)
(63, 3, 14, 49, 4, 13, 4, 74, 57, 27, 59, 47, 7, 31, 31, 3)
line 82: nearestNeighbour (10,3,3,4,8,7,3,5,10,3,6,1,7,5,7,6)
(63, 3, 14, 49, 4, 13, 4, 74, 57, 27, 59, 47, 7, 31, 31, 3)
line 83: nearestNeighbour (5,1,7,4,1,8,7,5,1,8,10,1,4,5,5,7)
(63, 3, 14, 49, 4, 13, 4, 74, 57, 27, 59, 47, 7, 31, 31, 3)
line 84: kNearestNeighbour 3 (6,6,4,2,10,9,6,8,3,1,4,7,6,8,3,5)
(63, 3, 14, 49, 4, 13, 4, 74, 57, 27, 59, 47, 7, 31, 31, 3)(13, 67, 38, 23, 34, 65, 26, 49, 4, 46, 6, 3, 42, 17, 79, 83)(3, 20, 4, 55, 66, 11, 49, 84, 59, 67, 1, 9, 2, 85, 64, 65)
line 85: nearestNeighbour (6,1,5,4,10,5,5,2,2,7,7,8,10,8,6,5)
(63, 3, 14, 49, 4, 13, 4, 74, 57, 27, 59, 47, 7, 31, 31, 3)
line 86: nearestNeighbour (6,5,9,10,9,7,9,2,2,9,5,7,2,4,4,9)
(63, 3, 14, 49, 4, 13, 4, 74, 57, 27, 59, 47, 7, 31, 31, 3)
line 87: kNearestNeighbour 3 (9,2,7,6,2,10,4,7,4,2,4,3,9,1,8,8)
(63, 3, 14, 49, 4, 13, 4, 74, 57, 27, 59, 47, 7, 31, 31, 3)(13, 67, 38, 23, 34, 65, 26, 49, 4, 46, 6, 3, 42, 17, 79, 83)(39, 89, 56, 36, 35, 44, 63, 61, 53, 38, 42, 21, 97, 27, 17, 35)
line 88: nearestNeighbour (7,8,6,9,10,7,4,1,10,10,8,3,8,10,4,2)
(63, 3, 14, 49, 4, 13, 4, 74, 57, 27, 59, 47, 7, 31, 31, 3)
line 89: kNearestNeighbour 6 (1,8,5,5,8,6,4,4,7,10,7,8,5,3,2,10)
(63, 3, 14, 49, 4, 13, 4, 74, 57, 27, 59, 47, 7, 31, 31, 3)(13, 67, 38, 23, 34, 65, 26, 49, 4, 46, 6, 3, 42, 17, 79, 83)(3, 20, 4, 55, 66, 11, 49, 84, 59, 67, 1, 9, 2, 85, 64, 65)(39, 89, 56, 36, 35, 44, 63, 61, 53, 38, 42, 21, 97, 27, 17, 35)(61, 90, 30, 34, 6, 59, 45, 57, 17, 8, 74, 94, 61, 49, 11, 2)(21, 49, 62, 59, 40, 50, 29, 46, 86, 64, 76, 65, 8, 76, 40, 5)
line 90: nearestNeighbour (5,10,1,7,7,2,4,10,1,4,7,10,9,6,4,10)
(63, 3, 14, 49, 4, 13, 4, 74, 57, 27, 59, 47, 7, 31, 31, 3)
line 91: kNearestNeighbour 2 (7,10,2,8,6,4,4,8,1,9,1,7,2,7,6,10)
(63, 3, 14, 49, 4, 13, 4, 74, 57, 27, 59, 47, 7, 31, 31, 3)(13, 67, 38, 23, 34, 65, 26, 49, 4, 46, 6, 3, 42, 17, 79, 83)
line 92: kNearestNeighbour 9 (3,1,9,8,4,8,8,8,1,6,8,9,9,4,5,5)
(63, 3, 14, 49, 4, 13, 4, 74, 57, 27, 59, 47, 7, 31, 31, 3)(13, 67, 38, 23, 34, 65, 26, 49, 4, 46, 6, 3, 42, 17, 79, 83)(39, 89, 56, 36, 35, 44, 63, 61, 53, 38, 42, 21, 97, 27, 17, 35)(3, 20, 4, 55, 66, 11, 49, 84, 59, 67, 1, 9, 2, 85, 64, 65)(61, 90, 30, 34, 6, 59, 45, 57, 17, 8, 74, 94, 61, 49, 11, 2)(21, 49, 62, 59, 40, 50, 29, 46, 86, 64, 76, 65, 8, 76, 40, 5)(35, 17, 55, 25, 100, 28, 45, 12, 61, 77, 39, 40, 84, 25, 89, 43)(27, 12, 68, 83, 2, 93, 11, 27, 43, 67, 98, 78, 53, 8, 46, 26)(58, 49, 18, 96, 18, 70, 23, 35, 35, 96, 100, 38, 14, 63, 39, 23)
line 93: nearestNeighbour (9,4,10,7,5,6,4,4,5,8,4,9,9,8,7,8)
(63, 3, 14, 49, 4, 13, 4, 74, 57, 27, 59, 47, 7, 31, 31, 3)
line 94: kNearestNeighbour 1 (9,3,4,3,2,9,2,1,10,9,8,4,4,8,2,6)
(63, 3, 14, 49, 4, 13, 4, 74, 57, 27, 59, 47, 7, 31, 31, 3)
line 95: kNearestNeighbour 2 (9,9,8,4,6,2,5,8,9,1,10,9,5,1,4,5)
(63, 3, 14, 49, 4, 13, 4, 74, 57, 27, 59, 47, 7, 31, 31, 3)(13, 67, 38, 23, 34, 65, 26, 49, 4, 46, 6, 3, 42, 17, 79, 83)
line 96: kNearestNeighbour 2 (8,4,1,9,8,8,6,5,7,8,9,2,4,10,1,7)
(63, 3, 14, 49, 4, 13, 4, 74, 57, 27, 59, 47, 7, 31, 31, 3)(13, 67, 38, 23, 34, 65, 26, 49, 4, 46, 6, 3, 42, 17, 79, 83)
line 97: nearestNeighbour (2,9,5,1,5,6,2,5,3,10,9,1,7,2,8,5)
(63, 3, 14, 49, 4, 13, 4, 74, 57, 27, 59, 47, 7, 31, 31, 3)
line 98: kNearestNeighbour 9 (3,2,2,2,10,9,4,7,3,1,4,4,2,2,2,6)
(63, 3, 14, 49, 4, 13, 4, 74, 57, 27, 59, 47, 7, 31, 31, 3)(13, 67, 38, 23, 34, 65, 26, 49, 4, 46, 6, 3, 42, 17, 79, 83)(3, 20, 4, 55, 66, 11, 49, 84, 59, 67, 1, 9, 2, 85, 64, 65)(39, 89, 56, 36, 35, 44, 63, 61, 53, 38, 42, 21, 97, 27, 17, 35)(61, 90, 30, 34, 6, 59, 45, 57, 17, 8, 74, 94, 61, 49, 11, 2)(21, 49, 62, 59, 40, 50, 29, 46, 86, 64, 76, 65, 8, 76, 40, 5)(35, 17, 55, 25, 100, 28, 45, 12, 61, 77, 39, 40, 84, 25, 89, 43)(27, 12, 68, 83, 2, 93, 11, 27, 43, 67, 98, 78, 53, 8, 46, 26)(58, 49, 18, 96, 18, 70, 23, 35, 35, 96, 100, 38, 14, 63, 39, 23)
line 99: nearestNeighbour (7,8,6,9,5,10,5,4,3,4,5,5,2,8,5,2)
(63, 3, 14, 49, 4, 13, 4, 74, 57, 27, 59, 47, 7, 31, 31, 3)
line 100: kNearestNeighbour 4 (2,9,4,1,10,7,4,8,9,5,1,2,7,4,1,4)
(63, 3, 14, 49, 4, 13, 4, 74, 57, 27, 59, 47, 7, 31, 31, 3)(13, 67, 38, 23, 34, 65, 26, 49, 4, 46, 6, 3, 42, 17, 79, 83)(3, 20, 4, 55, 66, 11, 49, 84, 59, 67, 1, 9, 2, 85, 64, 65)(39, 89, 56, 36, 35, 44, 63, 61, 53, 38, 42, 21, 97, 27, 17, 35)
line 101: kNearestNeighbour 10 (9,6,1,9,4,10,3,1,7,5,1,5,1,5,7,3)
(63, 3, 14, 49, 4, 13, 4, 74, 57, 27, 59, 47, 7, 31, 31, 3)(13, 67, 38, 23, 34, 65, 26, 49, 4, 46, 6, 3, 42, 17, 79, 83)(3, 20, 4, 55, 66, 11, 49, 84, 59, 67, 1, 9, 2, 85, 64, 65)(39, 89, 56, 36, 35, 44, 63, 61, 53, 38, 42, 21, 97, 27, 17, 35)(61, 90, 30, 34, 6, 59, 45, 57, 17, 8, 74, 94, 61, 49, 11, 2)(21, 49, 62, 59, 40, 50, 29, 46, 86, 64, 76, 65, 8, 76, 40, 5)(35, 17, 55, 25, 100, 28, 45, 12, 61, 77, 39, 40, 84, 25, 89, 43)(58, 49, 18, 96, 18, 70, 23, 35, 35, 96, 100, 38, 14, 63, 39, 23)(27, 12, 68, 83, 2, 93, 11, 27, 43, 67, 98, 78, 53, 8, 46, 26)(97, 92, 50, 73, 69, 11, 20, 7, 31, 61, 45, 48, 64, 8, 35, 82)
line 102: nearestNeighbour (2,5,1,2,5,9,5,5,3,3,3,3,6,3,4,2)
(63, 3, 14, 49, 4, 13, 4, 74, 57, 27, 59, 47, 7, 31, 31, 3)
line 103: nearestNeighbour (3,7,10,10,4,4,1,6,4,10,9,6,8,6,5,5)
(63, 3, 14, 49, 4, 13, 4, 74, 57, 27, 59, 47, 7, 31, 31, 3)
line 104: kNearestNeighbour 4 (4,10,1,10,1,9,10,8,1,5,6,6,4,1,8,9)
(63, 3, 14, 49, 4, 13, 4, 74, 57, 27, 59, 47, 7, 31, 31, 3)(13, 67, 38, 23, 34, 65, 26, 49, 4, 46, 6, 3, 42, 17, 79, 83)(3, 20, 4, 55, 66, 11, 49, 84, 59, 67, 1, 9, 2, 85, 64, 65)(39, 89, 56, 36, 35, 44, 63, 61, 53, 38, 42, 21, 97, 27, 17, 35)
line 105: kNearestNeighbour 10 (9,1,1,9,9,10,10,5,10,3,10,9,5,1,6,9)
(63, 3, 14, 49, 4, 13, 4, 74, 57, 27, 59, 47, 7, 31, 31, 3)(13, 67, 38, 23, 34, 65, 26, 49, 4, 46, 6, 3, 42, 17, 79, 83)(3, 20, 4, 55, 66, 11, 49, 84, 59, 67, 1, 9, 2, 85, 64, 65)(39, 89, 56, 36, 35, 44, 63, 61, 53, 38, 42, 21, 97, 27, 17, 35)(61, 90, 30, 34, 6, 59, 45, 57, 17, 8, 74, 94, 61, 49, 11, 2)(21, 49, 62, 59, 40, 50, 29, 46, 86, 64, 76, 65, 8, 76, 40, 5)(35, 17, 55, 25, 100, 28, 45, 12, 61, 77, 39, 40, 84, 25, 89, 43)(27, 12, 68, 83, 2, 93, 11, 27, 43, 67, 98, 78, 53, 8, 46, 26)(58, 49, 18, 96, 18, 70, 23, 35, 35, 96, 100, 38, 14, 63, 39, 23)(97, 92, 50, 73, 69, 11, 20, 7, 31, 61, 45, 48, 64, 8, 35, 82)
line 106: kNearestNeighbour 5 (1,8,1,7,8,9,10,9,2,6,4,6,6,7,10,9)
(63, 3, 14, 49, 4, 13, 4, 74, 57, 27, 59, 47, 7, 31, 31, 3)(13, 67, 38, 23, 34, 65, 26, 49, 4, 46, 6, 3, 42, 17, 79, 83)(3, 20, 4, 55, 66, 11, 49, 84, 59, 67, 1, 9, 2, 85, 64, 65)(39, 89, 56, 36, 35, 44, 63, 61, 53, 38, 42, 21, 97, 27, 17, 35)(61, 90, 30, 34, 6, 59, 45, 57, 17, 8, 74, 94, 61, 49, 11, 2)
line 107: kNearestNeighbour 4 (7,7,5,6,8,5,8,6,9,2,10,7,2,5,10,5)
(63, 3, 14, 49, 4, 13, 4, 74, 57, 27, 59, 47, 7, 31, 31, 3)(13, 67, 38, 23, 34, 65, 26, 49, 4, 46, 6, 3, 42, 17, 79, 83)(3, 20, 4, 55, 66, 11, 49, 84, 59, 67, 1, 9, 2, 85, 64, 65)(39, 89, 56, 36, 35, 44, 63, 61, 53, 38, 42, 21, 97, 27, 17, 35)
line 108: nearestNeighbour (8,3,7,7,7,8,1,9,3,8,3,8,6,8,6,8)
(63, 3, 14, 49, 4, 13, 4, 74, 57, 27, 59, 47, 7, 31, 31, 3)
line 109: nearestNeighbour (3,10,1,5,8,8,7,6,1,7,8,7,8,7,6,4)
(63, 3, 14, 49, 4, 13, 4, 74, 57, 27, 59, 47, 7, 31, 31, 3)
line 110: nearestNeighbour (2,9,6,5,3,8,1,6,5,2,2,9,4,1,5,5)
(63, 3, 14, 49, 4, 13, 4, 74, 57, 27, 59, 47, 7, 31, 31, 3)
line 111: nearestNeighbour (4,1,10,4,7,8,8,7,2,3,5,7,2,1,7,2)
(63, 3, 14, 49, 4, 13, 4, 74, 57, 27, 59, 47, 7, 31, 31, 3)
line 112: nearestNeighbour (3,3,3,8,9,9,5,7,5,10,3,8,2,4,5,8)
(63, 3, 14, 49, 4, 13, 4, 74, 57, 27, 59, 47, 7, 31, 31, 3)
line 113: nearestNeighbour (5,6,6,1,1,6,9,7,4,4,3,2,1,5,5,8)
(63, 3, 14, 49, 4, 13, 4, 74, 57, 27, 59, 47, 7, 31, 31, 3)
line 114: nearestNeighbour (3,9,9,3,6,9,8,7,8,6,9,1,4,10,2,8)
(63, 3, 14, 49, 4, 13, 4, 74, 57, 27, 59, 47, 7, 31, 31, 3)
line 115: nearestNeighbour (9,3,6,3,2,1,1,4,8,1,8,5,1,2,1,1)
(63, 3, 14, 49, 4, 13, 4, 74, 57, 27, 59, 47, 7, 31, 31, 3)
line 116: kNearestNeighbour 2 (5,3,3,10,10,6,7,8,1,10,10,7,10,8,3,4)
(63, 3, 14, 49, 4, 13, 4, 74, 57, 27, 59, 47, 7, 31, 31, 3)(13, 67, 38, 23, 34, 65, 26, 49, 4, 46, 6, 3, 42, 17, 79, 83)
line 117: nearestNeighbour (10,6,10,2,3,9,10,10,5,4,2,10,6,7,4,3)
(63, 3, 14, 49, 4, 13, 4, 74, 57, 27, 59, 47, 7, 31, 31, 3)
line 118: kNearestNeighbour 1 (4,6,6,2,3,2,1,1,9,7,3,5,1,2,10,9)
(63, 3, 14, 49, 4, 13, 4, 74, 57, 27, 59, 47, 7, 31, 31, 3)
line 119: kNearestNeighbour 4 (1,4,8,6,8,1,6,8,8,5,6,8,8,3,7,2)
(63, 3, 14, 49, 4, 13, 4, 74, 57, 27, 59, 47, 7, 31, 31, 3)(13, 67, 38, 23, 34, 65, 26, 49, 4, 46, 6, 3, 42, 17, 79, 83)(3, 20, 4, 55, 66, 11, 49, 84, 59, 67, 1, 9, 2, 85, 64, 65)(39, 89, 56, 36, 35, 44, 63, 61, 53, 38, 42, 21, 97, 27, 17, 35)
line 120: kNearestNeighbour 1 (5,6,4,10,8,7,1,2,4,10,2,3,2,9,10,10)
(63, 3, 14, 49, 4, 13, 4, 74, 57, 27, 59, 47, 7, 31, 31, 3)
line 121: nearestNeighbour (7,9,6,2,7,4,7,7,9,6,4,8,4,5,7,7)
(63, 3, 14, 49, 4, 13, 4, 74, 57, 27, 59, 47, 7, 31, 31, 3)
line 122: nearestNeighbour (4,5,3,8,6,1,1,3,5,1,5,7,3,2,5,6)
(63, 3, 14, 49, 4, 13, 4, 74, 57, 27, 59, 47, 7, 31, 31, 3)
line 123: kNearestNeighbour 1 (7,6,10,5,4,4,1,4,5,8,8,1,9,6,3,2)
(63, 3, 14, 49, 4, 13, 4, 74, 57, 27, 59, 47, 7, 31, 31, 3)
line 124: kNearestNeighbour 4 (9,2,8,7,7,8,6,8,5,7,9,4,9,7,1,6)
(63, 3, 14, 49, 4, 13, 4, 74, 57, 27, 59, 47, 7, 31, 31, 3)(13, 67, 38, 23, 34, 65, 26, 49, 4, 46, 6, 3, 42, 17, 79, 83)(39, 89, 56, 36, 35, 44, 63, 61, 53, 38, 42, 21, 97, 27, 17, 35)(3, 20, 4, 55, 66, 11, 49, 84, 59, 67, 1, 9, 2, 85, 64, 65)
line 125: nearestNeighbour (6,7,4,3,4,3,8,9,8,4,4,7,4,10,1,8)
(63, 3, 14, 49, 4, 13, 4, 74, 57, 27, 59, 47, 7, 31, 31, 3)
line 126: nearestNeighbour (3,3,8,10,7,6,6,4,1,1,9,8,5,5,4,2)
(63, 3, 14, 49, 4, 13, 4, 74, 57, 27, 59, 47, 7, 31, 31, 3)
line 127: nearestNeighbour (4,9,2,7,2,8,5,5,7,4,6,3,4,5,10,3)
(63, 3, 14, 49, 4, 13, 4, 74, 57, 27, 59, 47, 7, 31, 31, 3)
line 128: kNearestNeighbour 5 (2,2,8,8,7,5,5,5,3,8,1,10,10,8,9,3)
(63, 3, 14, 49, 4, 13, 4, 74, 57, 27, 59, 47, 7, 31, 31, 3)(13, 67, 38, 23, 34, 65, 26, 49, 4, 46, 6, 3, 42, 17, 79, 83)(3, 20, 4, 55, 66, 11, 49, 84, 59, 67, 1, 9, 2, 85, 64, 65)(39, 89, 56, 36, 35, 44, 63, 61, 53, 38, 42, 21, 97, 27, 17, 35)(61, 90, 30, 34, 6, 59, 45, 57, 17, 8, 74, 94, 61, 49, 11, 2)
line 129: kNearestNeighbour 7 (4,8,7,9,4,7,8,9,8,8,3,2,8,10,2,6)
(63, 3, 14, 49, 4, 13, 4, 74, 57, 27, 59, 47, 7, 31, 31, 3)(13, 67, 38, 23, 34, 65, 26, 49, 4, 46, 6, 3, 42, 17, 79, 83)(3, 20, 4, 55, 66, 11, 49, 84, 59, 67, 1, 9, 2, 85, 64, 65)(39, 89, 56, 36, 35, 44, 63, 61, 53, 38, 42, 21, 97, 27, 17, 35)(61, 90, 30, 34, 6, 59, 45, 57, 17, 8, 74, 94, 61, 49, 11, 2)(21, 49, 62, 59, 40, 50, 29, 46, 86, 64, 76, 65, 8, 76, 40, 5)(35, 17, 55, 25, 100, 28, 45, 12, 61, 77, 39, 40, 84, 25, 89, 43)
line 130: kNearestNeighbour 6 (10,9,8,9,8,3,1,9,2,6,5,9,1,2,8,8)
(63, 3, 14, 49, 4, 13, 4, 74, 57, 27, 59, 47, 7, 31, 31, 3)(13, 67, 38, 23, 34, 65, 26, 49, 4, 46, 6, 3, 42, 17, 79, 83)(3, 20, 4, 55, 66, 11, 49, 84, 59, 67, 1, 9, 2, 85, 64, 65)(39, 89, 56, 36, 35, 44, 63, 61, 53, 38, 42, 21, 97, 27, 17, 35)(61, 90, 30, 34, 6, 59, 45, 57, 17, 8, 74, 94, 61, 49, 11, 2)(21, 49, 62, 59, 40, 50, 29, 46, 86, 64, 76, 65, 8, 76, 40, 5)
line 131: kNearestNeighbour 3 (2,5,7,5,3,2,4,7,1,5,8,6,10,7,5,1)
(63, 3, 14, 49, 4, 13, 4, 74, 57, 27, 59, 47, 7, 31, 31, 3)(13, 67, 38, 23, 34, 65, 26, 49, 4, 46, 6, 3, 42, 17, 79, 83)(39, 89, 56, 36, 35, 44, 63, 61, 53, 38, 42, 21, 97, 27, 17, 35)
line 132: kNearestNeighbour 1 (6,8,10,9,4,5,4,5,1,4,6,3,7,3,10,7)
(63, 3, 14, 49, 4, 13, 4, 74, 57, 27, 59, 47, 7, 31, 31, 3)
line 133: nearestNeighbour (9,8,8,2,2,3,1,10,9,5,10,3,6,6,4,1)
(63, 3, 14, 49, 4, 13, 4, 74, 57, 27, 59, 47, 7, 31, 31, 3)
line 134: nearestNeighbour (2,4,7,5,6,5,7,10,6,10,4,3,5,5,5,9)
(63, 3, 14, 49, 4, 13, 4, 74, 57, 27, 59, 47, 7, 31, 31, 3)
line 135: nearestNeighbour (6,8,6,1,7,4,3,8,6,2,5,7,2,10,2,2)
(63, 3, 14, 49, 4, 13, 4, 74, 57, 27, 59, 47, 7, 31, 31, 3)
line 136: nearestNeighbour (6,9,6,7,10,2,2,5,6,7,3,5,6,8,6,8)
(63, 3, 14, 49, 4, 13, 4, 74, 57, 27, 59, 47, 7, 31, 31, 3)
line 137: kNearestNeighbour 4 (5,5,10,1,7,6,6,1,6,10,7,3,1,2,2,7)
(63, 3, 14, 49, 4, 13, 4, 74, 57, 27, 59, 47, 7, 31, 31, 3)(13, 67, 38, 23, 34, 65, 26, 49, 4, 46, 6, 3, 42, 17, 79, 83)(3, 20, 4, 55, 66, 11, 49, 84, 59, 67, 1, 9, 2, 85, 64, 65)(39, 89, 56, 36, 35, 44, 63, 61, 53, 38, 42, 21, 97, 27, 17, 35)
line 138: nearestNeighbour (9,2,3,3,3,8,9,10,9,5,1,7,8,10,4,7)
(63, 3, 14, 49, 4, 13, 4, 74, 57, 27, 59, 47, 7, 31, 31, 3)
line 139: kNearestNeighbour 8 (6,8,6,7,10,3,9,8,2,9,7,3,4,4,4,7)
(63, 3, 14, 49, 4, 13, 4, 74, 57, 27, 59, 47, 7, 31, 31, 3)(13, 67, 38, 23, 34, 65, 26, 49, 4, 46, 6, 3, 42, 17, 79, 83)(3, 20, 4, 55, 66, 11, 49, 84, 59, 67, 1, 9, 2, 85, 64, 65)(39, 89, 56, 36, 35, 44, 63, 61, 53, 38, 42, 21, 97, 27, 17, 35)(61, 90, 30, 34, 6, 59, 45, 57, 17, 8, 74, 94, 61, 49, 11, 2)(21, 49, 62, 59, 40, 50, 29, 46, 86, 64, 76, 65, 8, 76, 40, 5)(35, 17, 55, 25, 100, 28, 45, 12, 61, 77, 39, 40, 84, 25, 89, 43)(58, 49, 18, 96, 18, 70, 23, 35, 35, 96, 100, 38, 14, 63, 39, 23)
line 140: nearestNeighbour (5,7,7,4,5,8,2,2,7,8,9,10,8,1,9,6)
(63, 3, 14, 49, 4, 13, 4, 74, 57, 27, 59, 47, 7, 31, 31, 3)
line 141: kNearestNeighbour 3 (4,8,4,4,6,2,6,8,2,4,7,1,3,7,5,7)
(63, 3, 14, 49, 4, 13, 4, 74, 57, 27, 59, 47, 7, 31, 31, 3)(13, 67, 38, 23, 34, 65, 26, 49, 4, 46, 6, 3, 42, 17, 79, 83)(3, 20, 4, 55, 66, 11, 49, 84, 59, 67, 1, 9, 2, 85, 64, 65)
line 142: kNearestNeighbour 2 (8,6,9,6,9,8,7,7,1,6,2,1,1,5,2,10)
(63, 3, 14, 49, 4, 13, 4, 74, 57, 27, 59, 47, 7, 31, 31, 3)(13, 67, 38, 23, 34, 65, 26, 49, 4, 46, 6, 3, 42, 17, 79, 83)
line 143: kNearestNeighbour 6 (10,7,6,10,9,4,3,7,8,6,1,3,7,4,8,10)
(63, 3, 14, 49, 4, 13, 4, 74, 57, 27, 59, 47, 7, 31, 31, 3)(13, 67, 38, 23, 34, 65, 26, 49, 4, 46, 6, 3, 42, 17, 79, 83)(3, 20, 4, 55, 66, 11, 49, 84, 59, 67, 1, 9, 2, 85, 64, 65)(39, 89, 56, 36, 35, 44, 63, 61, 53, 38, 42, 21, 97, 27, 17, 35)(61, 90, 30, 34, 6, 59, 45, 57, 17, 8, 74, 94, 61, 49, 11, 2)(21, 49, 62, 59, 40, 50, 29, 46, 86, 64, 76, 65, 8, 76, 40, 5)
line 144: nearestNeighbour (4,7,1,1,10,7,3,8,3,5,6,1,9,8,8,1)
(63, 3, 14, 49, 4, 13, 4, 74, 57, 27, 59, 47, 7, 31, 31, 3)
line 145: kNearestNeighbour 10 (8,5,9,1,7,10,10,4,4,9,6,3,8,3,8,4)
(63, 3, 14, 49, 4, 13, 4, 74, 57, 27, 59, 47, 7, 31, 31, 3)(13, 67, 38, 23, 34, 65, 26, 49, 4, 46, 6, 3, 42, 17, 79, 83)(39, 89, 56, 36, 35, 44, 63, 61, 53, 38, 42, 21, 97, 27, 17, 35)(3, 20, 4, 55, 66, 11, 49, 84, 59, 67, 1, 9, 2, 85, 64, 65)(61, 90, 30, 34, 6, 59, 45, 57, 17, 8, 74, 94, 61, 49, 11, 2)(21, 49, 62, 59, 40, 50, 29, 46, 86, 64, 76, 65, 8, 76, 40, 5)(35, 17, 55, 25, 100, 28, 45, 12, 61, 77, 39, 40, 84, 25, 89, 43)(27, 12, 68, 83, 2, 93, 11, 27, 43, 67, 98, 78, 53, 8, 46, 26)(58, 49, 18, 96, 18, 70, 23, 35, 35, 96, 100, 38, 14, 63, 39, 23)(27, 73, 40, 21, 82, 96, 47, 69, 56, 49, 99, 28, 59, 30, 37, 11)
line 146: kNearestNeighbour 5 (8,2,9,5,5,7,3,3,5,1,5,7,5,8,3,2)
(63, 3, 14, 49, 4, 13, 4, 74, 57, 27, 59, 47, 7, 31, 31, 3)(13, 67, 38, 23, 34, 65, 26, 49, 4, 46, 6, 3, 42, 17, 79, 83)(3, 20, 4, 55, 66, 11, 49, 84, 59, 67, 1, 9, 2, 85, 64, 65)(39, 89, 56, 36, 35, 44, 63, 61, 53, 38, 42, 21, 97, 27, 17, 35)(61, 90, 30, 34, 6, 59, 45, 57, 17, 8, 74, 94, 61, 49, 11, 2)
line 147: kNearestNeighbour 2 (4,9,4,10,1,7,2,7,10,8,1,2,1,8,7,9)
(63, 3, 14, 49, 4, 13, 4, 74, 57, 27, 59, 47, 7, 31, 31, 3)(13, 67, 38, 23, 34, 65, 26, 49, 4, 46, 6, 3, 42, 17, 79, 83)
line 148: kNearestNeighbour 7 (4,1,1,3,7,1,2,10,3,6,1,2,7,1,3,7)
(63, 3, 14, 49, 4, 13, 4, 74, 57, 27, 59, 47, 7, 31, 31, 3)(13, 67, 38, 23, 34, 65, 26, 49, 4, 46, 6, 3, 42, 17, 79, 83)(3, 20, 4, 55, 66, 11, 49, 84, 59, 67, 1, 9, 2, 85, 64, 65)(39, 89, 56, 36, 35, 44, 63, 61, 53, 38, 42, 21, 97, 27, 17, 35)(61, 90, 30, 34, 6, 59, 45, 57, 17, 8, 74, 94, 61, 49, 11, 2)(21, 49, 62, 59, 40, 50, 29, 46, 86, 64, 76, 65, 8, 76, 40, 5)(35, 17, 55, 25, 100, 28, 45, 12, 61, 77, 39, 40, 84, 25, 89, 43)
