line 1: k=15
line 2: clear
line 3: buildTree 18
(91,51,44,25,38,50,50,58,60,12,73,42,68,90,64) (1,97,93,23,23,27,76,13,11,11,81,80,77,44,81) (17,3,48,93,52,18,59,53,40,27,28,93,19,95,85) (59,96,55,9,62,48,84,62,51,13,18,51,58,52,68) (99,50,19,70,39,3,89,6,56,43,61,59,63,38,35) (58,14,91,86,25,7,88,78,62,3,3,24,1,4,14) (38,77,16,39,20,13,72,63,7,84,2,83,19,94,39) (79,95,86,3,50,75,89,49,52,58,91,15,89,15,43) (14,5,77,6,62,88,100,100,85,44,72,91,97,75,11) (19,79,86,81,45,94,67,93,6,73,86,33,71,6,38) (38,64,1,80,91,97,8,39,53,86,78,100,42,29,44) (37,22,13,57,70,18,3,85,87,35,12,19,12,39,27) (30,41,86,14,26,4,42,67,30,27,91,16,57,63,13) (91,59,86,54,40,24,87,57,14,33,61,92,92,64,44) (99,94,54,42,67,91,23,76,8,81,56,5,61,21,15) (70,21,32,84,65,69,77,35,3,43,72,9,11,65,48) (94,54,3,45,50,97,71,73,27,100,37,62,62,1,8) (14,53,8,72,54,15,45,53,65,45,1,71,32,51,92) 
line 4: nodeCount_height_leafCount
nodeCount=18;height=5;leafCount=8
line 5: inorderTraversal
(37, 22, 13, 57, 70, 18, 3, 85, 87, 35, 12, 19, 12, 39, 27) (17, 3, 48, 93, 52, 18, 59, 53, 40, 27, 28, 93, 19, 95, 85) (14, 5, 77, 6, 62, 88, 100, 100, 85, 44, 72, 91, 97, 75, 11) (30, 41, 86, 14, 26, 4, 42, 67, 30, 27, 91, 16, 57, 63, 13) (14, 53, 8, 72, 54, 15, 45, 53, 65, 45, 1, 71, 32, 51, 92) (19, 79, 86, 81, 45, 94, 67, 93, 6, 73, 86, 33, 71, 6, 38) (1, 97, 93, 23, 23, 27, 76, 13, 11, 11, 81, 80, 77, 44, 81) (38, 77, 16, 39, 20, 13, 72, 63, 7, 84, 2, 83, 19, 94, 39) (99, 50, 19, 70, 39, 3, 89, 6, 56, 43, 61, 59, 63, 38, 35) (70, 21, 32, 84, 65, 69, 77, 35, 3, 43, 72, 9, 11, 65, 48) (91, 51, 44, 25, 38, 50, 50, 58, 60, 12, 73, 42, 68, 90, 64) (58, 14, 91, 86, 25, 7, 88, 78, 62, 3, 3, 24, 1, 4, 14) (94, 54, 3, 45, 50, 97, 71, 73, 27, 100, 37, 62, 62, 1, 8) (99, 94, 54, 42, 67, 91, 23, 76, 8, 81, 56, 5, 61, 21, 15) (38, 64, 1, 80, 91, 97, 8, 39, 53, 86, 78, 100, 42, 29, 44) (59, 96, 55, 9, 62, 48, 84, 62, 51, 13, 18, 51, 58, 52, 68) (79, 95, 86, 3, 50, 75, 89, 49, 52, 58, 91, 15, 89, 15, 43) (91, 59, 86, 54, 40, 24, 87, 57, 14, 33, 61, 92, 92, 64, 44) 
line 6: preorderTraversal
(38, 77, 16, 39, 20, 13, 72, 63, 7, 84, 2, 83, 19, 94, 39) (30, 41, 86, 14, 26, 4, 42, 67, 30, 27, 91, 16, 57, 63, 13) (17, 3, 48, 93, 52, 18, 59, 53, 40, 27, 28, 93, 19, 95, 85) (37, 22, 13, 57, 70, 18, 3, 85, 87, 35, 12, 19, 12, 39, 27) (14, 5, 77, 6, 62, 88, 100, 100, 85, 44, 72, 91, 97, 75, 11) (19, 79, 86, 81, 45, 94, 67, 93, 6, 73, 86, 33, 71, 6, 38) (14, 53, 8, 72, 54, 15, 45, 53, 65, 45, 1, 71, 32, 51, 92) (1, 97, 93, 23, 23, 27, 76, 13, 11, 11, 81, 80, 77, 44, 81) (94, 54, 3, 45, 50, 97, 71, 73, 27, 100, 37, 62, 62, 1, 8) (70, 21, 32, 84, 65, 69, 77, 35, 3, 43, 72, 9, 11, 65, 48) (99, 50, 19, 70, 39, 3, 89, 6, 56, 43, 61, 59, 63, 38, 35) (91, 51, 44, 25, 38, 50, 50, 58, 60, 12, 73, 42, 68, 90, 64) (58, 14, 91, 86, 25, 7, 88, 78, 62, 3, 3, 24, 1, 4, 14) (59, 96, 55, 9, 62, 48, 84, 62, 51, 13, 18, 51, 58, 52, 68) (99, 94, 54, 42, 67, 91, 23, 76, 8, 81, 56, 5, 61, 21, 15) (38, 64, 1, 80, 91, 97, 8, 39, 53, 86, 78, 100, 42, 29, 44) (79, 95, 86, 3, 50, 75, 89, 49, 52, 58, 91, 15, 89, 15, 43) (91, 59, 86, 54, 40, 24, 87, 57, 14, 33, 61, 92, 92, 64, 44) 
line 7: postorderTraversal
(37, 22, 13, 57, 70, 18, 3, 85, 87, 35, 12, 19, 12, 39, 27) (14, 5, 77, 6, 62, 88, 100, 100, 85, 44, 72, 91, 97, 75, 11) (17, 3, 48, 93, 52, 18, 59, 53, 40, 27, 28, 93, 19, 95, 85) (14, 53, 8, 72, 54, 15, 45, 53, 65, 45, 1, 71, 32, 51, 92) (1, 97, 93, 23, 23, 27, 76, 13, 11, 11, 81, 80, 77, 44, 81) (19, 79, 86, 81, 45, 94, 67, 93, 6, 73, 86, 33, 71, 6, 38) (30, 41, 86, 14, 26, 4, 42, 67, 30, 27, 91, 16, 57, 63, 13) (99, 50, 19, 70, 39, 3, 89, 6, 56, 43, 61, 59, 63, 38, 35) (58, 14, 91, 86, 25, 7, 88, 78, 62, 3, 3, 24, 1, 4, 14) (91, 51, 44, 25, 38, 50, 50, 58, 60, 12, 73, 42, 68, 90, 64) (70, 21, 32, 84, 65, 69, 77, 35, 3, 43, 72, 9, 11, 65, 48) (38, 64, 1, 80, 91, 97, 8, 39, 53, 86, 78, 100, 42, 29, 44) (99, 94, 54, 42, 67, 91, 23, 76, 8, 81, 56, 5, 61, 21, 15) (91, 59, 86, 54, 40, 24, 87, 57, 14, 33, 61, 92, 92, 64, 44) (79, 95, 86, 3, 50, 75, 89, 49, 52, 58, 91, 15, 89, 15, 43) (59, 96, 55, 9, 62, 48, 84, 62, 51, 13, 18, 51, 58, 52, 68) (94, 54, 3, 45, 50, 97, 71, 73, 27, 100, 37, 62, 62, 1, 8) (38, 77, 16, 39, 20, 13, 72, 63, 7, 84, 2, 83, 19, 94, 39) 
line 8: kNearestNeighbour 1 (9,10,4,5,3,2,8,6,7,5,2,2,4,9,9)
(37, 22, 13, 57, 70, 18, 3, 85, 87, 35, 12, 19, 12, 39, 27)
line 9: nearestNeighbour (8,4,1,4,6,3,4,4,3,8,2,7,4,3,4)
(37, 22, 13, 57, 70, 18, 3, 85, 87, 35, 12, 19, 12, 39, 27)
line 10: nearestNeighbour (10,3,1,4,6,9,10,3,7,3,9,3,10,1,2)
(37, 22, 13, 57, 70, 18, 3, 85, 87, 35, 12, 19, 12, 39, 27)
line 11: kNearestNeighbour 3 (7,4,5,2,10,10,8,2,9,1,8,10,4,7,3)
(37, 22, 13, 57, 70, 18, 3, 85, 87, 35, 12, 19, 12, 39, 27)(30, 41, 86, 14, 26, 4, 42, 67, 30, 27, 91, 16, 57, 63, 13)(58, 14, 91, 86, 25, 7, 88, 78, 62, 3, 3, 24, 1, 4, 14)
line 12: nearestNeighbour (1,3,2,8,8,6,2,10,3,7,2,1,8,2,5)
(37, 22, 13, 57, 70, 18, 3, 85, 87, 35, 12, 19, 12, 39, 27)
line 13: kNearestNeighbour 3 (6,5,3,7,6,9,8,2,8,6,10,2,9,2,6)
(37, 22, 13, 57, 70, 18, 3, 85, 87, 35, 12, 19, 12, 39, 27)(30, 41, 86, 14, 26, 4, 42, 67, 30, 27, 91, 16, 57, 63, 13)(14, 53, 8, 72, 54, 15, 45, 53, 65, 45, 1, 71, 32, 51, 92)
line 14: nearestNeighbour (6,8,8,7,3,2,6,3,5,9,5,1,3,9,9)
(37, 22, 13, 57, 70, 18, 3, 85, 87, 35, 12, 19, 12, 39, 27)
line 15: nearestNeighbour (10,7,2,8,5,5,1,3,5,7,7,4,6,8,1)
(37, 22, 13, 57, 70, 18, 3, 85, 87, 35, 12, 19, 12, 39, 27)
line 16: kNearestNeighbour 1 (10,5,2,8,10,4,2,3,4,9,10,3,10,6,3)
(37, 22, 13, 57, 70, 18, 3, 85, 87, 35, 12, 19, 12, 39, 27)
line 17: nearestNeighbour (8,4,6,7,3,2,5,9,6,10,2,4,9,7,5)
(37, 22, 13, 57, 70, 18, 3, 85, 87, 35, 12, 19, 12, 39, 27)
line 18: nearestNeighbour (10,5,1,8,9,7,10,5,3,6,1,2,3,4,9)
(37, 22, 13, 57, 70, 18, 3, 85, 87, 35, 12, 19, 12, 39, 27)
line 19: nearestNeighbour (2,3,2,9,2,9,9,1,10,7,8,10,4,10,8)
(37, 22, 13, 57, 70, 18, 3, 85, 87, 35, 12, 19, 12, 39, 27)
line 20: nearestNeighbour (1,8,10,9,8,6,10,5,8,9,3,4,10,6,10)
(37, 22, 13, 57, 70, 18, 3, 85, 87, 35, 12, 19, 12, 39, 27)
line 21: kNearestNeighbour 6 (1,10,4,7,8,9,7,9,2,2,2,2,7,3,6)
(37, 22, 13, 57, 70, 18, 3, 85, 87, 35, 12, 19, 12, 39, 27)(30, 41, 86, 14, 26, 4, 42, 67, 30, 27, 91, 16, 57, 63, 13)(14, 53, 8, 72, 54, 15, 45, 53, 65, 45, 1, 71, 32, 51, 92)(58, 14, 91, 86, 25, 7, 88, 78, 62, 3, 3, 24, 1, 4, 14)(70, 21, 32, 84, 65, 69, 77, 35, 3, 43, 72, 9, 11, 65, 48)(38, 77, 16, 39, 20, 13, 72, 63, 7, 84, 2, 83, 19, 94, 39)
line 22: nearestNeighbour (8,6,4,4,7,7,6,1,6,7,9,9,3,2,1)
(37, 22, 13, 57, 70, 18, 3, 85, 87, 35, 12, 19, 12, 39, 27)
line 23: nearestNeighbour (2,7,8,3,4,9,8,2,5,6,1,4,8,7,9)
(37, 22, 13, 57, 70, 18, 3, 85, 87, 35, 12, 19, 12, 39, 27)
line 24: nearestNeighbour (2,6,9,10,1,4,2,10,2,2,10,7,4,7,8)
(37, 22, 13, 57, 70, 18, 3, 85, 87, 35, 12, 19, 12, 39, 27)
line 25: nearestNeighbour (4,2,10,8,10,7,1,2,9,10,2,8,10,5,7)
(37, 22, 13, 57, 70, 18, 3, 85, 87, 35, 12, 19, 12, 39, 27)
line 26: kNearestNeighbour 10 (8,9,2,2,7,7,9,4,8,1,6,9,3,5,4)
(37, 22, 13, 57, 70, 18, 3, 85, 87, 35, 12, 19, 12, 39, 27)(30, 41, 86, 14, 26, 4, 42, 67, 30, 27, 91, 16, 57, 63, 13)(14, 53, 8, 72, 54, 15, 45, 53, 65, 45, 1, 71, 32, 51, 92)(58, 14, 91, 86, 25, 7, 88, 78, 62, 3, 3, 24, 1, 4, 14)(70, 21, 32, 84, 65, 69, 77, 35, 3, 43, 72, 9, 11, 65, 48)(38, 77, 16, 39, 20, 13, 72, 63, 7, 84, 2, 83, 19, 94, 39)(99, 50, 19, 70, 39, 3, 89, 6, 56, 43, 61, 59, 63, 38, 35)(59, 96, 55, 9, 62, 48, 84, 62, 51, 13, 18, 51, 58, 52, 68)(17, 3, 48, 93, 52, 18, 59, 53, 40, 27, 28, 93, 19, 95, 85)(91, 51, 44, 25, 38, 50, 50, 58, 60, 12, 73, 42, 68, 90, 64)
line 27: nearestNeighbour (3,7,3,10,8,3,8,4,1,7,8,2,5,2,1)
(37, 22, 13, 57, 70, 18, 3, 85, 87, 35, 12, 19, 12, 39, 27)
line 28: kNearestNeighbour 6 (9,9,7,5,8,5,2,7,2,6,3,1,7,6,3)
(37, 22, 13, 57, 70, 18, 3, 85, 87, 35, 12, 19, 12, 39, 27)(30, 41, 86, 14, 26, 4, 42, 67, 30, 27, 91, 16, 57, 63, 13)(58, 14, 91, 86, 25, 7, 88, 78, 62, 3, 3, 24, 1, 4, 14)(14, 53, 8, 72, 54, 15, 45, 53, 65, 45, 1, 71, 32, 51, 92)(70, 21, 32, 84, 65, 69, 77, 35, 3, 43, 72, 9, 11, 65, 48)(38, 77, 16, 39, 20, 13, 72, 63, 7, 84, 2, 83, 19, 94, 39)
line 29: nearestNeighbour (6,9,6,4,4,6,2,9,6,10,3,9,1,7,5)
(37, 22, 13, 57, 70, 18, 3, 85, 87, 35, 12, 19, 12, 39, 27)
line 30: kNearestNeighbour 1 (6,9,4,9,6,1,8,6,9,6,9,7,5,5,3)
(37, 22, 13, 57, 70, 18, 3, 85, 87, 35, 12, 19, 12, 39, 27)
line 31: kNearestNeighbour 9 (6,10,6,1,6,1,10,1,4,1,6,10,4,10,10)
(37, 22, 13, 57, 70, 18, 3, 85, 87, 35, 12, 19, 12, 39, 27)(30, 41, 86, 14, 26, 4, 42, 67, 30, 27, 91, 16, 57, 63, 13)(14, 53, 8, 72, 54, 15, 45, 53, 65, 45, 1, 71, 32, 51, 92)(58, 14, 91, 86, 25, 7, 88, 78, 62, 3, 3, 24, 1, 4, 14)(38, 77, 16, 39, 20, 13, 72, 63, 7, 84, 2, 83, 19, 94, 39)(70, 21, 32, 84, 65, 69, 77, 35, 3, 43, 72, 9, 11, 65, 48)(99, 50, 19, 70, 39, 3, 89, 6, 56, 43, 61, 59, 63, 38, 35)(59, 96, 55, 9, 62, 48, 84, 62, 51, 13, 18, 51, 58, 52, 68)(17, 3, 48, 93, 52, 18, 59, 53, 40, 27, 28, 93, 19, 95, 85)
line 32: kNearestNeighbour 5 (4,5,4,1,10,7,10,1,6,1,9,9,5,1,8)
(37, 22, 13, 57, 70, 18, 3, 85, 87, 35, 12, 19, 12, 39, 27)(30, 41, 86, 14, 26, 4, 42, 67, 30, 27, 91, 16, 57, 63, 13)(14, 53, 8, 72, 54, 15, 45, 53, 65, 45, 1, 71, 32, 51, 92)(58, 14, 91, 86, 25, 7, 88, 78, 62, 3, 3, 24, 1, 4, 14)(70, 21, 32, 84, 65, 69, 77, 35, 3, 43, 72, 9, 11, 65, 48)
line 33: nearestNeighbour (8,3,6,6,3,8,6,1,9,4,5,1,8,5,6)
(37, 22, 13, 57, 70, 18, 3, 85, 87, 35, 12, 19, 12, 39, 27)
line 34: nearestNeighbour (2,2,5,9,7,3,9,7,8,4,7,9,10,7,1)
(37, 22, 13, 57, 70, 18, 3, 85, 87, 35, 12, 19, 12, 39, 27)
line 35: kNearestNeighbour 6 (6,1,5,8,9,3,7,8,5,4,9,2,1,3,8)
(37, 22, 13, 57, 70, 18, 3, 85, 87, 35, 12, 19, 12, 39, 27)(30, 41, 86, 14, 26, 4, 42, 67, 30, 27, 91, 16, 57, 63, 13)(58, 14, 91, 86, 25, 7, 88, 78, 62, 3, 3, 24, 1, 4, 14)(14, 53, 8, 72, 54, 15, 45, 53, 65, 45, 1, 71, 32, 51, 92)(70, 21, 32, 84, 65, 69, 77, 35, 3, 43, 72, 9, 11, 65, 48)(38, 77, 16, 39, 20, 13, 72, 63, 7, 84, 2, 83, 19, 94, 39)
line 36: nearestNeighbour (6,6,2,10,10,2,1,6,6,2,1,6,8,7,3)
(37, 22, 13, 57, 70, 18, 3, 85, 87, 35, 12, 19, 12, 39, 27)
line 37: nearestNeighbour (10,2,5,4,2,1,1,9,9,8,1,4,1,10,8)
(37, 22, 13, 57, 70, 18, 3, 85, 87, 35, 12, 19, 12, 39, 27)
line 38: nearestNeighbour (8,8,9,7,10,5,6,10,5,9,7,10,6,3,5)
(37, 22, 13, 57, 70, 18, 3, 85, 87, 35, 12, 19, 12, 39, 27)
line 39: kNearestNeighbour 5 (5,2,8,7,3,2,8,7,8,2,4,4,3,8,3)
(37, 22, 13, 57, 70, 18, 3, 85, 87, 35, 12, 19, 12, 39, 27)(30, 41, 86, 14, 26, 4, 42, 67, 30, 27, 91, 16, 57, 63, 13)(58, 14, 91, 86, 25, 7, 88, 78, 62, 3, 3, 24, 1, 4, 14)(14, 53, 8, 72, 54, 15, 45, 53, 65, 45, 1, 71, 32, 51, 92)(70, 21, 32, 84, 65, 69, 77, 35, 3, 43, 72, 9, 11, 65, 48)
line 40: kNearestNeighbour 6 (6,2,2,6,4,6,4,1,8,4,8,5,9,10,10)
(37, 22, 13, 57, 70, 18, 3, 85, 87, 35, 12, 19, 12, 39, 27)(30, 41, 86, 14, 26, 4, 42, 67, 30, 27, 91, 16, 57, 63, 13)(14, 53, 8, 72, 54, 15, 45, 53, 65, 45, 1, 71, 32, 51, 92)(58, 14, 91, 86, 25, 7, 88, 78, 62, 3, 3, 24, 1, 4, 14)(70, 21, 32, 84, 65, 69, 77, 35, 3, 43, 72, 9, 11, 65, 48)(38, 77, 16, 39, 20, 13, 72, 63, 7, 84, 2, 83, 19, 94, 39)
line 41: kNearestNeighbour 5 (10,2,8,6,10,6,6,1,8,7,1,2,7,9,1)
(37, 22, 13, 57, 70, 18, 3, 85, 87, 35, 12, 19, 12, 39, 27)(30, 41, 86, 14, 26, 4, 42, 67, 30, 27, 91, 16, 57, 63, 13)(58, 14, 91, 86, 25, 7, 88, 78, 62, 3, 3, 24, 1, 4, 14)(14, 53, 8, 72, 54, 15, 45, 53, 65, 45, 1, 71, 32, 51, 92)(70, 21, 32, 84, 65, 69, 77, 35, 3, 43, 72, 9, 11, 65, 48)
line 42: nearestNeighbour (3,5,9,3,9,10,3,9,3,10,9,2,1,2,4)
(37, 22, 13, 57, 70, 18, 3, 85, 87, 35, 12, 19, 12, 39, 27)
line 43: kNearestNeighbour 4 (1,2,3,8,9,2,8,4,9,10,5,1,3,10,7)
(37, 22, 13, 57, 70, 18, 3, 85, 87, 35, 12, 19, 12, 39, 27)(30, 41, 86, 14, 26, 4, 42, 67, 30, 27, 91, 16, 57, 63, 13)(14, 53, 8, 72, 54, 15, 45, 53, 65, 45, 1, 71, 32, 51, 92)(58, 14, 91, 86, 25, 7, 88, 78, 62, 3, 3, 24, 1, 4, 14)
line 44: nearestNeighbour (1,8,1,3,10,7,1,6,3,5,9,10,7,5,8)
(37, 22, 13, 57, 70, 18, 3, 85, 87, 35, 12, 19, 12, 39, 27)
line 45: kNearestNeighbour 6 (5,10,4,9,3,6,3,7,2,6,9,8,2,9,8)
(37, 22, 13, 57, 70, 18, 3, 85, 87, 35, 12, 19, 12, 39, 27)(30, 41, 86, 14, 26, 4, 42, 67, 30, 27, 91, 16, 57, 63, 13)(14, 53, 8, 72, 54, 15, 45, 53, 65, 45, 1, 71, 32, 51, 92)(58, 14, 91, 86, 25, 7, 88, 78, 62, 3, 3, 24, 1, 4, 14)(70, 21, 32, 84, 65, 69, 77, 35, 3, 43, 72, 9, 11, 65, 48)(38, 77, 16, 39, 20, 13, 72, 63, 7, 84, 2, 83, 19, 94, 39)
line 46: kNearestNeighbour 4 (8,4,6,2,10,10,6,9,2,7,7,8,6,3,10)
(37, 22, 13, 57, 70, 18, 3, 85, 87, 35, 12, 19, 12, 39, 27)(30, 41, 86, 14, 26, 4, 42, 67, 30, 27, 91, 16, 57, 63, 13)(14, 53, 8, 72, 54, 15, 45, 53, 65, 45, 1, 71, 32, 51, 92)(58, 14, 91, 86, 25, 7, 88, 78, 62, 3, 3, 24, 1, 4, 14)
line 47: nearestNeighbour (6,10,1,2,6,9,8,4,2,4,6,5,1,6,2)
(37, 22, 13, 57, 70, 18, 3, 85, 87, 35, 12, 19, 12, 39, 27)
line 48: kNearestNeighbour 8 (7,10,3,6,2,7,10,1,6,4,8,6,1,9,4)
(37, 22, 13, 57, 70, 18, 3, 85, 87, 35, 12, 19, 12, 39, 27)(30, 41, 86, 14, 26, 4, 42, 67, 30, 27, 91, 16, 57, 63, 13)(14, 53, 8, 72, 54, 15, 45, 53, 65, 45, 1, 71, 32, 51, 92)(58, 14, 91, 86, 25, 7, 88, 78, 62, 3, 3, 24, 1, 4, 14)(70, 21, 32, 84, 65, 69, 77, 35, 3, 43, 72, 9, 11, 65, 48)(38, 77, 16, 39, 20, 13, 72, 63, 7, 84, 2, 83, 19, 94, 39)(99, 50, 19, 70, 39, 3, 89, 6, 56, 43, 61, 59, 63, 38, 35)(59, 96, 55, 9, 62, 48, 84, 62, 51, 13, 18, 51, 58, 52, 68)
line 49: kNearestNeighbour 6 (9,8,1,10,8,2,8,10,8,2,3,8,7,5,7)
(37, 22, 13, 57, 70, 18, 3, 85, 87, 35, 12, 19, 12, 39, 27)(30, 41, 86, 14, 26, 4, 42, 67, 30, 27, 91, 16, 57, 63, 13)(14, 53, 8, 72, 54, 15, 45, 53, 65, 45, 1, 71, 32, 51, 92)(58, 14, 91, 86, 25, 7, 88, 78, 62, 3, 3, 24, 1, 4, 14)(70, 21, 32, 84, 65, 69, 77, 35, 3, 43, 72, 9, 11, 65, 48)(38, 77, 16, 39, 20, 13, 72, 63, 7, 84, 2, 83, 19, 94, 39)
line 50: nearestNeighbour (4,6,10,8,2,8,3,4,2,2,7,5,5,9,7)
(37, 22, 13, 57, 70, 18, 3, 85, 87, 35, 12, 19, 12, 39, 27)
line 51: nearestNeighbour (5,2,5,10,6,5,5,10,5,4,3,9,2,5,8)
(37, 22, 13, 57, 70, 18, 3, 85, 87, 35, 12, 19, 12, 39, 27)
line 52: nearestNeighbour (1,1,7,1,6,8,8,6,8,6,8,6,1,9,5)
(37, 22, 13, 57, 70, 18, 3, 85, 87, 35, 12, 19, 12, 39, 27)
line 53: kNearestNeighbour 2 (10,6,9,2,7,4,8,1,1,6,8,4,4,10,8)
(37, 22, 13, 57, 70, 18, 3, 85, 87, 35, 12, 19, 12, 39, 27)(30, 41, 86, 14, 26, 4, 42, 67, 30, 27, 91, 16, 57, 63, 13)
line 54: kNearestNeighbour 1 (8,7,3,8,2,9,5,8,9,8,2,2,7,1,3)
(37, 22, 13, 57, 70, 18, 3, 85, 87, 35, 12, 19, 12, 39, 27)
line 55: nearestNeighbour (6,7,7,6,4,7,1,8,5,1,6,1,2,7,6)
(37, 22, 13, 57, 70, 18, 3, 85, 87, 35, 12, 19, 12, 39, 27)
line 56: kNearestNeighbour 1 (6,8,6,6,10,2,4,7,10,6,2,1,4,9,5)
(37, 22, 13, 57, 70, 18, 3, 85, 87, 35, 12, 19, 12, 39, 27)
line 57: nearestNeighbour (8,1,4,7,9,7,7,2,9,6,10,4,4,3,7)
(37, 22, 13, 57, 70, 18, 3, 85, 87, 35, 12, 19, 12, 39, 27)
line 58: kNearestNeighbour 1 (6,7,10,10,6,2,9,2,6,3,10,7,4,9,3)
(37, 22, 13, 57, 70, 18, 3, 85, 87, 35, 12, 19, 12, 39, 27)
line 59: kNearestNeighbour 9 (8,8,7,7,8,9,7,8,3,1,10,5,7,1,2)
(37, 22, 13, 57, 70, 18, 3, 85, 87, 35, 12, 19, 12, 39, 27)(30, 41, 86, 14, 26, 4, 42, 67, 30, 27, 91, 16, 57, 63, 13)(58, 14, 91, 86, 25, 7, 88, 78, 62, 3, 3, 24, 1, 4, 14)(14, 53, 8, 72, 54, 15, 45, 53, 65, 45, 1, 71, 32, 51, 92)(70, 21, 32, 84, 65, 69, 77, 35, 3, 43, 72, 9, 11, 65, 48)(38, 77, 16, 39, 20, 13, 72, 63, 7, 84, 2, 83, 19, 94, 39)(99, 50, 19, 70, 39, 3, 89, 6, 56, 43, 61, 59, 63, 38, 35)(59, 96, 55, 9, 62, 48, 84, 62, 51, 13, 18, 51, 58, 52, 68)(91, 51, 44, 25, 38, 50, 50, 58, 60, 12, 73, 42, 68, 90, 64)
line 60: kNearestNeighbour 6 (1,8,8,1,3,2,4,2,1,8,3,9,6,7,6)
(37, 22, 13, 57, 70, 18, 3, 85, 87, 35, 12, 19, 12, 39, 27)(30, 41, 86, 14, 26, 4, 42, 67, 30, 27, 91, 16, 57, 63, 13)(14, 53, 8, 72, 54, 15, 45, 53, 65, 45, 1, 71, 32, 51, 92)(58, 14, 91, 86, 25, 7, 88, 78, 62, 3, 3, 24, 1, 4, 14)(38, 77, 16, 39, 20, 13, 72, 63, 7, 84, 2, 83, 19, 94, 39)(70, 21, 32, 84, 65, 69, 77, 35, 3, 43, 72, 9, 11, 65, 48)
line 61: nearestNeighbour (1,7,9,2,8,7,4,7,3,9,5,5,10,7,10)
(37, 22, 13, 57, 70, 18, 3, 85, 87, 35, 12, 19, 12, 39, 27)
line 62: kNearestNeighbour 5 (3,1,3,4,4,10,1,4,4,3,3,4,2,10,5)
(37, 22, 13, 57, 70, 18, 3, 85, 87, 35, 12, 19, 12, 39, 27)(30, 41, 86, 14, 26, 4, 42, 67, 30, 27, 91, 16, 57, 63, 13)(14, 53, 8, 72, 54, 15, 45, 53, 65, 45, 1, 71, 32, 51, 92)(58, 14, 91, 86, 25, 7, 88, 78, 62, 3, 3, 24, 1, 4, 14)(70, 21, 32, 84, 65, 69, 77, 35, 3, 43, 72, 9, 11, 65, 48)
line 63: kNearestNeighbour 7 (4,7,3,7,3,10,3,9,2,2,5,6,1,5,1)
(37, 22, 13, 57, 70, 18, 3, 85, 87, 35, 12, 19, 12, 39, 27)(30, 41, 86, 14, 26, 4, 42, 67, 30, 27, 91, 16, 57, 63, 13)(58, 14, 91, 86, 25, 7, 88, 78, 62, 3, 3, 24, 1, 4, 14)(14, 53, 8, 72, 54, 15, 45, 53, 65, 45, 1, 71, 32, 51, 92)(70, 21, 32, 84, 65, 69, 77, 35, 3, 43, 72, 9, 11, 65, 48)(38, 77, 16, 39, 20, 13, 72, 63, 7, 84, 2, 83, 19, 94, 39)(99, 50, 19, 70, 39, 3, 89, 6, 56, 43, 61, 59, 63, 38, 35)
line 64: kNearestNeighbour 7 (4,8,5,6,7,2,5,7,3,6,5,6,2,6,8)
(37, 22, 13, 57, 70, 18, 3, 85, 87, 35, 12, 19, 12, 39, 27)(30, 41, 86, 14, 26, 4, 42, 67, 30, 27, 91, 16, 57, 63, 13)(14, 53, 8, 72, 54, 15, 45, 53, 65, 45, 1, 71, 32, 51, 92)(58, 14, 91, 86, 25, 7, 88, 78, 62, 3, 3, 24, 1, 4, 14)(38, 77, 16, 39, 20, 13, 72, 63, 7, 84, 2, 83, 19, 94, 39)(70, 21, 32, 84, 65, 69, 77, 35, 3, 43, 72, 9, 11, 65, 48)(99, 50, 19, 70, 39, 3, 89, 6, 56, 43, 61, 59, 63, 38, 35)
line 65: nearestNeighbour (10,2,7,2,3,8,5,7,9,4,1,2,7,6,7)
(37, 22, 13, 57, 70, 18, 3, 85, 87, 35, 12, 19, 12, 39, 27)
line 66: kNearestNeighbour 8 (4,2,9,5,9,2,6,9,5,4,10,2,3,6,3)
(37, 22, 13, 57, 70, 18, 3, 85, 87, 35, 12, 19, 12, 39, 27)(30, 41, 86, 14, 26, 4, 42, 67, 30, 27, 91, 16, 57, 63, 13)(58, 14, 91, 86, 25, 7, 88, 78, 62, 3, 3, 24, 1, 4, 14)(14, 53, 8, 72, 54, 15, 45, 53, 65, 45, 1, 71, 32, 51, 92)(70, 21, 32, 84, 65, 69, 77, 35, 3, 43, 72, 9, 11, 65, 48)(38, 77, 16, 39, 20, 13, 72, 63, 7, 84, 2, 83, 19, 94, 39)(99, 50, 19, 70, 39, 3, 89, 6, 56, 43, 61, 59, 63, 38, 35)(17, 3, 48, 93, 52, 18, 59, 53, 40, 27, 28, 93, 19, 95, 85)
line 67: nearestNeighbour (10,10,8,3,9,4,7,7,10,4,4,4,1,10,9)
(37, 22, 13, 57, 70, 18, 3, 85, 87, 35, 12, 19, 12, 39, 27)
line 68: kNearestNeighbour 5 (6,10,5,9,1,9,8,2,5,10,9,1,6,5,7)
(37, 22, 13, 57, 70, 18, 3, 85, 87, 35, 12, 19, 12, 39, 27)(30, 41, 86, 14, 26, 4, 42, 67, 30, 27, 91, 16, 57, 63, 13)(14, 53, 8, 72, 54, 15, 45, 53, 65, 45, 1, 71, 32, 51, 92)(58, 14, 91, 86, 25, 7, 88, 78, 62, 3, 3, 24, 1, 4, 14)(70, 21, 32, 84, 65, 69, 77, 35, 3, 43, 72, 9, 11, 65, 48)
line 69: nearestNeighbour (2,9,4,10,9,1,8,3,4,7,4,5,2,9,1)
(37, 22, 13, 57, 70, 18, 3, 85, 87, 35, 12, 19, 12, 39, 27)
line 70: nearestNeighbour (8,10,9,3,7,5,8,10,6,9,9,9,9,1,6)
(37, 22, 13, 57, 70, 18, 3, 85, 87, 35, 12, 19, 12, 39, 27)
line 71: nearestNeighbour (3,1,10,7,2,4,9,2,5,10,8,7,8,10,5)
(37, 22, 13, 57, 70, 18, 3, 85, 87, 35, 12, 19, 12, 39, 27)
line 72: nearestNeighbour (4,7,5,5,8,3,9,5,5,2,2,2,4,6,5)
(37, 22, 13, 57, 70, 18, 3, 85, 87, 35, 12, 19, 12, 39, 27)
line 73: kNearestNeighbour 5 (10,2,6,3,6,9,9,8,8,9,3,6,1,5,4)
(37, 22, 13, 57, 70, 18, 3, 85, 87, 35, 12, 19, 12, 39, 27)(30, 41, 86, 14, 26, 4, 42, 67, 30, 27, 91, 16, 57, 63, 13)(58, 14, 91, 86, 25, 7, 88, 78, 62, 3, 3, 24, 1, 4, 14)(14, 53, 8, 72, 54, 15, 45, 53, 65, 45, 1, 71, 32, 51, 92)(70, 21, 32, 84, 65, 69, 77, 35, 3, 43, 72, 9, 11, 65, 48)
line 74: kNearestNeighbour 5 (6,9,8,3,9,9,3,5,6,1,6,1,6,2,4)
(37, 22, 13, 57, 70, 18, 3, 85, 87, 35, 12, 19, 12, 39, 27)(30, 41, 86, 14, 26, 4, 42, 67, 30, 27, 91, 16, 57, 63, 13)(58, 14, 91, 86, 25, 7, 88, 78, 62, 3, 3, 24, 1, 4, 14)(14, 53, 8, 72, 54, 15, 45, 53, 65, 45, 1, 71, 32, 51, 92)(70, 21, 32, 84, 65, 69, 77, 35, 3, 43, 72, 9, 11, 65, 48)
line 75: kNearestNeighbour 5 (4,6,4,3,6,5,10,2,10,10,4,7,3,3,3)
(37, 22, 13, 57, 70, 18, 3, 85, 87, 35, 12, 19, 12, 39, 27)(30, 41, 86, 14, 26, 4, 42, 67, 30, 27, 91, 16, 57, 63, 13)(14, 53, 8, 72, 54, 15, 45, 53, 65, 45, 1, 71, 32, 51, 92)(58, 14, 91, 86, 25, 7, 88, 78, 62, 3, 3, 24, 1, 4, 14)(38, 77, 16, 39, 20, 13, 72, 63, 7, 84, 2, 83, 19, 94, 39)
line 76: kNearestNeighbour 8 (8,10,2,4,6,9,5,1,9,4,7,3,1,7,5)
(37, 22, 13, 57, 70, 18, 3, 85, 87, 35, 12, 19, 12, 39, 27)(30, 41, 86, 14, 26, 4, 42, 67, 30, 27, 91, 16, 57, 63, 13)(14, 53, 8, 72, 54, 15, 45, 53, 65, 45, 1, 71, 32, 51, 92)(58, 14, 91, 86, 25, 7, 88, 78, 62, 3, 3, 24, 1, 4, 14)(70, 21, 32, 84, 65, 69, 77, 35, 3, 43, 72, 9, 11, 65, 48)(38, 77, 16, 39, 20, 13, 72, 63, 7, 84, 2, 83, 19, 94, 39)(99, 50, 19, 70, 39, 3, 89, 6, 56, 43, 61, 59, 63, 38, 35)(59, 96, 55, 9, 62, 48, 84, 62, 51, 13, 18, 51, 58, 52, 68)
line 77: kNearestNeighbour 4 (8,7,3,9,8,3,3,4,9,4,1,10,9,1,7)
(37, 22, 13, 57, 70, 18, 3, 85, 87, 35, 12, 19, 12, 39, 27)(30, 41, 86, 14, 26, 4, 42, 67, 30, 27, 91, 16, 57, 63, 13)(14, 53, 8, 72, 54, 15, 45, 53, 65, 45, 1, 71, 32, 51, 92)(58, 14, 91, 86, 25, 7, 88, 78, 62, 3, 3, 24, 1, 4, 14)
line 78: kNearestNeighbour 2 (7,2,8,3,7,10,3,7,3,2,9,5,4,5,4)
(37, 22, 13, 57, 70, 18, 3, 85, 87, 35, 12, 19, 12, 39, 27)(30, 41, 86, 14, 26, 4, 42, 67, 30, 27, 91, 16, 57, 63, 13)
line 79: nearestNeighbour (6,10,7,6,2,6,7,7,1,4,1,5,8,1,3)
(37, 22, 13, 57, 70, 18, 3, 85, 87, 35, 12, 19, 12, 39, 27)
line 80: kNearestNeighbour 8 (2,1,1,3,10,8,10,7,8,8,10,7,6,4,5)
(37, 22, 13, 57, 70, 18, 3, 85, 87, 35, 12, 19, 12, 39, 27)(30, 41, 86, 14, 26, 4, 42, 67, 30, 27, 91, 16, 57, 63, 13)(14, 53, 8, 72, 54, 15, 45, 53, 65, 45, 1, 71, 32, 51, 92)(58, 14, 91, 86, 25, 7, 88, 78, 62, 3, 3, 24, 1, 4, 14)(70, 21, 32, 84, 65, 69, 77, 35, 3, 43, 72, 9, 11, 65, 48)(38, 77, 16, 39, 20, 13, 72, 63, 7, 84, 2, 83, 19, 94, 39)(99, 50, 19, 70, 39, 3, 89, 6, 56, 43, 61, 59, 63, 38, 35)(17, 3, 48, 93, 52, 18, 59, 53, 40, 27, 28, 93, 19, 95, 85)
line 81: nearestNeighbour (5,8,7,10,10,7,10,2,6,10,10,3,2,2,6)
(37, 22, 13, 57, 70, 18, 3, 85, 87, 35, 12, 19, 12, 39, 27)
line 82: kNearestNeighbour 4 (8,6,3,8,9,4,4,1,2,7,8,7,6,7,4)
(37, 22, 13, 57, 70, 18, 3, 85, 87, 35, 12, 19, 12, 39, 27)(30, 41, 86, 14, 26, 4, 42, 67, 30, 27, 91, 16, 57, 63, 13)(14, 53, 8, 72, 54, 15, 45, 53, 65, 45, 1, 71, 32, 51, 92)(58, 14, 91, 86, 25, 7, 88, 78, 62, 3, 3, 24, 1, 4, 14)
line 83: kNearestNeighbour 8 (1,10,2,4,6,10,9,6,9,8,8,6,4,10,10)
(37, 22, 13, 57, 70, 18, 3, 85, 87, 35, 12, 19, 12, 39, 27)(30, 41, 86, 14, 26, 4, 42, 67, 30, 27, 91, 16, 57, 63, 13)(14, 53, 8, 72, 54, 15, 45, 53, 65, 45, 1, 71, 32, 51, 92)(58, 14, 91, 86, 25, 7, 88, 78, 62, 3, 3, 24, 1, 4, 14)(70, 21, 32, 84, 65, 69, 77, 35, 3, 43, 72, 9, 11, 65, 48)(38, 77, 16, 39, 20, 13, 72, 63, 7, 84, 2, 83, 19, 94, 39)(99, 50, 19, 70, 39, 3, 89, 6, 56, 43, 61, 59, 63, 38, 35)(59, 96, 55, 9, 62, 48, 84, 62, 51, 13, 18, 51, 58, 52, 68)
line 84: kNearestNeighbour 1 (7,1,7,8,9,5,5,4,7,4,9,6,6,6,1)
(37, 22, 13, 57, 70, 18, 3, 85, 87, 35, 12, 19, 12, 39, 27)
line 85: kNearestNeighbour 2 (6,10,2,3,2,6,2,1,1,5,5,3,7,7,4)
(37, 22, 13, 57, 70, 18, 3, 85, 87, 35, 12, 19, 12, 39, 27)(30, 41, 86, 14, 26, 4, 42, 67, 30, 27, 91, 16, 57, 63, 13)
line 86: kNearestNeighbour 8 (3,2,10,9,6,2,2,6,1,4,7,8,4,2,10)
(37, 22, 13, 57, 70, 18, 3, 85, 87, 35, 12, 19, 12, 39, 27)(30, 41, 86, 14, 26, 4, 42, 67, 30, 27, 91, 16, 57, 63, 13)(58, 14, 91, 86, 25, 7, 88, 78, 62, 3, 3, 24, 1, 4, 14)(14, 53, 8, 72, 54, 15, 45, 53, 65, 45, 1, 71, 32, 51, 92)(70, 21, 32, 84, 65, 69, 77, 35, 3, 43, 72, 9, 11, 65, 48)(38, 77, 16, 39, 20, 13, 72, 63, 7, 84, 2, 83, 19, 94, 39)(99, 50, 19, 70, 39, 3, 89, 6, 56, 43, 61, 59, 63, 38, 35)(17, 3, 48, 93, 52, 18, 59, 53, 40, 27, 28, 93, 19, 95, 85)
line 87: nearestNeighbour (5,1,10,7,9,4,9,9,9,9,8,5,4,2,6)
(37, 22, 13, 57, 70, 18, 3, 85, 87, 35, 12, 19, 12, 39, 27)
line 88: kNearestNeighbour 4 (8,7,6,7,8,5,1,7,6,10,2,8,2,1,9)
(37, 22, 13, 57, 70, 18, 3, 85, 87, 35, 12, 19, 12, 39, 27)(30, 41, 86, 14, 26, 4, 42, 67, 30, 27, 91, 16, 57, 63, 13)(14, 53, 8, 72, 54, 15, 45, 53, 65, 45, 1, 71, 32, 51, 92)(58, 14, 91, 86, 25, 7, 88, 78, 62, 3, 3, 24, 1, 4, 14)
line 89: nearestNeighbour (2,8,9,4,4,1,9,7,5,9,7,2,10,9,9)
(37, 22, 13, 57, 70, 18, 3, 85, 87, 35, 12, 19, 12, 39, 27)
line 90: nearestNeighbour (6,2,3,10,5,6,4,5,10,1,5,10,3,8,9)
(37, 22, 13, 57, 70, 18, 3, 85, 87, 35, 12, 19, 12, 39, 27)
line 91: kNearestNeighbour 10 (7,8,10,4,5,2,3,9,9,9,9,4,8,2,3)
(37, 22, 13, 57, 70, 18, 3, 85, 87, 35, 12, 19, 12, 39, 27)(30, 41, 86, 14, 26, 4, 42, 67, 30, 27, 91, 16, 57, 63, 13)(58, 14, 91, 86, 25, 7, 88, 78, 62, 3, 3, 24, 1, 4, 14)(14, 53, 8, 72, 54, 15, 45, 53, 65, 45, 1, 71, 32, 51, 92)(70, 21, 32, 84, 65, 69, 77, 35, 3, 43, 72, 9, 11, 65, 48)(38, 77, 16, 39, 20, 13, 72, 63, 7, 84, 2, 83, 19, 94, 39)(99, 50, 19, 70, 39, 3, 89, 6, 56, 43, 61, 59, 63, 38, 35)(59, 96, 55, 9, 62, 48, 84, 62, 51, 13, 18, 51, 58, 52, 68)(91, 51, 44, 25, 38, 50, 50, 58, 60, 12, 73, 42, 68, 90, 64)(17, 3, 48, 93, 52, 18, 59, 53, 40, 27, 28, 93, 19, 95, 85)
line 92: kNearestNeighbour 6 (8,5,7,10,8,1,1,9,6,8,5,2,1,9,10)
(37, 22, 13, 57, 70, 18, 3, 85, 87, 35, 12, 19, 12, 39, 27)(30, 41, 86, 14, 26, 4, 42, 67, 30, 27, 91, 16, 57, 63, 13)(14, 53, 8, 72, 54, 15, 45, 53, 65, 45, 1, 71, 32, 51, 92)(58, 14, 91, 86, 25, 7, 88, 78, 62, 3, 3, 24, 1, 4, 14)(70, 21, 32, 84, 65, 69, 77, 35, 3, 43, 72, 9, 11, 65, 48)(38, 77, 16, 39, 20, 13, 72, 63, 7, 84, 2, 83, 19, 94, 39)
line 93: nearestNeighbour (3,4,1,10,2,7,10,6,10,7,1,10,9,10,6)
(37, 22, 13, 57, 70, 18, 3, 85, 87, 35, 12, 19, 12, 39, 27)
line 94: nearestNeighbour (4,1,4,7,3,4,6,7,5,2,7,4,9,9,6)
(37, 22, 13, 57, 70, 18, 3, 85, 87, 35, 12, 19, 12, 39, 27)
line 95: nearestNeighbour (5,5,5,10,10,8,7,10,1,4,9,7,10,8,1)
(37, 22, 13, 57, 70, 18, 3, 85, 87, 35, 12, 19, 12, 39, 27)
line 96: kNearestNeighbour 6 (4,6,2,5,5,6,10,3,3,5,7,3,6,10,6)
(37, 22, 13, 57, 70, 18, 3, 85, 87, 35, 12, 19, 12, 39, 27)(30, 41, 86, 14, 26, 4, 42, 67, 30, 27, 91, 16, 57, 63, 13)(14, 53, 8, 72, 54, 15, 45, 53, 65, 45, 1, 71, 32, 51, 92)(58, 14, 91, 86, 25, 7, 88, 78, 62, 3, 3, 24, 1, 4, 14)(70, 21, 32, 84, 65, 69, 77, 35, 3, 43, 72, 9, 11, 65, 48)(38, 77, 16, 39, 20, 13, 72, 63, 7, 84, 2, 83, 19, 94, 39)
line 97: kNearestNeighbour 8 (10,10,6,5,2,3,6,9,6,6,7,2,6,1,4)
(37, 22, 13, 57, 70, 18, 3, 85, 87, 35, 12, 19, 12, 39, 27)(30, 41, 86, 14, 26, 4, 42, 67, 30, 27, 91, 16, 57, 63, 13)(58, 14, 91, 86, 25, 7, 88, 78, 62, 3, 3, 24, 1, 4, 14)(14, 53, 8, 72, 54, 15, 45, 53, 65, 45, 1, 71, 32, 51, 92)(70, 21, 32, 84, 65, 69, 77, 35, 3, 43, 72, 9, 11, 65, 48)(38, 77, 16, 39, 20, 13, 72, 63, 7, 84, 2, 83, 19, 94, 39)(99, 50, 19, 70, 39, 3, 89, 6, 56, 43, 61, 59, 63, 38, 35)(59, 96, 55, 9, 62, 48, 84, 62, 51, 13, 18, 51, 58, 52, 68)
line 98: nearestNeighbour (8,3,7,9,6,4,3,9,1,4,1,5,3,2,7)
(37, 22, 13, 57, 70, 18, 3, 85, 87, 35, 12, 19, 12, 39, 27)
line 99: nearestNeighbour (5,3,4,7,4,2,6,3,6,8,3,2,9,4,4)
(37, 22, 13, 57, 70, 18, 3, 85, 87, 35, 12, 19, 12, 39, 27)
line 100: kNearestNeighbour 9 (7,2,6,8,8,1,8,8,10,9,10,7,10,5,9)
(37, 22, 13, 57, 70, 18, 3, 85, 87, 35, 12, 19, 12, 39, 27)(30, 41, 86, 14, 26, 4, 42, 67, 30, 27, 91, 16, 57, 63, 13)(14, 53, 8, 72, 54, 15, 45, 53, 65, 45, 1, 71, 32, 51, 92)(58, 14, 91, 86, 25, 7, 88, 78, 62, 3, 3, 24, 1, 4, 14)(70, 21, 32, 84, 65, 69, 77, 35, 3, 43, 72, 9, 11, 65, 48)(38, 77, 16, 39, 20, 13, 72, 63, 7, 84, 2, 83, 19, 94, 39)(99, 50, 19, 70, 39, 3, 89, 6, 56, 43, 61, 59, 63, 38, 35)(17, 3, 48, 93, 52, 18, 59, 53, 40, 27, 28, 93, 19, 95, 85)(59, 96, 55, 9, 62, 48, 84, 62, 51, 13, 18, 51, 58, 52, 68)
line 101: kNearestNeighbour 8 (9,2,4,8,6,1,9,3,2,10,8,9,6,9,3)
(37, 22, 13, 57, 70, 18, 3, 85, 87, 35, 12, 19, 12, 39, 27)(30, 41, 86, 14, 26, 4, 42, 67, 30, 27, 91, 16, 57, 63, 13)(14, 53, 8, 72, 54, 15, 45, 53, 65, 45, 1, 71, 32, 51, 92)(58, 14, 91, 86, 25, 7, 88, 78, 62, 3, 3, 24, 1, 4, 14)(70, 21, 32, 84, 65, 69, 77, 35, 3, 43, 72, 9, 11, 65, 48)(38, 77, 16, 39, 20, 13, 72, 63, 7, 84, 2, 83, 19, 94, 39)(99, 50, 19, 70, 39, 3, 89, 6, 56, 43, 61, 59, 63, 38, 35)(17, 3, 48, 93, 52, 18, 59, 53, 40, 27, 28, 93, 19, 95, 85)
line 102: kNearestNeighbour 4 (10,9,9,1,9,8,9,8,5,6,2,2,2,5,1)
(37, 22, 13, 57, 70, 18, 3, 85, 87, 35, 12, 19, 12, 39, 27)(30, 41, 86, 14, 26, 4, 42, 67, 30, 27, 91, 16, 57, 63, 13)(58, 14, 91, 86, 25, 7, 88, 78, 62, 3, 3, 24, 1, 4, 14)(14, 53, 8, 72, 54, 15, 45, 53, 65, 45, 1, 71, 32, 51, 92)
line 103: nearestNeighbour (6,2,7,1,1,9,4,5,7,5,6,4,8,1,5)
(37, 22, 13, 57, 70, 18, 3, 85, 87, 35, 12, 19, 12, 39, 27)
line 104: nearestNeighbour (5,1,2,5,8,10,3,7,1,7,4,1,5,6,2)
(37, 22, 13, 57, 70, 18, 3, 85, 87, 35, 12, 19, 12, 39, 27)
line 105: nearestNeighbour (2,9,7,10,9,3,5,10,9,4,9,9,8,4,10)
(37, 22, 13, 57, 70, 18, 3, 85, 87, 35, 12, 19, 12, 39, 27)
line 106: nearestNeighbour (2,5,6,10,3,6,10,1,5,7,6,5,6,1,2)
(37, 22, 13, 57, 70, 18, 3, 85, 87, 35, 12, 19, 12, 39, 27)
line 107: kNearestNeighbour 2 (10,1,3,4,10,6,4,2,5,5,5,10,10,4,9)
(37, 22, 13, 57, 70, 18, 3, 85, 87, 35, 12, 19, 12, 39, 27)(30, 41, 86, 14, 26, 4, 42, 67, 30, 27, 91, 16, 57, 63, 13)
line 108: kNearestNeighbour 3 (6,1,6,6,3,8,6,5,7,8,7,5,5,2,1)
(37, 22, 13, 57, 70, 18, 3, 85, 87, 35, 12, 19, 12, 39, 27)(30, 41, 86, 14, 26, 4, 42, 67, 30, 27, 91, 16, 57, 63, 13)(58, 14, 91, 86, 25, 7, 88, 78, 62, 3, 3, 24, 1, 4, 14)
line 109: kNearestNeighbour 7 (1,9,1,4,5,9,9,8,8,9,9,5,5,4,3)
(37, 22, 13, 57, 70, 18, 3, 85, 87, 35, 12, 19, 12, 39, 27)(30, 41, 86, 14, 26, 4, 42, 67, 30, 27, 91, 16, 57, 63, 13)(14, 53, 8, 72, 54, 15, 45, 53, 65, 45, 1, 71, 32, 51, 92)(58, 14, 91, 86, 25, 7, 88, 78, 62, 3, 3, 24, 1, 4, 14)(70, 21, 32, 84, 65, 69, 77, 35, 3, 43, 72, 9, 11, 65, 48)(38, 77, 16, 39, 20, 13, 72, 63, 7, 84, 2, 83, 19, 94, 39)(99, 50, 19, 70, 39, 3, 89, 6, 56, 43, 61, 59, 63, 38, 35)
line 110: kNearestNeighbour 2 (5,4,10,5,2,1,3,4,7,1,5,3,6,5,9)
(37, 22, 13, 57, 70, 18, 3, 85, 87, 35, 12, 19, 12, 39, 27)(30, 41, 86, 14, 26, 4, 42, 67, 30, 27, 91, 16, 57, 63, 13)
line 111: kNearestNeighbour 5 (1,2,5,5,7,4,7,8,7,2,9,6,10,4,2)
(37, 22, 13, 57, 70, 18, 3, 85, 87, 35, 12, 19, 12, 39, 27)(30, 41, 86, 14, 26, 4, 42, 67, 30, 27, 91, 16, 57, 63, 13)(58, 14, 91, 86, 25, 7, 88, 78, 62, 3, 3, 24, 1, 4, 14)(14, 53, 8, 72, 54, 15, 45, 53, 65, 45, 1, 71, 32, 51, 92)(70, 21, 32, 84, 65, 69, 77, 35, 3, 43, 72, 9, 11, 65, 48)
line 112: kNearestNeighbour 7 (3,5,10,8,10,10,2,6,3,2,3,4,5,5,5)
(37, 22, 13, 57, 70, 18, 3, 85, 87, 35, 12, 19, 12, 39, 27)(30, 41, 86, 14, 26, 4, 42, 67, 30, 27, 91, 16, 57, 63, 13)(58, 14, 91, 86, 25, 7, 88, 78, 62, 3, 3, 24, 1, 4, 14)(14, 53, 8, 72, 54, 15, 45, 53, 65, 45, 1, 71, 32, 51, 92)(70, 21, 32, 84, 65, 69, 77, 35, 3, 43, 72, 9, 11, 65, 48)(38, 77, 16, 39, 20, 13, 72, 63, 7, 84, 2, 83, 19, 94, 39)(99, 50, 19, 70, 39, 3, 89, 6, 56, 43, 61, 59, 63, 38, 35)
line 113: kNearestNeighbour 10 (7,6,10,6,8,5,7,5,9,6,4,5,4,8,7)
(37, 22, 13, 57, 70, 18, 3, 85, 87, 35, 12, 19, 12, 39, 27)(30, 41, 86, 14, 26, 4, 42, 67, 30, 27, 91, 16, 57, 63, 13)(58, 14, 91, 86, 25, 7, 88, 78, 62, 3, 3, 24, 1, 4, 14)(14, 53, 8, 72, 54, 15, 45, 53, 65, 45, 1, 71, 32, 51, 92)(70, 21, 32, 84, 65, 69, 77, 35, 3, 43, 72, 9, 11, 65, 48)(38, 77, 16, 39, 20, 13, 72, 63, 7, 84, 2, 83, 19, 94, 39)(99, 50, 19, 70, 39, 3, 89, 6, 56, 43, 61, 59, 63, 38, 35)(59, 96, 55, 9, 62, 48, 84, 62, 51, 13, 18, 51, 58, 52, 68)(17, 3, 48, 93, 52, 18, 59, 53, 40, 27, 28, 93, 19, 95, 85)(91, 51, 44, 25, 38, 50, 50, 58, 60, 12, 73, 42, 68, 90, 64)
line 114: kNearestNeighbour 7 (9,7,7,2,5,3,9,5,8,1,4,1,1,2,10)
(37, 22, 13, 57, 70, 18, 3, 85, 87, 35, 12, 19, 12, 39, 27)(30, 41, 86, 14, 26, 4, 42, 67, 30, 27, 91, 16, 57, 63, 13)(58, 14, 91, 86, 25, 7, 88, 78, 62, 3, 3, 24, 1, 4, 14)(14, 53, 8, 72, 54, 15, 45, 53, 65, 45, 1, 71, 32, 51, 92)(70, 21, 32, 84, 65, 69, 77, 35, 3, 43, 72, 9, 11, 65, 48)(38, 77, 16, 39, 20, 13, 72, 63, 7, 84, 2, 83, 19, 94, 39)(99, 50, 19, 70, 39, 3, 89, 6, 56, 43, 61, 59, 63, 38, 35)
line 115: nearestNeighbour (2,4,8,2,7,9,3,2,3,4,10,7,4,4,10)
(37, 22, 13, 57, 70, 18, 3, 85, 87, 35, 12, 19, 12, 39, 27)
line 116: kNearestNeighbour 1 (3,3,1,3,9,9,1,10,6,2,2,9,5,8,2)
(37, 22, 13, 57, 70, 18, 3, 85, 87, 35, 12, 19, 12, 39, 27)
line 117: nearestNeighbour (9,2,7,3,4,6,10,8,9,2,4,6,1,6,10)
(37, 22, 13, 57, 70, 18, 3, 85, 87, 35, 12, 19, 12, 39, 27)
line 118: nearestNeighbour (9,2,3,2,2,9,10,2,4,4,9,1,3,2,9)
(37, 22, 13, 57, 70, 18, 3, 85, 87, 35, 12, 19, 12, 39, 27)
line 119: nearestNeighbour (3,8,6,9,6,1,7,7,4,2,8,7,2,8,5)
(37, 22, 13, 57, 70, 18, 3, 85, 87, 35, 12, 19, 12, 39, 27)
line 120: nearestNeighbour (7,9,1,7,9,10,6,2,8,3,2,1,7,10,8)
(37, 22, 13, 57, 70, 18, 3, 85, 87, 35, 12, 19, 12, 39, 27)
line 121: nearestNeighbour (8,7,3,6,2,3,5,5,9,5,9,5,9,6,1)
(37, 22, 13, 57, 70, 18, 3, 85, 87, 35, 12, 19, 12, 39, 27)
line 122: kNearestNeighbour 9 (9,1,10,9,5,7,5,4,8,8,4,7,2,7,1)
(37, 22, 13, 57, 70, 18, 3, 85, 87, 35, 12, 19, 12, 39, 27)(30, 41, 86, 14, 26, 4, 42, 67, 30, 27, 91, 16, 57, 63, 13)(58, 14, 91, 86, 25, 7, 88, 78, 62, 3, 3, 24, 1, 4, 14)(14, 53, 8, 72, 54, 15, 45, 53, 65, 45, 1, 71, 32, 51, 92)(70, 21, 32, 84, 65, 69, 77, 35, 3, 43, 72, 9, 11, 65, 48)(38, 77, 16, 39, 20, 13, 72, 63, 7, 84, 2, 83, 19, 94, 39)(99, 50, 19, 70, 39, 3, 89, 6, 56, 43, 61, 59, 63, 38, 35)(17, 3, 48, 93, 52, 18, 59, 53, 40, 27, 28, 93, 19, 95, 85)(59, 96, 55, 9, 62, 48, 84, 62, 51, 13, 18, 51, 58, 52, 68)
line 123: kNearestNeighbour 9 (8,2,7,1,4,8,8,10,3,9,4,2,9,7,9)
(37, 22, 13, 57, 70, 18, 3, 85, 87, 35, 12, 19, 12, 39, 27)(30, 41, 86, 14, 26, 4, 42, 67, 30, 27, 91, 16, 57, 63, 13)(58, 14, 91, 86, 25, 7, 88, 78, 62, 3, 3, 24, 1, 4, 14)(14, 53, 8, 72, 54, 15, 45, 53, 65, 45, 1, 71, 32, 51, 92)(70, 21, 32, 84, 65, 69, 77, 35, 3, 43, 72, 9, 11, 65, 48)(38, 77, 16, 39, 20, 13, 72, 63, 7, 84, 2, 83, 19, 94, 39)(99, 50, 19, 70, 39, 3, 89, 6, 56, 43, 61, 59, 63, 38, 35)(59, 96, 55, 9, 62, 48, 84, 62, 51, 13, 18, 51, 58, 52, 68)(91, 51, 44, 25, 38, 50, 50, 58, 60, 12, 73, 42, 68, 90, 64)
line 124: kNearestNeighbour 3 (1,9,1,2,8,10,10,5,7,6,5,8,9,9,2)
(37, 22, 13, 57, 70, 18, 3, 85, 87, 35, 12, 19, 12, 39, 27)(30, 41, 86, 14, 26, 4, 42, 67, 30, 27, 91, 16, 57, 63, 13)(14, 53, 8, 72, 54, 15, 45, 53, 65, 45, 1, 71, 32, 51, 92)
line 125: kNearestNeighbour 9 (3,5,2,4,6,4,3,5,4,10,10,1,3,2,9)
(37, 22, 13, 57, 70, 18, 3, 85, 87, 35, 12, 19, 12, 39, 27)(30, 41, 86, 14, 26, 4, 42, 67, 30, 27, 91, 16, 57, 63, 13)(14, 53, 8, 72, 54, 15, 45, 53, 65, 45, 1, 71, 32, 51, 92)(58, 14, 91, 86, 25, 7, 88, 78, 62, 3, 3, 24, 1, 4, 14)(70, 21, 32, 84, 65, 69, 77, 35, 3, 43, 72, 9, 11, 65, 48)(38, 77, 16, 39, 20, 13, 72, 63, 7, 84, 2, 83, 19, 94, 39)(99, 50, 19, 70, 39, 3, 89, 6, 56, 43, 61, 59, 63, 38, 35)(59, 96, 55, 9, 62, 48, 84, 62, 51, 13, 18, 51, 58, 52, 68)(17, 3, 48, 93, 52, 18, 59, 53, 40, 27, 28, 93, 19, 95, 85)
line 126: nearestNeighbour (4,4,7,3,8,8,5,2,7,2,5,10,3,3,7)
(37, 22, 13, 57, 70, 18, 3, 85, 87, 35, 12, 19, 12, 39, 27)
line 127: nearestNeighbour (10,10,4,3,4,8,10,1,2,7,4,2,2,2,10)
(37, 22, 13, 57, 70, 18, 3, 85, 87, 35, 12, 19, 12, 39, 27)
line 128: kNearestNeighbour 9 (2,10,1,3,3,3,2,5,9,1,10,7,3,6,1)
(37, 22, 13, 57, 70, 18, 3, 85, 87, 35, 12, 19, 12, 39, 27)(30, 41, 86, 14, 26, 4, 42, 67, 30, 27, 91, 16, 57, 63, 13)(14, 53, 8, 72, 54, 15, 45, 53, 65, 45, 1, 71, 32, 51, 92)(58, 14, 91, 86, 25, 7, 88, 78, 62, 3, 3, 24, 1, 4, 14)(38, 77, 16, 39, 20, 13, 72, 63, 7, 84, 2, 83, 19, 94, 39)(70, 21, 32, 84, 65, 69, 77, 35, 3, 43, 72, 9, 11, 65, 48)(99, 50, 19, 70, 39, 3, 89, 6, 56, 43, 61, 59, 63, 38, 35)(59, 96, 55, 9, 62, 48, 84, 62, 51, 13, 18, 51, 58, 52, 68)(17, 3, 48, 93, 52, 18, 59, 53, 40, 27, 28, 93, 19, 95, 85)
line 129: kNearestNeighbour 8 (7,1,7,1,4,9,3,4,6,4,9,6,4,5,5)
(37, 22, 13, 57, 70, 18, 3, 85, 87, 35, 12, 19, 12, 39, 27)(30, 41, 86, 14, 26, 4, 42, 67, 30, 27, 91, 16, 57, 63, 13)(58, 14, 91, 86, 25, 7, 88, 78, 62, 3, 3, 24, 1, 4, 14)(14, 53, 8, 72, 54, 15, 45, 53, 65, 45, 1, 71, 32, 51, 92)(70, 21, 32, 84, 65, 69, 77, 35, 3, 43, 72, 9, 11, 65, 48)(38, 77, 16, 39, 20, 13, 72, 63, 7, 84, 2, 83, 19, 94, 39)(99, 50, 19, 70, 39, 3, 89, 6, 56, 43, 61, 59, 63, 38, 35)(59, 96, 55, 9, 62, 48, 84, 62, 51, 13, 18, 51, 58, 52, 68)
line 130: kNearestNeighbour 4 (10,9,2,1,7,7,9,6,3,10,3,4,8,10,1)
(37, 22, 13, 57, 70, 18, 3, 85, 87, 35, 12, 19, 12, 39, 27)(30, 41, 86, 14, 26, 4, 42, 67, 30, 27, 91, 16, 57, 63, 13)(14, 53, 8, 72, 54, 15, 45, 53, 65, 45, 1, 71, 32, 51, 92)(58, 14, 91, 86, 25, 7, 88, 78, 62, 3, 3, 24, 1, 4, 14)
line 131: nearestNeighbour (3,1,8,9,1,6,6,3,10,1,3,1,2,6,8)
(37, 22, 13, 57, 70, 18, 3, 85, 87, 35, 12, 19, 12, 39, 27)
line 132: nearestNeighbour (5,10,2,8,5,3,6,4,7,1,2,1,3,4,2)
(37, 22, 13, 57, 70, 18, 3, 85, 87, 35, 12, 19, 12, 39, 27)
line 133: kNearestNeighbour 3 (10,1,3,8,8,4,6,6,7,5,9,4,7,9,10)
(37, 22, 13, 57, 70, 18, 3, 85, 87, 35, 12, 19, 12, 39, 27)(30, 41, 86, 14, 26, 4, 42, 67, 30, 27, 91, 16, 57, 63, 13)(14, 53, 8, 72, 54, 15, 45, 53, 65, 45, 1, 71, 32, 51, 92)
line 134: kNearestNeighbour 4 (10,8,10,4,1,9,6,1,3,7,3,3,1,4,2)
(37, 22, 13, 57, 70, 18, 3, 85, 87, 35, 12, 19, 12, 39, 27)(30, 41, 86, 14, 26, 4, 42, 67, 30, 27, 91, 16, 57, 63, 13)(58, 14, 91, 86, 25, 7, 88, 78, 62, 3, 3, 24, 1, 4, 14)(14, 53, 8, 72, 54, 15, 45, 53, 65, 45, 1, 71, 32, 51, 92)
line 135: nearestNeighbour (4,3,6,4,6,4,10,8,1,8,7,2,1,2,8)
(37, 22, 13, 57, 70, 18, 3, 85, 87, 35, 12, 19, 12, 39, 27)
line 136: nearestNeighbour (10,6,6,2,3,5,9,2,7,4,5,9,8,9,2)
(37, 22, 13, 57, 70, 18, 3, 85, 87, 35, 12, 19, 12, 39, 27)
line 137: kNearestNeighbour 5 (3,5,8,5,3,3,4,1,5,4,9,10,8,2,2)
(37, 22, 13, 57, 70, 18, 3, 85, 87, 35, 12, 19, 12, 39, 27)(30, 41, 86, 14, 26, 4, 42, 67, 30, 27, 91, 16, 57, 63, 13)(58, 14, 91, 86, 25, 7, 88, 78, 62, 3, 3, 24, 1, 4, 14)(14, 53, 8, 72, 54, 15, 45, 53, 65, 45, 1, 71, 32, 51, 92)(70, 21, 32, 84, 65, 69, 77, 35, 3, 43, 72, 9, 11, 65, 48)
line 138: nearestNeighbour (9,5,8,5,5,7,2,10,2,9,9,3,6,9,4)
(37, 22, 13, 57, 70, 18, 3, 85, 87, 35, 12, 19, 12, 39, 27)
line 139: nearestNeighbour (7,5,2,1,7,3,10,1,2,6,3,3,4,3,5)
(37, 22, 13, 57, 70, 18, 3, 85, 87, 35, 12, 19, 12, 39, 27)
line 140: nearestNeighbour (3,1,8,2,10,2,1,3,8,10,5,7,10,4,5)
(37, 22, 13, 57, 70, 18, 3, 85, 87, 35, 12, 19, 12, 39, 27)
line 141: nearestNeighbour (6,4,4,10,10,2,9,5,8,10,2,3,1,4,3)
(37, 22, 13, 57, 70, 18, 3, 85, 87, 35, 12, 19, 12, 39, 27)
line 142: nearestNeighbour (3,3,1,2,5,10,6,4,4,7,10,6,9,2,10)
(37, 22, 13, 57, 70, 18, 3, 85, 87, 35, 12, 19, 12, 39, 27)
line 143: nearestNeighbour (6,4,1,10,6,9,4,2,1,3,2,6,4,6,2)
(37, 22, 13, 57, 70, 18, 3, 85, 87, 35, 12, 19, 12, 39, 27)
line 144: kNearestNeighbour 9 (8,9,5,10,10,10,9,8,6,10,4,6,4,2,7)
(37, 22, 13, 57, 70, 18, 3, 85, 87, 35, 12, 19, 12, 39, 27)(30, 41, 86, 14, 26, 4, 42, 67, 30, 27, 91, 16, 57, 63, 13)(14, 53, 8, 72, 54, 15, 45, 53, 65, 45, 1, 71, 32, 51, 92)(58, 14, 91, 86, 25, 7, 88, 78, 62, 3, 3, 24, 1, 4, 14)(70, 21, 32, 84, 65, 69, 77, 35, 3, 43, 72, 9, 11, 65, 48)(38, 77, 16, 39, 20, 13, 72, 63, 7, 84, 2, 83, 19, 94, 39)(99, 50, 19, 70, 39, 3, 89, 6, 56, 43, 61, 59, 63, 38, 35)(59, 96, 55, 9, 62, 48, 84, 62, 51, 13, 18, 51, 58, 52, 68)(17, 3, 48, 93, 52, 18, 59, 53, 40, 27, 28, 93, 19, 95, 85)
line 145: kNearestNeighbour 7 (9,8,9,7,10,8,1,7,4,3,4,2,2,9,5)
(37, 22, 13, 57, 70, 18, 3, 85, 87, 35, 12, 19, 12, 39, 27)(30, 41, 86, 14, 26, 4, 42, 67, 30, 27, 91, 16, 57, 63, 13)(58, 14, 91, 86, 25, 7, 88, 78, 62, 3, 3, 24, 1, 4, 14)(14, 53, 8, 72, 54, 15, 45, 53, 65, 45, 1, 71, 32, 51, 92)(70, 21, 32, 84, 65, 69, 77, 35, 3, 43, 72, 9, 11, 65, 48)(38, 77, 16, 39, 20, 13, 72, 63, 7, 84, 2, 83, 19, 94, 39)(99, 50, 19, 70, 39, 3, 89, 6, 56, 43, 61, 59, 63, 38, 35)
line 146: nearestNeighbour (4,6,4,4,6,5,4,8,2,7,7,3,3,6,2)
(37, 22, 13, 57, 70, 18, 3, 85, 87, 35, 12, 19, 12, 39, 27)
line 147: kNearestNeighbour 8 (1,8,2,1,7,2,4,5,3,9,7,6,8,10,7)
(37, 22, 13, 57, 70, 18, 3, 85, 87, 35, 12, 19, 12, 39, 27)(30, 41, 86, 14, 26, 4, 42, 67, 30, 27, 91, 16, 57, 63, 13)(14, 53, 8, 72, 54, 15, 45, 53, 65, 45, 1, 71, 32, 51, 92)(58, 14, 91, 86, 25, 7, 88, 78, 62, 3, 3, 24, 1, 4, 14)(38, 77, 16, 39, 20, 13, 72, 63, 7, 84, 2, 83, 19, 94, 39)(70, 21, 32, 84, 65, 69, 77, 35, 3, 43, 72, 9, 11, 65, 48)(99, 50, 19, 70, 39, 3, 89, 6, 56, 43, 61, 59, 63, 38, 35)(59, 96, 55, 9, 62, 48, 84, 62, 51, 13, 18, 51, 58, 52, 68)
line 148: nearestNeighbour (3,9,4,4,9,1,8,5,6,7,1,8,1,9,1)
(37, 22, 13, 57, 70, 18, 3, 85, 87, 35, 12, 19, 12, 39, 27)
line 149: nearestNeighbour (3,1,6,7,5,2,8,2,4,3,9,6,7,7,6)
