line 1: k=12
line 2: clear
line 3: buildTree 20
(23,35,63,19,33,42,33,7,94,75,60,66) (25,55,60,94,10,65,23,6,43,71,38,79) (60,39,24,39,71,25,30,27,89,50,97,90) (92,31,28,32,96,71,22,41,79,24,33,9) (65,5,95,35,50,71,59,4,100,18,100,86) (42,5,8,75,50,82,1,31,64,92,43,68) (88,48,81,9,75,61,23,48,99,2,38,87) (54,78,30,69,45,31,31,79,96,65,65,88) (35,51,29,22,78,14,29,27,47,7,16,2) (92,90,23,92,43,78,6,96,14,50,91,35) (87,26,43,49,35,56,56,27,46,42,40,66) (27,24,15,21,100,58,98,75,26,98,80,68) (70,43,70,20,8,73,35,29,26,14,70,81) (94,93,66,22,42,84,86,57,32,58,66,86) (2,10,84,60,16,1,26,29,40,44,86,96) (21,23,86,17,18,19,27,79,6,60,97,70) (74,10,4,77,91,68,33,7,4,49,17,29) (28,17,66,20,92,26,90,99,32,57,52,2) (2,46,50,90,10,30,69,49,92,38,40,84) (40,51,70,82,33,90,94,88,7,81,79,76) 
line 4: nodeCount_height_leafCount
nodeCount=20;height=5;leafCount=8
line 5: inorderTraversal
(27, 24, 15, 21, 100, 58, 98, 75, 26, 98, 80, 68) (28, 17, 66, 20, 92, 26, 90, 99, 32, 57, 52, 2) (21, 23, 86, 17, 18, 19, 27, 79, 6, 60, 97, 70) (2, 10, 84, 60, 16, 1, 26, 29, 40, 44, 86, 96) (23, 35, 63, 19, 33, 42, 33, 7, 94, 75, 60, 66) (35, 51, 29, 22, 78, 14, 29, 27, 47, 7, 16, 2) (2, 46, 50, 90, 10, 30, 69, 49, 92, 38, 40, 84) (40, 51, 70, 82, 33, 90, 94, 88, 7, 81, 79, 76) (25, 55, 60, 94, 10, 65, 23, 6, 43, 71, 38, 79) (42, 5, 8, 75, 50, 82, 1, 31, 64, 92, 43, 68) (74, 10, 4, 77, 91, 68, 33, 7, 4, 49, 17, 29) (92, 31, 28, 32, 96, 71, 22, 41, 79, 24, 33, 9) (65, 5, 95, 35, 50, 71, 59, 4, 100, 18, 100, 86) (87, 26, 43, 49, 35, 56, 56, 27, 46, 42, 40, 66) (60, 39, 24, 39, 71, 25, 30, 27, 89, 50, 97, 90) (54, 78, 30, 69, 45, 31, 31, 79, 96, 65, 65, 88) (92, 90, 23, 92, 43, 78, 6, 96, 14, 50, 91, 35) (94, 93, 66, 22, 42, 84, 86, 57, 32, 58, 66, 86) (88, 48, 81, 9, 75, 61, 23, 48, 99, 2, 38, 87) (70, 43, 70, 20, 8, 73, 35, 29, 26, 14, 70, 81) 
line 6: preorderTraversal
(42, 5, 8, 75, 50, 82, 1, 31, 64, 92, 43, 68) (23, 35, 63, 19, 33, 42, 33, 7, 94, 75, 60, 66) (28, 17, 66, 20, 92, 26, 90, 99, 32, 57, 52, 2) (27, 24, 15, 21, 100, 58, 98, 75, 26, 98, 80, 68) (21, 23, 86, 17, 18, 19, 27, 79, 6, 60, 97, 70) (2, 10, 84, 60, 16, 1, 26, 29, 40, 44, 86, 96) (2, 46, 50, 90, 10, 30, 69, 49, 92, 38, 40, 84) (35, 51, 29, 22, 78, 14, 29, 27, 47, 7, 16, 2) (40, 51, 70, 82, 33, 90, 94, 88, 7, 81, 79, 76) (25, 55, 60, 94, 10, 65, 23, 6, 43, 71, 38, 79) (60, 39, 24, 39, 71, 25, 30, 27, 89, 50, 97, 90) (92, 31, 28, 32, 96, 71, 22, 41, 79, 24, 33, 9) (74, 10, 4, 77, 91, 68, 33, 7, 4, 49, 17, 29) (65, 5, 95, 35, 50, 71, 59, 4, 100, 18, 100, 86) (87, 26, 43, 49, 35, 56, 56, 27, 46, 42, 40, 66) (94, 93, 66, 22, 42, 84, 86, 57, 32, 58, 66, 86) (54, 78, 30, 69, 45, 31, 31, 79, 96, 65, 65, 88) (92, 90, 23, 92, 43, 78, 6, 96, 14, 50, 91, 35) (88, 48, 81, 9, 75, 61, 23, 48, 99, 2, 38, 87) (70, 43, 70, 20, 8, 73, 35, 29, 26, 14, 70, 81) 
line 7: postorderTraversal
(27, 24, 15, 21, 100, 58, 98, 75, 26, 98, 80, 68) (2, 10, 84, 60, 16, 1, 26, 29, 40, 44, 86, 96) (21, 23, 86, 17, 18, 19, 27, 79, 6, 60, 97, 70) (28, 17, 66, 20, 92, 26, 90, 99, 32, 57, 52, 2) (35, 51, 29, 22, 78, 14, 29, 27, 47, 7, 16, 2) (25, 55, 60, 94, 10, 65, 23, 6, 43, 71, 38, 79) (40, 51, 70, 82, 33, 90, 94, 88, 7, 81, 79, 76) (2, 46, 50, 90, 10, 30, 69, 49, 92, 38, 40, 84) (23, 35, 63, 19, 33, 42, 33, 7, 94, 75, 60, 66) (74, 10, 4, 77, 91, 68, 33, 7, 4, 49, 17, 29) (87, 26, 43, 49, 35, 56, 56, 27, 46, 42, 40, 66) (65, 5, 95, 35, 50, 71, 59, 4, 100, 18, 100, 86) (92, 31, 28, 32, 96, 71, 22, 41, 79, 24, 33, 9) (92, 90, 23, 92, 43, 78, 6, 96, 14, 50, 91, 35) (54, 78, 30, 69, 45, 31, 31, 79, 96, 65, 65, 88) (70, 43, 70, 20, 8, 73, 35, 29, 26, 14, 70, 81) (88, 48, 81, 9, 75, 61, 23, 48, 99, 2, 38, 87) (94, 93, 66, 22, 42, 84, 86, 57, 32, 58, 66, 86) (60, 39, 24, 39, 71, 25, 30, 27, 89, 50, 97, 90) (42, 5, 8, 75, 50, 82, 1, 31, 64, 92, 43, 68) 
line 8: nearestNeighbour (1,6,8,6,1,9,3,6,5,2,5,8)
(35, 51, 29, 22, 78, 14, 29, 27, 47, 7, 16, 2)
line 9: nearestNeighbour (2,4,9,5,9,5,3,3,9,1,5,9)
(35, 51, 29, 22, 78, 14, 29, 27, 47, 7, 16, 2)
line 10: nearestNeighbour (10,10,5,6,3,9,5,3,9,1,9,7)
(35, 51, 29, 22, 78, 14, 29, 27, 47, 7, 16, 2)
line 11: kNearestNeighbour 8 (2,1,7,8,10,10,8,4,8,4,6,6)
(35, 51, 29, 22, 78, 14, 29, 27, 47, 7, 16, 2)(74, 10, 4, 77, 91, 68, 33, 7, 4, 49, 17, 29)(87, 26, 43, 49, 35, 56, 56, 27, 46, 42, 40, 66)(70, 43, 70, 20, 8, 73, 35, 29, 26, 14, 70, 81)(23, 35, 63, 19, 33, 42, 33, 7, 94, 75, 60, 66)(2, 10, 84, 60, 16, 1, 26, 29, 40, 44, 86, 96)(21, 23, 86, 17, 18, 19, 27, 79, 6, 60, 97, 70)(92, 31, 28, 32, 96, 71, 22, 41, 79, 24, 33, 9)
line 12: kNearestNeighbour 6 (1,3,1,8,9,2,1,2,7,5,8,1)
(35, 51, 29, 22, 78, 14, 29, 27, 47, 7, 16, 2)(74, 10, 4, 77, 91, 68, 33, 7, 4, 49, 17, 29)(87, 26, 43, 49, 35, 56, 56, 27, 46, 42, 40, 66)(23, 35, 63, 19, 33, 42, 33, 7, 94, 75, 60, 66)(2, 10, 84, 60, 16, 1, 26, 29, 40, 44, 86, 96)(70, 43, 70, 20, 8, 73, 35, 29, 26, 14, 70, 81)
line 13: nearestNeighbour (5,7,7,8,9,9,6,10,10,6,5,8)
(35, 51, 29, 22, 78, 14, 29, 27, 47, 7, 16, 2)
line 14: nearestNeighbour (5,9,4,10,3,9,5,3,8,6,10,8)
(35, 51, 29, 22, 78, 14, 29, 27, 47, 7, 16, 2)
line 15: kNearestNeighbour 2 (6,4,9,7,1,5,7,7,5,1,4,1)
(35, 51, 29, 22, 78, 14, 29, 27, 47, 7, 16, 2)(87, 26, 43, 49, 35, 56, 56, 27, 46, 42, 40, 66)
line 16: kNearestNeighbour 5 (2,7,1,9,4,4,9,10,7,9,2,1)
(35, 51, 29, 22, 78, 14, 29, 27, 47, 7, 16, 2)(74, 10, 4, 77, 91, 68, 33, 7, 4, 49, 17, 29)(87, 26, 43, 49, 35, 56, 56, 27, 46, 42, 40, 66)(23, 35, 63, 19, 33, 42, 33, 7, 94, 75, 60, 66)(70, 43, 70, 20, 8, 73, 35, 29, 26, 14, 70, 81)
line 17: kNearestNeighbour 6 (8,7,8,5,4,3,4,7,9,3,4,5)
(35, 51, 29, 22, 78, 14, 29, 27, 47, 7, 16, 2)(87, 26, 43, 49, 35, 56, 56, 27, 46, 42, 40, 66)(74, 10, 4, 77, 91, 68, 33, 7, 4, 49, 17, 29)(70, 43, 70, 20, 8, 73, 35, 29, 26, 14, 70, 81)(23, 35, 63, 19, 33, 42, 33, 7, 94, 75, 60, 66)(2, 10, 84, 60, 16, 1, 26, 29, 40, 44, 86, 96)
line 18: kNearestNeighbour 5 (9,5,2,8,7,6,8,9,7,10,2,10)
(35, 51, 29, 22, 78, 14, 29, 27, 47, 7, 16, 2)(74, 10, 4, 77, 91, 68, 33, 7, 4, 49, 17, 29)(87, 26, 43, 49, 35, 56, 56, 27, 46, 42, 40, 66)(70, 43, 70, 20, 8, 73, 35, 29, 26, 14, 70, 81)(23, 35, 63, 19, 33, 42, 33, 7, 94, 75, 60, 66)
line 19: kNearestNeighbour 3 (1,3,2,10,8,10,3,7,7,10,5,3)
(35, 51, 29, 22, 78, 14, 29, 27, 47, 7, 16, 2)(74, 10, 4, 77, 91, 68, 33, 7, 4, 49, 17, 29)(87, 26, 43, 49, 35, 56, 56, 27, 46, 42, 40, 66)
line 20: nearestNeighbour (5,3,10,1,4,7,2,10,5,7,9,7)
(35, 51, 29, 22, 78, 14, 29, 27, 47, 7, 16, 2)
line 21: kNearestNeighbour 5 (3,5,6,9,7,2,8,5,7,2,9,6)
(35, 51, 29, 22, 78, 14, 29, 27, 47, 7, 16, 2)(74, 10, 4, 77, 91, 68, 33, 7, 4, 49, 17, 29)(87, 26, 43, 49, 35, 56, 56, 27, 46, 42, 40, 66)(70, 43, 70, 20, 8, 73, 35, 29, 26, 14, 70, 81)(2, 10, 84, 60, 16, 1, 26, 29, 40, 44, 86, 96)
line 22: kNearestNeighbour 5 (6,6,7,4,8,7,10,2,2,7,7,6)
(35, 51, 29, 22, 78, 14, 29, 27, 47, 7, 16, 2)(74, 10, 4, 77, 91, 68, 33, 7, 4, 49, 17, 29)(87, 26, 43, 49, 35, 56, 56, 27, 46, 42, 40, 66)(70, 43, 70, 20, 8, 73, 35, 29, 26, 14, 70, 81)(23, 35, 63, 19, 33, 42, 33, 7, 94, 75, 60, 66)
line 23: nearestNeighbour (3,2,9,3,9,6,6,6,4,5,8,2)
(35, 51, 29, 22, 78, 14, 29, 27, 47, 7, 16, 2)
line 24: kNearestNeighbour 10 (4,4,2,5,5,1,1,5,4,3,6,2)
(35, 51, 29, 22, 78, 14, 29, 27, 47, 7, 16, 2)(74, 10, 4, 77, 91, 68, 33, 7, 4, 49, 17, 29)(87, 26, 43, 49, 35, 56, 56, 27, 46, 42, 40, 66)(70, 43, 70, 20, 8, 73, 35, 29, 26, 14, 70, 81)(23, 35, 63, 19, 33, 42, 33, 7, 94, 75, 60, 66)(2, 10, 84, 60, 16, 1, 26, 29, 40, 44, 86, 96)(21, 23, 86, 17, 18, 19, 27, 79, 6, 60, 97, 70)(92, 31, 28, 32, 96, 71, 22, 41, 79, 24, 33, 9)(25, 55, 60, 94, 10, 65, 23, 6, 43, 71, 38, 79)(42, 5, 8, 75, 50, 82, 1, 31, 64, 92, 43, 68)
line 25: kNearestNeighbour 6 (3,7,10,5,3,9,4,9,8,10,6,7)
(35, 51, 29, 22, 78, 14, 29, 27, 47, 7, 16, 2)(87, 26, 43, 49, 35, 56, 56, 27, 46, 42, 40, 66)(74, 10, 4, 77, 91, 68, 33, 7, 4, 49, 17, 29)(70, 43, 70, 20, 8, 73, 35, 29, 26, 14, 70, 81)(23, 35, 63, 19, 33, 42, 33, 7, 94, 75, 60, 66)(2, 10, 84, 60, 16, 1, 26, 29, 40, 44, 86, 96)
line 26: kNearestNeighbour 2 (2,2,9,5,7,2,3,2,6,3,6,3)
(35, 51, 29, 22, 78, 14, 29, 27, 47, 7, 16, 2)(74, 10, 4, 77, 91, 68, 33, 7, 4, 49, 17, 29)
line 27: kNearestNeighbour 2 (1,5,2,2,1,5,8,9,10,6,6,4)
(35, 51, 29, 22, 78, 14, 29, 27, 47, 7, 16, 2)(87, 26, 43, 49, 35, 56, 56, 27, 46, 42, 40, 66)
line 28: kNearestNeighbour 2 (7,9,4,1,7,4,1,5,8,6,4,9)
(35, 51, 29, 22, 78, 14, 29, 27, 47, 7, 16, 2)(87, 26, 43, 49, 35, 56, 56, 27, 46, 42, 40, 66)
line 29: kNearestNeighbour 8 (5,1,8,3,8,3,10,3,9,1,8,6)
(35, 51, 29, 22, 78, 14, 29, 27, 47, 7, 16, 2)(87, 26, 43, 49, 35, 56, 56, 27, 46, 42, 40, 66)(74, 10, 4, 77, 91, 68, 33, 7, 4, 49, 17, 29)(70, 43, 70, 20, 8, 73, 35, 29, 26, 14, 70, 81)(23, 35, 63, 19, 33, 42, 33, 7, 94, 75, 60, 66)(2, 10, 84, 60, 16, 1, 26, 29, 40, 44, 86, 96)(21, 23, 86, 17, 18, 19, 27, 79, 6, 60, 97, 70)(92, 31, 28, 32, 96, 71, 22, 41, 79, 24, 33, 9)
line 30: nearestNeighbour (9,3,2,1,10,4,2,1,8,8,9,4)
(35, 51, 29, 22, 78, 14, 29, 27, 47, 7, 16, 2)
line 31: kNearestNeighbour 6 (8,4,9,8,4,2,3,1,7,2,5,9)
(35, 51, 29, 22, 78, 14, 29, 27, 47, 7, 16, 2)(87, 26, 43, 49, 35, 56, 56, 27, 46, 42, 40, 66)(74, 10, 4, 77, 91, 68, 33, 7, 4, 49, 17, 29)(70, 43, 70, 20, 8, 73, 35, 29, 26, 14, 70, 81)(23, 35, 63, 19, 33, 42, 33, 7, 94, 75, 60, 66)(2, 10, 84, 60, 16, 1, 26, 29, 40, 44, 86, 96)
line 32: nearestNeighbour (4,2,3,10,2,6,9,6,2,3,6,1)
(35, 51, 29, 22, 78, 14, 29, 27, 47, 7, 16, 2)
line 33: nearestNeighbour (2,7,9,2,10,7,5,2,3,5,7,1)
(35, 51, 29, 22, 78, 14, 29, 27, 47, 7, 16, 2)
line 34: nearestNeighbour (1,7,1,4,8,10,7,9,2,7,3,1)
(35, 51, 29, 22, 78, 14, 29, 27, 47, 7, 16, 2)
line 35: kNearestNeighbour 5 (4,1,3,7,8,10,3,8,6,5,1,4)
(35, 51, 29, 22, 78, 14, 29, 27, 47, 7, 16, 2)(74, 10, 4, 77, 91, 68, 33, 7, 4, 49, 17, 29)(87, 26, 43, 49, 35, 56, 56, 27, 46, 42, 40, 66)(70, 43, 70, 20, 8, 73, 35, 29, 26, 14, 70, 81)(23, 35, 63, 19, 33, 42, 33, 7, 94, 75, 60, 66)
line 36: nearestNeighbour (8,3,4,3,6,7,6,10,5,10,3,4)
(35, 51, 29, 22, 78, 14, 29, 27, 47, 7, 16, 2)
line 37: nearestNeighbour (5,2,8,5,9,4,5,10,3,2,8,10)
(35, 51, 29, 22, 78, 14, 29, 27, 47, 7, 16, 2)
line 38: nearestNeighbour (10,4,8,4,7,6,9,4,2,7,5,10)
(35, 51, 29, 22, 78, 14, 29, 27, 47, 7, 16, 2)
line 39: nearestNeighbour (5,5,5,10,1,1,3,7,9,1,8,9)
(35, 51, 29, 22, 78, 14, 29, 27, 47, 7, 16, 2)
line 40: kNearestNeighbour 7 (6,8,4,5,9,4,3,5,10,9,5,3)
(35, 51, 29, 22, 78, 14, 29, 27, 47, 7, 16, 2)(74, 10, 4, 77, 91, 68, 33, 7, 4, 49, 17, 29)(87, 26, 43, 49, 35, 56, 56, 27, 46, 42, 40, 66)(23, 35, 63, 19, 33, 42, 33, 7, 94, 75, 60, 66)(70, 43, 70, 20, 8, 73, 35, 29, 26, 14, 70, 81)(2, 10, 84, 60, 16, 1, 26, 29, 40, 44, 86, 96)(92, 31, 28, 32, 96, 71, 22, 41, 79, 24, 33, 9)
line 41: kNearestNeighbour 8 (5,10,3,5,9,6,10,10,2,2,4,7)
(35, 51, 29, 22, 78, 14, 29, 27, 47, 7, 16, 2)(74, 10, 4, 77, 91, 68, 33, 7, 4, 49, 17, 29)(87, 26, 43, 49, 35, 56, 56, 27, 46, 42, 40, 66)(70, 43, 70, 20, 8, 73, 35, 29, 26, 14, 70, 81)(23, 35, 63, 19, 33, 42, 33, 7, 94, 75, 60, 66)(2, 10, 84, 60, 16, 1, 26, 29, 40, 44, 86, 96)(21, 23, 86, 17, 18, 19, 27, 79, 6, 60, 97, 70)(92, 31, 28, 32, 96, 71, 22, 41, 79, 24, 33, 9)
line 42: nearestNeighbour (1,6,10,9,7,2,7,5,1,3,10,3)
(35, 51, 29, 22, 78, 14, 29, 27, 47, 7, 16, 2)
line 43: nearestNeighbour (3,2,5,2,3,2,2,2,3,1,3,10)
(35, 51, 29, 22, 78, 14, 29, 27, 47, 7, 16, 2)
line 44: kNearestNeighbour 8 (4,6,2,8,3,3,4,6,2,10,9,3)
(35, 51, 29, 22, 78, 14, 29, 27, 47, 7, 16, 2)(74, 10, 4, 77, 91, 68, 33, 7, 4, 49, 17, 29)(87, 26, 43, 49, 35, 56, 56, 27, 46, 42, 40, 66)(70, 43, 70, 20, 8, 73, 35, 29, 26, 14, 70, 81)(23, 35, 63, 19, 33, 42, 33, 7, 94, 75, 60, 66)(2, 10, 84, 60, 16, 1, 26, 29, 40, 44, 86, 96)(21, 23, 86, 17, 18, 19, 27, 79, 6, 60, 97, 70)(25, 55, 60, 94, 10, 65, 23, 6, 43, 71, 38, 79)
line 45: kNearestNeighbour 6 (9,4,7,6,2,4,6,6,6,9,9,5)
(35, 51, 29, 22, 78, 14, 29, 27, 47, 7, 16, 2)(87, 26, 43, 49, 35, 56, 56, 27, 46, 42, 40, 66)(74, 10, 4, 77, 91, 68, 33, 7, 4, 49, 17, 29)(70, 43, 70, 20, 8, 73, 35, 29, 26, 14, 70, 81)(23, 35, 63, 19, 33, 42, 33, 7, 94, 75, 60, 66)(2, 10, 84, 60, 16, 1, 26, 29, 40, 44, 86, 96)
line 46: nearestNeighbour (1,3,7,9,10,9,4,7,4,5,2,10)
(35, 51, 29, 22, 78, 14, 29, 27, 47, 7, 16, 2)
line 47: kNearestNeighbour 5 (9,8,6,5,1,7,8,9,1,7,5,5)
(35, 51, 29, 22, 78, 14, 29, 27, 47, 7, 16, 2)(87, 26, 43, 49, 35, 56, 56, 27, 46, 42, 40, 66)(74, 10, 4, 77, 91, 68, 33, 7, 4, 49, 17, 29)(70, 43, 70, 20, 8, 73, 35, 29, 26, 14, 70, 81)(23, 35, 63, 19, 33, 42, 33, 7, 94, 75, 60, 66)
line 48: kNearestNeighbour 8 (9,5,4,1,3,10,8,8,3,1,3,4)
(35, 51, 29, 22, 78, 14, 29, 27, 47, 7, 16, 2)(74, 10, 4, 77, 91, 68, 33, 7, 4, 49, 17, 29)(87, 26, 43, 49, 35, 56, 56, 27, 46, 42, 40, 66)(70, 43, 70, 20, 8, 73, 35, 29, 26, 14, 70, 81)(23, 35, 63, 19, 33, 42, 33, 7, 94, 75, 60, 66)(2, 10, 84, 60, 16, 1, 26, 29, 40, 44, 86, 96)(21, 23, 86, 17, 18, 19, 27, 79, 6, 60, 97, 70)(92, 31, 28, 32, 96, 71, 22, 41, 79, 24, 33, 9)
line 49: nearestNeighbour (8,7,7,10,10,1,3,4,7,1,8,3)
(35, 51, 29, 22, 78, 14, 29, 27, 47, 7, 16, 2)
line 50: nearestNeighbour (9,8,5,10,4,2,5,3,3,7,2,2)
(35, 51, 29, 22, 78, 14, 29, 27, 47, 7, 16, 2)
line 51: kNearestNeighbour 1 (5,3,8,5,10,2,4,5,4,4,1,4)
(35, 51, 29, 22, 78, 14, 29, 27, 47, 7, 16, 2)
line 52: nearestNeighbour (4,1,7,4,5,3,6,2,4,3,3,5)
(35, 51, 29, 22, 78, 14, 29, 27, 47, 7, 16, 2)
line 53: kNearestNeighbour 1 (7,9,5,10,5,7,9,3,3,8,4,4)
(35, 51, 29, 22, 78, 14, 29, 27, 47, 7, 16, 2)
line 54: nearestNeighbour (3,4,3,2,8,1,2,7,6,4,3,8)
(35, 51, 29, 22, 78, 14, 29, 27, 47, 7, 16, 2)
line 55: kNearestNeighbour 10 (4,3,5,9,9,4,10,9,4,2,7,6)
(35, 51, 29, 22, 78, 14, 29, 27, 47, 7, 16, 2)(74, 10, 4, 77, 91, 68, 33, 7, 4, 49, 17, 29)(87, 26, 43, 49, 35, 56, 56, 27, 46, 42, 40, 66)(70, 43, 70, 20, 8, 73, 35, 29, 26, 14, 70, 81)(2, 10, 84, 60, 16, 1, 26, 29, 40, 44, 86, 96)(23, 35, 63, 19, 33, 42, 33, 7, 94, 75, 60, 66)(21, 23, 86, 17, 18, 19, 27, 79, 6, 60, 97, 70)(92, 31, 28, 32, 96, 71, 22, 41, 79, 24, 33, 9)(25, 55, 60, 94, 10, 65, 23, 6, 43, 71, 38, 79)(42, 5, 8, 75, 50, 82, 1, 31, 64, 92, 43, 68)
line 56: nearestNeighbour (8,9,1,1,5,8,7,2,1,10,8,10)
(35, 51, 29, 22, 78, 14, 29, 27, 47, 7, 16, 2)
line 57: nearestNeighbour (4,4,1,9,10,2,2,8,5,6,7,3)
(35, 51, 29, 22, 78, 14, 29, 27, 47, 7, 16, 2)
line 58: kNearestNeighbour 8 (9,2,1,9,1,2,2,3,8,3,5,4)
(35, 51, 29, 22, 78, 14, 29, 27, 47, 7, 16, 2)(74, 10, 4, 77, 91, 68, 33, 7, 4, 49, 17, 29)(87, 26, 43, 49, 35, 56, 56, 27, 46, 42, 40, 66)(70, 43, 70, 20, 8, 73, 35, 29, 26, 14, 70, 81)(23, 35, 63, 19, 33, 42, 33, 7, 94, 75, 60, 66)(2, 10, 84, 60, 16, 1, 26, 29, 40, 44, 86, 96)(25, 55, 60, 94, 10, 65, 23, 6, 43, 71, 38, 79)(92, 31, 28, 32, 96, 71, 22, 41, 79, 24, 33, 9)
line 59: nearestNeighbour (7,2,8,7,8,3,5,8,1,6,9,1)
(35, 51, 29, 22, 78, 14, 29, 27, 47, 7, 16, 2)
line 60: nearestNeighbour (10,4,8,8,9,8,2,1,4,9,4,1)
(35, 51, 29, 22, 78, 14, 29, 27, 47, 7, 16, 2)
line 61: nearestNeighbour (6,6,5,1,6,4,1,3,2,2,3,7)
(35, 51, 29, 22, 78, 14, 29, 27, 47, 7, 16, 2)
line 62: nearestNeighbour (1,5,7,4,8,4,1,7,4,2,8,10)
(35, 51, 29, 22, 78, 14, 29, 27, 47, 7, 16, 2)
line 63: kNearestNeighbour 10 (10,1,9,8,3,9,3,5,3,8,10,7)
(35, 51, 29, 22, 78, 14, 29, 27, 47, 7, 16, 2)(87, 26, 43, 49, 35, 56, 56, 27, 46, 42, 40, 66)(74, 10, 4, 77, 91, 68, 33, 7, 4, 49, 17, 29)(70, 43, 70, 20, 8, 73, 35, 29, 26, 14, 70, 81)(23, 35, 63, 19, 33, 42, 33, 7, 94, 75, 60, 66)(2, 10, 84, 60, 16, 1, 26, 29, 40, 44, 86, 96)(21, 23, 86, 17, 18, 19, 27, 79, 6, 60, 97, 70)(25, 55, 60, 94, 10, 65, 23, 6, 43, 71, 38, 79)(92, 31, 28, 32, 96, 71, 22, 41, 79, 24, 33, 9)(42, 5, 8, 75, 50, 82, 1, 31, 64, 92, 43, 68)
line 64: nearestNeighbour (1,8,1,3,3,1,5,6,5,10,3,2)
(35, 51, 29, 22, 78, 14, 29, 27, 47, 7, 16, 2)
line 65: kNearestNeighbour 1 (10,8,6,6,2,1,2,4,2,1,3,3)
(35, 51, 29, 22, 78, 14, 29, 27, 47, 7, 16, 2)
line 66: kNearestNeighbour 8 (8,1,6,4,5,4,5,1,10,10,9,1)
(35, 51, 29, 22, 78, 14, 29, 27, 47, 7, 16, 2)(74, 10, 4, 77, 91, 68, 33, 7, 4, 49, 17, 29)(87, 26, 43, 49, 35, 56, 56, 27, 46, 42, 40, 66)(23, 35, 63, 19, 33, 42, 33, 7, 94, 75, 60, 66)(70, 43, 70, 20, 8, 73, 35, 29, 26, 14, 70, 81)(2, 10, 84, 60, 16, 1, 26, 29, 40, 44, 86, 96)(21, 23, 86, 17, 18, 19, 27, 79, 6, 60, 97, 70)(92, 31, 28, 32, 96, 71, 22, 41, 79, 24, 33, 9)
line 67: kNearestNeighbour 4 (1,7,8,2,3,1,6,5,6,2,9,3)
(35, 51, 29, 22, 78, 14, 29, 27, 47, 7, 16, 2)(87, 26, 43, 49, 35, 56, 56, 27, 46, 42, 40, 66)(74, 10, 4, 77, 91, 68, 33, 7, 4, 49, 17, 29)(70, 43, 70, 20, 8, 73, 35, 29, 26, 14, 70, 81)
line 68: kNearestNeighbour 8 (6,7,8,8,5,9,4,7,4,6,6,3)
(35, 51, 29, 22, 78, 14, 29, 27, 47, 7, 16, 2)(74, 10, 4, 77, 91, 68, 33, 7, 4, 49, 17, 29)(87, 26, 43, 49, 35, 56, 56, 27, 46, 42, 40, 66)(70, 43, 70, 20, 8, 73, 35, 29, 26, 14, 70, 81)(23, 35, 63, 19, 33, 42, 33, 7, 94, 75, 60, 66)(2, 10, 84, 60, 16, 1, 26, 29, 40, 44, 86, 96)(21, 23, 86, 17, 18, 19, 27, 79, 6, 60, 97, 70)(25, 55, 60, 94, 10, 65, 23, 6, 43, 71, 38, 79)
line 69: nearestNeighbour (10,7,6,1,8,7,3,8,10,7,5,4)
(35, 51, 29, 22, 78, 14, 29, 27, 47, 7, 16, 2)
line 70: kNearestNeighbour 3 (6,10,2,8,8,7,1,10,1,7,4,5)
(35, 51, 29, 22, 78, 14, 29, 27, 47, 7, 16, 2)(74, 10, 4, 77, 91, 68, 33, 7, 4, 49, 17, 29)(87, 26, 43, 49, 35, 56, 56, 27, 46, 42, 40, 66)
line 71: nearestNeighbour (5,6,5,1,1,3,1,6,4,10,9,1)
(35, 51, 29, 22, 78, 14, 29, 27, 47, 7, 16, 2)
line 72: kNearestNeighbour 5 (6,5,3,9,7,2,1,1,4,3,1,8)
(35, 51, 29, 22, 78, 14, 29, 27, 47, 7, 16, 2)(74, 10, 4, 77, 91, 68, 33, 7, 4, 49, 17, 29)(87, 26, 43, 49, 35, 56, 56, 27, 46, 42, 40, 66)(70, 43, 70, 20, 8, 73, 35, 29, 26, 14, 70, 81)(23, 35, 63, 19, 33, 42, 33, 7, 94, 75, 60, 66)
line 73: nearestNeighbour (5,8,4,3,9,3,5,3,5,2,6,1)
(35, 51, 29, 22, 78, 14, 29, 27, 47, 7, 16, 2)
line 74: kNearestNeighbour 7 (3,9,9,1,7,7,5,5,3,7,9,6)
(35, 51, 29, 22, 78, 14, 29, 27, 47, 7, 16, 2)(87, 26, 43, 49, 35, 56, 56, 27, 46, 42, 40, 66)(74, 10, 4, 77, 91, 68, 33, 7, 4, 49, 17, 29)(70, 43, 70, 20, 8, 73, 35, 29, 26, 14, 70, 81)(23, 35, 63, 19, 33, 42, 33, 7, 94, 75, 60, 66)(2, 10, 84, 60, 16, 1, 26, 29, 40, 44, 86, 96)(21, 23, 86, 17, 18, 19, 27, 79, 6, 60, 97, 70)
line 75: nearestNeighbour (9,5,4,8,10,10,3,1,10,6,6,6)
(35, 51, 29, 22, 78, 14, 29, 27, 47, 7, 16, 2)
line 76: kNearestNeighbour 4 (5,1,5,3,6,10,10,2,2,7,6,2)
(35, 51, 29, 22, 78, 14, 29, 27, 47, 7, 16, 2)(74, 10, 4, 77, 91, 68, 33, 7, 4, 49, 17, 29)(87, 26, 43, 49, 35, 56, 56, 27, 46, 42, 40, 66)(70, 43, 70, 20, 8, 73, 35, 29, 26, 14, 70, 81)
line 77: kNearestNeighbour 4 (9,1,10,6,2,9,4,3,1,5,6,1)
(35, 51, 29, 22, 78, 14, 29, 27, 47, 7, 16, 2)(74, 10, 4, 77, 91, 68, 33, 7, 4, 49, 17, 29)(87, 26, 43, 49, 35, 56, 56, 27, 46, 42, 40, 66)(70, 43, 70, 20, 8, 73, 35, 29, 26, 14, 70, 81)
line 78: kNearestNeighbour 5 (8,5,6,7,6,10,5,5,6,1,7,8)
(35, 51, 29, 22, 78, 14, 29, 27, 47, 7, 16, 2)(74, 10, 4, 77, 91, 68, 33, 7, 4, 49, 17, 29)(87, 26, 43, 49, 35, 56, 56, 27, 46, 42, 40, 66)(70, 43, 70, 20, 8, 73, 35, 29, 26, 14, 70, 81)(23, 35, 63, 19, 33, 42, 33, 7, 94, 75, 60, 66)
line 79: kNearestNeighbour 2 (1,2,5,2,7,7,1,10,7,5,4,7)
(35, 51, 29, 22, 78, 14, 29, 27, 47, 7, 16, 2)(74, 10, 4, 77, 91, 68, 33, 7, 4, 49, 17, 29)
line 80: nearestNeighbour (10,10,8,5,8,3,1,2,2,1,3,1)
(35, 51, 29, 22, 78, 14, 29, 27, 47, 7, 16, 2)
line 81: kNearestNeighbour 10 (10,9,3,4,3,8,3,4,1,1,5,6)
(35, 51, 29, 22, 78, 14, 29, 27, 47, 7, 16, 2)(74, 10, 4, 77, 91, 68, 33, 7, 4, 49, 17, 29)(87, 26, 43, 49, 35, 56, 56, 27, 46, 42, 40, 66)(70, 43, 70, 20, 8, 73, 35, 29, 26, 14, 70, 81)(23, 35, 63, 19, 33, 42, 33, 7, 94, 75, 60, 66)(2, 10, 84, 60, 16, 1, 26, 29, 40, 44, 86, 96)(21, 23, 86, 17, 18, 19, 27, 79, 6, 60, 97, 70)(92, 31, 28, 32, 96, 71, 22, 41, 79, 24, 33, 9)(25, 55, 60, 94, 10, 65, 23, 6, 43, 71, 38, 79)(42, 5, 8, 75, 50, 82, 1, 31, 64, 92, 43, 68)
line 82: kNearestNeighbour 10 (4,8,10,7,3,8,5,2,4,6,5,5)
(35, 51, 29, 22, 78, 14, 29, 27, 47, 7, 16, 2)(74, 10, 4, 77, 91, 68, 33, 7, 4, 49, 17, 29)(87, 26, 43, 49, 35, 56, 56, 27, 46, 42, 40, 66)(70, 43, 70, 20, 8, 73, 35, 29, 26, 14, 70, 81)(23, 35, 63, 19, 33, 42, 33, 7, 94, 75, 60, 66)(2, 10, 84, 60, 16, 1, 26, 29, 40, 44, 86, 96)(25, 55, 60, 94, 10, 65, 23, 6, 43, 71, 38, 79)(21, 23, 86, 17, 18, 19, 27, 79, 6, 60, 97, 70)(92, 31, 28, 32, 96, 71, 22, 41, 79, 24, 33, 9)(42, 5, 8, 75, 50, 82, 1, 31, 64, 92, 43, 68)
line 83: kNearestNeighbour 10 (2,8,5,7,3,9,9,6,4,3,4,9)
(35, 51, 29, 22, 78, 14, 29, 27, 47, 7, 16, 2)(87, 26, 43, 49, 35, 56, 56, 27, 46, 42, 40, 66)(74, 10, 4, 77, 91, 68, 33, 7, 4, 49, 17, 29)(70, 43, 70, 20, 8, 73, 35, 29, 26, 14, 70, 81)(23, 35, 63, 19, 33, 42, 33, 7, 94, 75, 60, 66)(2, 10, 84, 60, 16, 1, 26, 29, 40, 44, 86, 96)(21, 23, 86, 17, 18, 19, 27, 79, 6, 60, 97, 70)(25, 55, 60, 94, 10, 65, 23, 6, 43, 71, 38, 79)(92, 31, 28, 32, 96, 71, 22, 41, 79, 24, 33, 9)(42, 5, 8, 75, 50, 82, 1, 31, 64, 92, 43, 68)
line 84: kNearestNeighbour 8 (2,2,9,9,3,8,8,1,3,8,5,8)
(35, 51, 29, 22, 78, 14, 29, 27, 47, 7, 16, 2)(74, 10, 4, 77, 91, 68, 33, 7, 4, 49, 17, 29)(87, 26, 43, 49, 35, 56, 56, 27, 46, 42, 40, 66)(70, 43, 70, 20, 8, 73, 35, 29, 26, 14, 70, 81)(23, 35, 63, 19, 33, 42, 33, 7, 94, 75, 60, 66)(2, 10, 84, 60, 16, 1, 26, 29, 40, 44, 86, 96)(25, 55, 60, 94, 10, 65, 23, 6, 43, 71, 38, 79)(21, 23, 86, 17, 18, 19, 27, 79, 6, 60, 97, 70)
line 85: nearestNeighbour (1,3,1,10,1,2,5,9,10,3,10,1)
(35, 51, 29, 22, 78, 14, 29, 27, 47, 7, 16, 2)
line 86: nearestNeighbour (3,5,8,4,1,1,2,4,9,7,9,6)
(35, 51, 29, 22, 78, 14, 29, 27, 47, 7, 16, 2)
line 87: kNearestNeighbour 6 (4,1,10,7,10,4,3,4,9,5,1,4)
(35, 51, 29, 22, 78, 14, 29, 27, 47, 7, 16, 2)(74, 10, 4, 77, 91, 68, 33, 7, 4, 49, 17, 29)(87, 26, 43, 49, 35, 56, 56, 27, 46, 42, 40, 66)(23, 35, 63, 19, 33, 42, 33, 7, 94, 75, 60, 66)(70, 43, 70, 20, 8, 73, 35, 29, 26, 14, 70, 81)(2, 10, 84, 60, 16, 1, 26, 29, 40, 44, 86, 96)
line 88: kNearestNeighbour 2 (9,8,9,5,10,2,2,2,6,7,2,4)
(35, 51, 29, 22, 78, 14, 29, 27, 47, 7, 16, 2)(74, 10, 4, 77, 91, 68, 33, 7, 4, 49, 17, 29)
line 89: kNearestNeighbour 5 (10,1,8,8,5,10,3,10,4,6,8,1)
(35, 51, 29, 22, 78, 14, 29, 27, 47, 7, 16, 2)(74, 10, 4, 77, 91, 68, 33, 7, 4, 49, 17, 29)(87, 26, 43, 49, 35, 56, 56, 27, 46, 42, 40, 66)(70, 43, 70, 20, 8, 73, 35, 29, 26, 14, 70, 81)(23, 35, 63, 19, 33, 42, 33, 7, 94, 75, 60, 66)
line 90: nearestNeighbour (4,1,1,2,10,8,8,10,10,4,6,7)
(35, 51, 29, 22, 78, 14, 29, 27, 47, 7, 16, 2)
line 91: kNearestNeighbour 5 (3,4,4,9,7,8,10,1,9,9,10,2)
(35, 51, 29, 22, 78, 14, 29, 27, 47, 7, 16, 2)(74, 10, 4, 77, 91, 68, 33, 7, 4, 49, 17, 29)(87, 26, 43, 49, 35, 56, 56, 27, 46, 42, 40, 66)(23, 35, 63, 19, 33, 42, 33, 7, 94, 75, 60, 66)(70, 43, 70, 20, 8, 73, 35, 29, 26, 14, 70, 81)
line 92: kNearestNeighbour 7 (8,3,9,6,2,1,9,3,7,5,5,2)
(35, 51, 29, 22, 78, 14, 29, 27, 47, 7, 16, 2)(87, 26, 43, 49, 35, 56, 56, 27, 46, 42, 40, 66)(74, 10, 4, 77, 91, 68, 33, 7, 4, 49, 17, 29)(70, 43, 70, 20, 8, 73, 35, 29, 26, 14, 70, 81)(23, 35, 63, 19, 33, 42, 33, 7, 94, 75, 60, 66)(2, 10, 84, 60, 16, 1, 26, 29, 40, 44, 86, 96)(21, 23, 86, 17, 18, 19, 27, 79, 6, 60, 97, 70)
line 93: nearestNeighbour (7,7,10,5,1,8,9,1,10,4,2,6)
(35, 51, 29, 22, 78, 14, 29, 27, 47, 7, 16, 2)
line 94: nearestNeighbour (4,10,7,6,6,8,3,3,6,4,8,8)
(35, 51, 29, 22, 78, 14, 29, 27, 47, 7, 16, 2)
line 95: nearestNeighbour (8,1,1,7,2,9,3,9,10,5,10,9)
(35, 51, 29, 22, 78, 14, 29, 27, 47, 7, 16, 2)
line 96: kNearestNeighbour 4 (5,1,1,9,7,9,5,10,4,9,10,7)
(35, 51, 29, 22, 78, 14, 29, 27, 47, 7, 16, 2)(74, 10, 4, 77, 91, 68, 33, 7, 4, 49, 17, 29)(87, 26, 43, 49, 35, 56, 56, 27, 46, 42, 40, 66)(70, 43, 70, 20, 8, 73, 35, 29, 26, 14, 70, 81)
line 97: nearestNeighbour (8,1,8,2,5,3,10,3,4,4,10,1)
(35, 51, 29, 22, 78, 14, 29, 27, 47, 7, 16, 2)
line 98: nearestNeighbour (7,1,6,3,2,2,3,10,1,3,3,6)
(35, 51, 29, 22, 78, 14, 29, 27, 47, 7, 16, 2)
line 99: nearestNeighbour (3,7,1,6,8,6,2,7,7,10,3,5)
(35, 51, 29, 22, 78, 14, 29, 27, 47, 7, 16, 2)
line 100: kNearestNeighbour 10 (7,10,4,10,9,6,2,10,4,6,4,4)
(35, 51, 29, 22, 78, 14, 29, 27, 47, 7, 16, 2)(74, 10, 4, 77, 91, 68, 33, 7, 4, 49, 17, 29)(87, 26, 43, 49, 35, 56, 56, 27, 46, 42, 40, 66)(70, 43, 70, 20, 8, 73, 35, 29, 26, 14, 70, 81)(23, 35, 63, 19, 33, 42, 33, 7, 94, 75, 60, 66)(2, 10, 84, 60, 16, 1, 26, 29, 40, 44, 86, 96)(92, 31, 28, 32, 96, 71, 22, 41, 79, 24, 33, 9)(21, 23, 86, 17, 18, 19, 27, 79, 6, 60, 97, 70)(25, 55, 60, 94, 10, 65, 23, 6, 43, 71, 38, 79)(42, 5, 8, 75, 50, 82, 1, 31, 64, 92, 43, 68)
line 101: nearestNeighbour (9,2,4,10,8,2,5,4,10,6,1,9)
(35, 51, 29, 22, 78, 14, 29, 27, 47, 7, 16, 2)
line 102: nearestNeighbour (5,5,4,7,6,3,8,3,1,2,3,4)
(35, 51, 29, 22, 78, 14, 29, 27, 47, 7, 16, 2)
line 103: nearestNeighbour (1,3,2,5,4,6,8,3,9,9,9,3)
(35, 51, 29, 22, 78, 14, 29, 27, 47, 7, 16, 2)
line 104: nearestNeighbour (9,3,10,7,7,8,4,8,1,10,4,2)
(35, 51, 29, 22, 78, 14, 29, 27, 47, 7, 16, 2)
line 105: nearestNeighbour (7,9,5,9,7,10,9,1,3,5,10,9)
(35, 51, 29, 22, 78, 14, 29, 27, 47, 7, 16, 2)
line 106: kNearestNeighbour 1 (2,9,10,9,8,3,7,2,1,5,4,4)
(35, 51, 29, 22, 78, 14, 29, 27, 47, 7, 16, 2)
line 107: kNearestNeighbour 8 (9,4,2,1,4,5,9,2,5,5,1,3)
(35, 51, 29, 22, 78, 14, 29, 27, 47, 7, 16, 2)(74, 10, 4, 77, 91, 68, 33, 7, 4, 49, 17, 29)(87, 26, 43, 49, 35, 56, 56, 27, 46, 42, 40, 66)(70, 43, 70, 20, 8, 73, 35, 29, 26, 14, 70, 81)(23, 35, 63, 19, 33, 42, 33, 7, 94, 75, 60, 66)(2, 10, 84, 60, 16, 1, 26, 29, 40, 44, 86, 96)(92, 31, 28, 32, 96, 71, 22, 41, 79, 24, 33, 9)(21, 23, 86, 17, 18, 19, 27, 79, 6, 60, 97, 70)
line 108: nearestNeighbour (7,5,9,10,4,5,4,2,4,3,4,8)
(35, 51, 29, 22, 78, 14, 29, 27, 47, 7, 16, 2)
line 109: kNearestNeighbour 3 (7,6,3,10,10,10,5,5,9,6,6,3)
(35, 51, 29, 22, 78, 14, 29, 27, 47, 7, 16, 2)(74, 10, 4, 77, 91, 68, 33, 7, 4, 49, 17, 29)(87, 26, 43, 49, 35, 56, 56, 27, 46, 42, 40, 66)
line 110: kNearestNeighbour 8 (5,10,2,6,7,9,7,8,4,1,3,8)
(35, 51, 29, 22, 78, 14, 29, 27, 47, 7, 16, 2)(74, 10, 4, 77, 91, 68, 33, 7, 4, 49, 17, 29)(87, 26, 43, 49, 35, 56, 56, 27, 46, 42, 40, 66)(70, 43, 70, 20, 8, 73, 35, 29, 26, 14, 70, 81)(23, 35, 63, 19, 33, 42, 33, 7, 94, 75, 60, 66)(2, 10, 84, 60, 16, 1, 26, 29, 40, 44, 86, 96)(21, 23, 86, 17, 18, 19, 27, 79, 6, 60, 97, 70)(92, 31, 28, 32, 96, 71, 22, 41, 79, 24, 33, 9)
line 111: nearestNeighbour (10,5,4,3,6,7,5,9,3,3,9,2)
(35, 51, 29, 22, 78, 14, 29, 27, 47, 7, 16, 2)
line 112: nearestNeighbour (6,10,9,4,6,1,6,8,3,10,2,8)
(35, 51, 29, 22, 78, 14, 29, 27, 47, 7, 16, 2)
line 113: nearestNeighbour (8,9,3,6,9,6,9,10,7,2,7,2)
(35, 51, 29, 22, 78, 14, 29, 27, 47, 7, 16, 2)
line 114: kNearestNeighbour 7 (3,2,9,9,9,8,6,4,9,1,10,10)
(35, 51, 29, 22, 78, 14, 29, 27, 47, 7, 16, 2)(87, 26, 43, 49, 35, 56, 56, 27, 46, 42, 40, 66)(74, 10, 4, 77, 91, 68, 33, 7, 4, 49, 17, 29)(70, 43, 70, 20, 8, 73, 35, 29, 26, 14, 70, 81)(23, 35, 63, 19, 33, 42, 33, 7, 94, 75, 60, 66)(2, 10, 84, 60, 16, 1, 26, 29, 40, 44, 86, 96)(21, 23, 86, 17, 18, 19, 27, 79, 6, 60, 97, 70)
line 115: nearestNeighbour (9,4,2,4,5,7,6,3,4,3,3,2)
(35, 51, 29, 22, 78, 14, 29, 27, 47, 7, 16, 2)
line 116: nearestNeighbour (7,3,5,6,8,3,8,3,7,7,3,1)
(35, 51, 29, 22, 78, 14, 29, 27, 47, 7, 16, 2)
line 117: nearestNeighbour (3,6,1,3,4,1,10,3,5,1,2,8)
(35, 51, 29, 22, 78, 14, 29, 27, 47, 7, 16, 2)
line 118: kNearestNeighbour 3 (10,7,2,2,10,6,5,8,10,1,4,1)
(35, 51, 29, 22, 78, 14, 29, 27, 47, 7, 16, 2)(74, 10, 4, 77, 91, 68, 33, 7, 4, 49, 17, 29)(87, 26, 43, 49, 35, 56, 56, 27, 46, 42, 40, 66)
line 119: kNearestNeighbour 9 (8,9,6,2,5,10,8,5,9,2,9,3)
(35, 51, 29, 22, 78, 14, 29, 27, 47, 7, 16, 2)(87, 26, 43, 49, 35, 56, 56, 27, 46, 42, 40, 66)(74, 10, 4, 77, 91, 68, 33, 7, 4, 49, 17, 29)(70, 43, 70, 20, 8, 73, 35, 29, 26, 14, 70, 81)(23, 35, 63, 19, 33, 42, 33, 7, 94, 75, 60, 66)(2, 10, 84, 60, 16, 1, 26, 29, 40, 44, 86, 96)(92, 31, 28, 32, 96, 71, 22, 41, 79, 24, 33, 9)(21, 23, 86, 17, 18, 19, 27, 79, 6, 60, 97, 70)(25, 55, 60, 94, 10, 65, 23, 6, 43, 71, 38, 79)
line 120: nearestNeighbour (1,6,8,3,10,7,9,9,9,2,5,1)
(35, 51, 29, 22, 78, 14, 29, 27, 47, 7, 16, 2)
line 121: kNearestNeighbour 5 (3,4,10,3,8,3,4,3,8,6,10,1)
(35, 51, 29, 22, 78, 14, 29, 27, 47, 7, 16, 2)(74, 10, 4, 77, 91, 68, 33, 7, 4, 49, 17, 29)(87, 26, 43, 49, 35, 56, 56, 27, 46, 42, 40, 66)(23, 35, 63, 19, 33, 42, 33, 7, 94, 75, 60, 66)(70, 43, 70, 20, 8, 73, 35, 29, 26, 14, 70, 81)
line 122: kNearestNeighbour 3 (10,7,8,9,3,9,4,7,4,10,1,3)
(35, 51, 29, 22, 78, 14, 29, 27, 47, 7, 16, 2)(74, 10, 4, 77, 91, 68, 33, 7, 4, 49, 17, 29)(87, 26, 43, 49, 35, 56, 56, 27, 46, 42, 40, 66)
line 123: nearestNeighbour (10,5,6,8,8,9,5,9,3,3,3,6)
(35, 51, 29, 22, 78, 14, 29, 27, 47, 7, 16, 2)
line 124: nearestNeighbour (8,3,2,9,8,3,2,2,3,6,1,3)
(35, 51, 29, 22, 78, 14, 29, 27, 47, 7, 16, 2)
line 125: nearestNeighbour (9,4,6,6,9,5,1,6,10,9,1,6)
(35, 51, 29, 22, 78, 14, 29, 27, 47, 7, 16, 2)
line 126: nearestNeighbour (1,6,3,8,9,5,6,1,4,5,9,5)
(35, 51, 29, 22, 78, 14, 29, 27, 47, 7, 16, 2)
line 127: nearestNeighbour (9,3,10,3,1,3,8,2,2,6,8,6)
(35, 51, 29, 22, 78, 14, 29, 27, 47, 7, 16, 2)
line 128: kNearestNeighbour 2 (4,8,5,6,7,8,4,7,1,9,5,2)
(35, 51, 29, 22, 78, 14, 29, 27, 47, 7, 16, 2)(74, 10, 4, 77, 91, 68, 33, 7, 4, 49, 17, 29)
line 129: nearestNeighbour (4,5,8,10,9,6,1,8,6,4,3,5)
(35, 51, 29, 22, 78, 14, 29, 27, 47, 7, 16, 2)
line 130: nearestNeighbour (1,4,8,3,9,4,2,2,5,1,3,3)
(35, 51, 29, 22, 78, 14, 29, 27, 47, 7, 16, 2)
line 131: kNearestNeighbour 4 (5,5,3,3,1,9,5,3,8,5,10,4)
(35, 51, 29, 22, 78, 14, 29, 27, 47, 7, 16, 2)(87, 26, 43, 49, 35, 56, 56, 27, 46, 42, 40, 66)(74, 10, 4, 77, 91, 68, 33, 7, 4, 49, 17, 29)(70, 43, 70, 20, 8, 73, 35, 29, 26, 14, 70, 81)
line 132: nearestNeighbour (7,10,4,3,4,10,8,9,2,6,8,1)
(35, 51, 29, 22, 78, 14, 29, 27, 47, 7, 16, 2)
line 133: nearestNeighbour (2,5,9,5,9,6,6,5,8,6,7,9)
(35, 51, 29, 22, 78, 14, 29, 27, 47, 7, 16, 2)
line 134: kNearestNeighbour 5 (10,9,1,5,10,1,9,3,7,1,6,6)
(35, 51, 29, 22, 78, 14, 29, 27, 47, 7, 16, 2)(74, 10, 4, 77, 91, 68, 33, 7, 4, 49, 17, 29)(87, 26, 43, 49, 35, 56, 56, 27, 46, 42, 40, 66)(70, 43, 70, 20, 8, 73, 35, 29, 26, 14, 70, 81)(23, 35, 63, 19, 33, 42, 33, 7, 94, 75, 60, 66)
line 135: nearestNeighbour (3,1,8,3,6,8,8,5,6,1,2,3)
(35, 51, 29, 22, 78, 14, 29, 27, 47, 7, 16, 2)
line 136: kNearestNeighbour 10 (7,5,7,5,5,2,6,3,10,6,6,3)
(35, 51, 29, 22, 78, 14, 29, 27, 47, 7, 16, 2)(87, 26, 43, 49, 35, 56, 56, 27, 46, 42, 40, 66)(74, 10, 4, 77, 91, 68, 33, 7, 4, 49, 17, 29)(23, 35, 63, 19, 33, 42, 33, 7, 94, 75, 60, 66)(70, 43, 70, 20, 8, 73, 35, 29, 26, 14, 70, 81)(2, 10, 84, 60, 16, 1, 26, 29, 40, 44, 86, 96)(21, 23, 86, 17, 18, 19, 27, 79, 6, 60, 97, 70)(92, 31, 28, 32, 96, 71, 22, 41, 79, 24, 33, 9)(25, 55, 60, 94, 10, 65, 23, 6, 43, 71, 38, 79)(42, 5, 8, 75, 50, 82, 1, 31, 64, 92, 43, 68)
line 137: kNearestNeighbour 3 (7,8,1,6,3,10,6,1,4,9,4,6)
(35, 51, 29, 22, 78, 14, 29, 27, 47, 7, 16, 2)(74, 10, 4, 77, 91, 68, 33, 7, 4, 49, 17, 29)(87, 26, 43, 49, 35, 56, 56, 27, 46, 42, 40, 66)
line 138: nearestNeighbour (2,4,1,6,2,10,7,6,10,8,3,1)
(35, 51, 29, 22, 78, 14, 29, 27, 47, 7, 16, 2)
line 139: kNearestNeighbour 2 (5,7,5,2,7,6,7,8,3,1,4,4)
(35, 51, 29, 22, 78, 14, 29, 27, 47, 7, 16, 2)(74, 10, 4, 77, 91, 68, 33, 7, 4, 49, 17, 29)
line 140: nearestNeighbour (4,2,8,8,2,7,10,10,10,3,1,7)
(35, 51, 29, 22, 78, 14, 29, 27, 47, 7, 16, 2)
line 141: nearestNeighbour (3,3,9,9,8,10,2,3,3,9,4,7)
(35, 51, 29, 22, 78, 14, 29, 27, 47, 7, 16, 2)
line 142: nearestNeighbour (6,7,7,3,5,4,8,5,10,4,8,2)
(35, 51, 29, 22, 78, 14, 29, 27, 47, 7, 16, 2)
line 143: kNearestNeighbour 9 (7,1,3,1,9,4,9,3,9,4,2,2)
(35, 51, 29, 22, 78, 14, 29, 27, 47, 7, 16, 2)(74, 10, 4, 77, 91, 68, 33, 7, 4, 49, 17, 29)(87, 26, 43, 49, 35, 56, 56, 27, 46, 42, 40, 66)(23, 35, 63, 19, 33, 42, 33, 7, 94, 75, 60, 66)(70, 43, 70, 20, 8, 73, 35, 29, 26, 14, 70, 81)(2, 10, 84, 60, 16, 1, 26, 29, 40, 44, 86, 96)(92, 31, 28, 32, 96, 71, 22, 41, 79, 24, 33, 9)(21, 23, 86, 17, 18, 19, 27, 79, 6, 60, 97, 70)(25, 55, 60, 94, 10, 65, 23, 6, 43, 71, 38, 79)
line 144: nearestNeighbour (4,2,7,7,2,4,6,1,5,5,4,4)
(35, 51, 29, 22, 78, 14, 29, 27, 47, 7, 16, 2)
line 145: kNearestNeighbour 8 (5,2,4,6,10,6,1,8,10,6,3,6)
(35, 51, 29, 22, 78, 14, 29, 27, 47, 7, 16, 2)(74, 10, 4, 77, 91, 68, 33, 7, 4, 49, 17, 29)(87, 26, 43, 49, 35, 56, 56, 27, 46, 42, 40, 66)(23, 35, 63, 19, 33, 42, 33, 7, 94, 75, 60, 66)(70, 43, 70, 20, 8, 73, 35, 29, 26, 14, 70, 81)(2, 10, 84, 60, 16, 1, 26, 29, 40, 44, 86, 96)(92, 31, 28, 32, 96, 71, 22, 41, 79, 24, 33, 9)(21, 23, 86, 17, 18, 19, 27, 79, 6, 60, 97, 70)
line 146: kNearestNeighbour 7 (7,10,5,3,6,6,6,4,9,9,2,5)
(35, 51, 29, 22, 78, 14, 29, 27, 47, 7, 16, 2)(74, 10, 4, 77, 91, 68, 33, 7, 4, 49, 17, 29)(87, 26, 43, 49, 35, 56, 56, 27, 46, 42, 40, 66)(23, 35, 63, 19, 33, 42, 33, 7, 94, 75, 60, 66)(70, 43, 70, 20, 8, 73, 35, 29, 26, 14, 70, 81)(2, 10, 84, 60, 16, 1, 26, 29, 40, 44, 86, 96)(92, 31, 28, 32, 96, 71, 22, 41, 79, 24, 33, 9)
line 147: kNearestNeighbour 8 (10,8,4,5,8,4,7,3,7,4,6,7)
(35, 51, 29, 22, 78, 14, 29, 27, 47, 7, 16, 2)(74, 10, 4, 77, 91, 68, 33, 7, 4, 49, 17, 29)(87, 26, 43, 49, 35, 56, 56, 27, 46, 42, 40, 66)(70, 43, 70, 20, 8, 73, 35, 29, 26, 14, 70, 81)(23, 35, 63, 19, 33, 42, 33, 7, 94, 75, 60, 66)(2, 10, 84, 60, 16, 1, 26, 29, 40, 44, 86, 96)(92, 31, 28, 32, 96, 71, 22, 41, 79, 24, 33, 9)(21, 23, 86, 17, 18, 19, 27, 79, 6, 60, 97, 70)
line 148: kNearestNeighbour 6 (7,1,4,10,7,4,3,3,4,9,10,7)
(35, 51, 29, 22, 78, 14, 29, 27, 47, 7, 16, 2)(74, 10, 4, 77, 91, 68, 33, 7, 4, 49, 17, 29)(87, 26, 43, 49, 35, 56, 56, 27, 46, 42, 40, 66)(70, 43, 70, 20, 8, 73, 35, 29, 26, 14, 70, 81)(23, 35, 63, 19, 33, 42, 33, 7, 94, 75, 60, 66)(2, 10, 84, 60, 16, 1, 26, 29, 40, 44, 86, 96)
line 149: nearestNeighbour (8,10,9,7,7,5,9,4,5,3,1,2)
(35, 51, 29, 22, 78, 14, 29, 27, 47, 7, 16, 2)
line 150: kNearestNeighbour 9 (5,6,5,4,1,9,10,10,10,3,2,3)
(35, 51, 29, 22, 78, 14, 29, 27, 47, 7, 16, 2)(87, 26, 43, 49, 35, 56, 56, 27, 46, 42, 40, 66)(74, 10, 4, 77, 91, 68, 33, 7, 4, 49, 17, 29)(70, 43, 70, 20, 8, 73, 35, 29, 26, 14, 70, 81)(23, 35, 63, 19, 33, 42, 33, 7, 94, 75, 60, 66)(2, 10, 84, 60, 16, 1, 26, 29, 40, 44, 86, 96)(21, 23, 86, 17, 18, 19, 27, 79, 6, 60, 97, 70)(92, 31, 28, 32, 96, 71, 22, 41, 79, 24, 33, 9)(25, 55, 60, 94, 10, 65, 23, 6, 43, 71, 38, 79)
line 151: kNearestNeighbour 9 (8,6,3,1,9,6,8,2,7,3,9,2)
(35, 51, 29, 22, 78, 14, 29, 27, 47, 7, 16, 2)(74, 10, 4, 77, 91, 68, 33, 7, 4, 49, 17, 29)(87, 26, 43, 49, 35, 56, 56, 27, 46, 42, 40, 66)(70, 43, 70, 20, 8, 73, 35, 29, 26, 14, 70, 81)(23, 35, 63, 19, 33, 42, 33, 7, 94, 75, 60, 66)(2, 10, 84, 60, 16, 1, 26, 29, 40, 44, 86, 96)(92, 31, 28, 32, 96, 71, 22, 41, 79, 24, 33, 9)(21, 23, 86, 17, 18, 19, 27, 79, 6, 60, 97, 70)(25, 55, 60, 94, 10, 65, 23, 6, 43, 71, 38, 79)
line 152: kNearestNeighbour 5 (7,3,3,3,9,5,8,1,2,8,2,4)
(35, 51, 29, 22, 78, 14, 29, 27, 47, 7, 16, 2)(74, 10, 4, 77, 91, 68, 33, 7, 4, 49, 17, 29)(87, 26, 43, 49, 35, 56, 56, 27, 46, 42, 40, 66)(70, 43, 70, 20, 8, 73, 35, 29, 26, 14, 70, 81)(23, 35, 63, 19, 33, 42, 33, 7, 94, 75, 60, 66)
line 153: nearestNeighbour (3,10,2,6,3,1,7,8,10,5,9,4)
(35, 51, 29, 22, 78, 14, 29, 27, 47, 7, 16, 2)
line 154: nearestNeighbour (5,10,3,5,4,7,6,2,6,5,5,3)
(35, 51, 29, 22, 78, 14, 29, 27, 47, 7, 16, 2)
line 155: nearestNeighbour (8,2,2,1,5,8,7,7,3,2,4,5)
(35, 51, 29, 22, 78, 14, 29, 27, 47, 7, 16, 2)
line 156: kNearestNeighbour 9 (7,9,4,9,1,5,6,7,5,10,3,7)
(35, 51, 29, 22, 78, 14, 29, 27, 47, 7, 16, 2)(87, 26, 43, 49, 35, 56, 56, 27, 46, 42, 40, 66)(74, 10, 4, 77, 91, 68, 33, 7, 4, 49, 17, 29)(70, 43, 70, 20, 8, 73, 35, 29, 26, 14, 70, 81)(23, 35, 63, 19, 33, 42, 33, 7, 94, 75, 60, 66)(2, 10, 84, 60, 16, 1, 26, 29, 40, 44, 86, 96)(25, 55, 60, 94, 10, 65, 23, 6, 43, 71, 38, 79)(21, 23, 86, 17, 18, 19, 27, 79, 6, 60, 97, 70)(42, 5, 8, 75, 50, 82, 1, 31, 64, 92, 43, 68)
line 157: kNearestNeighbour 7 (5,3,10,7,6,10,1,1,9,4,6,1)
(35, 51, 29, 22, 78, 14, 29, 27, 47, 7, 16, 2)(74, 10, 4, 77, 91, 68, 33, 7, 4, 49, 17, 29)(87, 26, 43, 49, 35, 56, 56, 27, 46, 42, 40, 66)(70, 43, 70, 20, 8, 73, 35, 29, 26, 14, 70, 81)(23, 35, 63, 19, 33, 42, 33, 7, 94, 75, 60, 66)(2, 10, 84, 60, 16, 1, 26, 29, 40, 44, 86, 96)(92, 31, 28, 32, 96, 71, 22, 41, 79, 24, 33, 9)
line 158: nearestNeighbour (3,8,2,9,5,9,1,4,7,4,6,5)
(35, 51, 29, 22, 78, 14, 29, 27, 47, 7, 16, 2)
line 159: kNearestNeighbour 3 (3,5,9,1,6,6,6,3,5,9,2,6)
(35, 51, 29, 22, 78, 14, 29, 27, 47, 7, 16, 2)(74, 10, 4, 77, 91, 68, 33, 7, 4, 49, 17, 29)(87, 26, 43, 49, 35, 56, 56, 27, 46, 42, 40, 66)
line 160: kNearestNeighbour 8 (9,9,6,6,2,4,3,3,7,9,10,4)
(35, 51, 29, 22, 78, 14, 29, 27, 47, 7, 16, 2)(87, 26, 43, 49, 35, 56, 56, 27, 46, 42, 40, 66)(74, 10, 4, 77, 91, 68, 33, 7, 4, 49, 17, 29)(70, 43, 70, 20, 8, 73, 35, 29, 26, 14, 70, 81)(23, 35, 63, 19, 33, 42, 33, 7, 94, 75, 60, 66)(2, 10, 84, 60, 16, 1, 26, 29, 40, 44, 86, 96)(21, 23, 86, 17, 18, 19, 27, 79, 6, 60, 97, 70)(25, 55, 60, 94, 10, 65, 23, 6, 43, 71, 38, 79)
line 161: nearestNeighbour (9,5,1,9,2,4,1,5,5,3,10,7)
(35, 51, 29, 22, 78, 14, 29, 27, 47, 7, 16, 2)
line 162: nearestNeighbour (3,8,2,9,5,1,10,10,2,6,2,4)
(35, 51, 29, 22, 78, 14, 29, 27, 47, 7, 16, 2)
line 163: nearestNeighbour (10,5,7,8,1,5,2,7,9,4,8,8)
(35, 51, 29, 22, 78, 14, 29, 27, 47, 7, 16, 2)
line 164: kNearestNeighbour 6 (10,10,6,7,1,8,2,7,7,9,1,10)
(35, 51, 29, 22, 78, 14, 29, 27, 47, 7, 16, 2)(87, 26, 43, 49, 35, 56, 56, 27, 46, 42, 40, 66)(74, 10, 4, 77, 91, 68, 33, 7, 4, 49, 17, 29)(70, 43, 70, 20, 8, 73, 35, 29, 26, 14, 70, 81)(23, 35, 63, 19, 33, 42, 33, 7, 94, 75, 60, 66)(2, 10, 84, 60, 16, 1, 26, 29, 40, 44, 86, 96)
line 165: kNearestNeighbour 9 (9,7,9,9,8,6,6,9,4,2,6,2)
(35, 51, 29, 22, 78, 14, 29, 27, 47, 7, 16, 2)(74, 10, 4, 77, 91, 68, 33, 7, 4, 49, 17, 29)(87, 26, 43, 49, 35, 56, 56, 27, 46, 42, 40, 66)(70, 43, 70, 20, 8, 73, 35, 29, 26, 14, 70, 81)(23, 35, 63, 19, 33, 42, 33, 7, 94, 75, 60, 66)(2, 10, 84, 60, 16, 1, 26, 29, 40, 44, 86, 96)(21, 23, 86, 17, 18, 19, 27, 79, 6, 60, 97, 70)(92, 31, 28, 32, 96, 71, 22, 41, 79, 24, 33, 9)(25, 55, 60, 94, 10, 65, 23, 6, 43, 71, 38, 79)
line 166: kNearestNeighbour 9 (4,9,2,4,9,2,4,10,2,8,7,7)
(35, 51, 29, 22, 78, 14, 29, 27, 47, 7, 16, 2)(74, 10, 4, 77, 91, 68, 33, 7, 4, 49, 17, 29)(87, 26, 43, 49, 35, 56, 56, 27, 46, 42, 40, 66)(70, 43, 70, 20, 8, 73, 35, 29, 26, 14, 70, 81)(23, 35, 63, 19, 33, 42, 33, 7, 94, 75, 60, 66)(2, 10, 84, 60, 16, 1, 26, 29, 40, 44, 86, 96)(21, 23, 86, 17, 18, 19, 27, 79, 6, 60, 97, 70)(25, 55, 60, 94, 10, 65, 23, 6, 43, 71, 38, 79)(92, 31, 28, 32, 96, 71, 22, 41, 79, 24, 33, 9)
line 167: nearestNeighbour (10,1,2,1,3,10,2,5,5,10,4,3)
(35, 51, 29, 22, 78, 14, 29, 27, 47, 7, 16, 2)
line 168: nearestNeighbour (9,7,3,7,6,1,6,2,4,3,10,3)
(35, 51, 29, 22, 78, 14, 29, 27, 47, 7, 16, 2)
line 169: nearestNeighbour (7,10,7,9,4,7,6,2,5,4,4,6)
(35, 51, 29, 22, 78, 14, 29, 27, 47, 7, 16, 2)
line 170: nearestNeighbour (3,5,6,7,3,2,7,1,9,3,6,10)
(35, 51, 29, 22, 78, 14, 29, 27, 47, 7, 16, 2)
line 171: kNearestNeighbour 1 (10,3,4,5,2,9,3,3,6,1,9,2)
(35, 51, 29, 22, 78, 14, 29, 27, 47, 7, 16, 2)
line 172: nearestNeighbour (5,4,1,6,9,4,7,1,1,8,10,3)
(35, 51, 29, 22, 78, 14, 29, 27, 47, 7, 16, 2)
line 173: kNearestNeighbour 7 (3,6,7,4,1,8,8,6,10,9,6,10)
(35, 51, 29, 22, 78, 14, 29, 27, 47, 7, 16, 2)(87, 26, 43, 49, 35, 56, 56, 27, 46, 42, 40, 66)(74, 10, 4, 77, 91, 68, 33, 7, 4, 49, 17, 29)(23, 35, 63, 19, 33, 42, 33, 7, 94, 75, 60, 66)(70, 43, 70, 20, 8, 73, 35, 29, 26, 14, 70, 81)(2, 10, 84, 60, 16, 1, 26, 29, 40, 44, 86, 96)(21, 23, 86, 17, 18, 19, 27, 79, 6, 60, 97, 70)
line 174: kNearestNeighbour 9 (9,1,1,10,3,6,1,4,1,7,10,7)
(35, 51, 29, 22, 78, 14, 29, 27, 47, 7, 16, 2)(74, 10, 4, 77, 91, 68, 33, 7, 4, 49, 17, 29)(87, 26, 43, 49, 35, 56, 56, 27, 46, 42, 40, 66)(70, 43, 70, 20, 8, 73, 35, 29, 26, 14, 70, 81)(2, 10, 84, 60, 16, 1, 26, 29, 40, 44, 86, 96)(23, 35, 63, 19, 33, 42, 33, 7, 94, 75, 60, 66)(21, 23, 86, 17, 18, 19, 27, 79, 6, 60, 97, 70)(25, 55, 60, 94, 10, 65, 23, 6, 43, 71, 38, 79)(42, 5, 8, 75, 50, 82, 1, 31, 64, 92, 43, 68)
line 175: kNearestNeighbour 4 (9,7,4,7,5,6,8,10,9,8,5,3)
