line 1: k=17
line 2: clear
line 3: buildTree 13
(8,56,73,66,61,6,47,11,99,80,9,34,11,60,38,17,79) (67,70,67,43,34,13,57,36,85,54,52,22,7,60,24,84,49) (55,48,41,84,69,16,17,60,86,13,23,41,65,86,97,16,72) (18,18,39,59,45,39,40,81,2,9,54,54,52,40,38,10,4) (21,18,52,86,51,4,93,31,70,62,33,39,80,85,56,62,36) (5,48,74,37,71,63,84,73,7,55,55,70,57,19,42,55,57) (17,37,63,21,16,58,15,66,59,7,58,46,81,43,29,69,1) (2,95,82,88,67,14,26,4,10,9,96,79,25,83,74,13,57) (13,99,79,49,69,76,11,99,31,70,14,55,88,67,79,65,58) (79,96,78,39,44,47,77,89,5,40,18,15,56,68,28,56,87) (37,3,89,63,46,72,43,28,34,23,38,90,90,81,14,45,87) (27,69,24,98,24,82,15,38,75,59,69,17,79,69,69,91,28) (49,87,32,31,59,14,7,72,85,42,24,84,4,59,47,40,52) 
line 4: nodeCount_height_leafCount
nodeCount=13;height=4;leafCount=6
line 5: inorderTraversal
(18, 18, 39, 59, 45, 39, 40, 81, 2, 9, 54, 54, 52, 40, 38, 10, 4) (17, 37, 63, 21, 16, 58, 15, 66, 59, 7, 58, 46, 81, 43, 29, 69, 1) (5, 48, 74, 37, 71, 63, 84, 73, 7, 55, 55, 70, 57, 19, 42, 55, 57) (8, 56, 73, 66, 61, 6, 47, 11, 99, 80, 9, 34, 11, 60, 38, 17, 79) (13, 99, 79, 49, 69, 76, 11, 99, 31, 70, 14, 55, 88, 67, 79, 65, 58) (2, 95, 82, 88, 67, 14, 26, 4, 10, 9, 96, 79, 25, 83, 74, 13, 57) (21, 18, 52, 86, 51, 4, 93, 31, 70, 62, 33, 39, 80, 85, 56, 62, 36) (55, 48, 41, 84, 69, 16, 17, 60, 86, 13, 23, 41, 65, 86, 97, 16, 72) (37, 3, 89, 63, 46, 72, 43, 28, 34, 23, 38, 90, 90, 81, 14, 45, 87) (27, 69, 24, 98, 24, 82, 15, 38, 75, 59, 69, 17, 79, 69, 69, 91, 28) (49, 87, 32, 31, 59, 14, 7, 72, 85, 42, 24, 84, 4, 59, 47, 40, 52) (67, 70, 67, 43, 34, 13, 57, 36, 85, 54, 52, 22, 7, 60, 24, 84, 49) (79, 96, 78, 39, 44, 47, 77, 89, 5, 40, 18, 15, 56, 68, 28, 56, 87) 
line 6: preorderTraversal
(21, 18, 52, 86, 51, 4, 93, 31, 70, 62, 33, 39, 80, 85, 56, 62, 36) (5, 48, 74, 37, 71, 63, 84, 73, 7, 55, 55, 70, 57, 19, 42, 55, 57) (18, 18, 39, 59, 45, 39, 40, 81, 2, 9, 54, 54, 52, 40, 38, 10, 4) (17, 37, 63, 21, 16, 58, 15, 66, 59, 7, 58, 46, 81, 43, 29, 69, 1) (13, 99, 79, 49, 69, 76, 11, 99, 31, 70, 14, 55, 88, 67, 79, 65, 58) (8, 56, 73, 66, 61, 6, 47, 11, 99, 80, 9, 34, 11, 60, 38, 17, 79) (2, 95, 82, 88, 67, 14, 26, 4, 10, 9, 96, 79, 25, 83, 74, 13, 57) (27, 69, 24, 98, 24, 82, 15, 38, 75, 59, 69, 17, 79, 69, 69, 91, 28) (55, 48, 41, 84, 69, 16, 17, 60, 86, 13, 23, 41, 65, 86, 97, 16, 72) (37, 3, 89, 63, 46, 72, 43, 28, 34, 23, 38, 90, 90, 81, 14, 45, 87) (67, 70, 67, 43, 34, 13, 57, 36, 85, 54, 52, 22, 7, 60, 24, 84, 49) (49, 87, 32, 31, 59, 14, 7, 72, 85, 42, 24, 84, 4, 59, 47, 40, 52) (79, 96, 78, 39, 44, 47, 77, 89, 5, 40, 18, 15, 56, 68, 28, 56, 87) 
line 7: postorderTraversal
(17, 37, 63, 21, 16, 58, 15, 66, 59, 7, 58, 46, 81, 43, 29, 69, 1) (18, 18, 39, 59, 45, 39, 40, 81, 2, 9, 54, 54, 52, 40, 38, 10, 4) (8, 56, 73, 66, 61, 6, 47, 11, 99, 80, 9, 34, 11, 60, 38, 17, 79) (2, 95, 82, 88, 67, 14, 26, 4, 10, 9, 96, 79, 25, 83, 74, 13, 57) (13, 99, 79, 49, 69, 76, 11, 99, 31, 70, 14, 55, 88, 67, 79, 65, 58) (5, 48, 74, 37, 71, 63, 84, 73, 7, 55, 55, 70, 57, 19, 42, 55, 57) (37, 3, 89, 63, 46, 72, 43, 28, 34, 23, 38, 90, 90, 81, 14, 45, 87) (55, 48, 41, 84, 69, 16, 17, 60, 86, 13, 23, 41, 65, 86, 97, 16, 72) (49, 87, 32, 31, 59, 14, 7, 72, 85, 42, 24, 84, 4, 59, 47, 40, 52) (79, 96, 78, 39, 44, 47, 77, 89, 5, 40, 18, 15, 56, 68, 28, 56, 87) (67, 70, 67, 43, 34, 13, 57, 36, 85, 54, 52, 22, 7, 60, 24, 84, 49) (27, 69, 24, 98, 24, 82, 15, 38, 75, 59, 69, 17, 79, 69, 69, 91, 28) (21, 18, 52, 86, 51, 4, 93, 31, 70, 62, 33, 39, 80, 85, 56, 62, 36) 
line 8: kNearestNeighbour 10 (6,9,9,1,9,5,9,7,3,1,6,9,6,4,2,10,10)
(18, 18, 39, 59, 45, 39, 40, 81, 2, 9, 54, 54, 52, 40, 38, 10, 4)(17, 37, 63, 21, 16, 58, 15, 66, 59, 7, 58, 46, 81, 43, 29, 69, 1)(49, 87, 32, 31, 59, 14, 7, 72, 85, 42, 24, 84, 4, 59, 47, 40, 52)(67, 70, 67, 43, 34, 13, 57, 36, 85, 54, 52, 22, 7, 60, 24, 84, 49)(8, 56, 73, 66, 61, 6, 47, 11, 99, 80, 9, 34, 11, 60, 38, 17, 79)(5, 48, 74, 37, 71, 63, 84, 73, 7, 55, 55, 70, 57, 19, 42, 55, 57)(21, 18, 52, 86, 51, 4, 93, 31, 70, 62, 33, 39, 80, 85, 56, 62, 36)(37, 3, 89, 63, 46, 72, 43, 28, 34, 23, 38, 90, 90, 81, 14, 45, 87)(55, 48, 41, 84, 69, 16, 17, 60, 86, 13, 23, 41, 65, 86, 97, 16, 72)(79, 96, 78, 39, 44, 47, 77, 89, 5, 40, 18, 15, 56, 68, 28, 56, 87)
line 9: nearestNeighbour (3,9,2,3,9,8,9,10,4,1,9,10,6,1,1,6,1)
(18, 18, 39, 59, 45, 39, 40, 81, 2, 9, 54, 54, 52, 40, 38, 10, 4)
line 10: kNearestNeighbour 1 (5,3,5,5,6,5,8,4,4,5,1,4,1,3,5,9,10)
(18, 18, 39, 59, 45, 39, 40, 81, 2, 9, 54, 54, 52, 40, 38, 10, 4)
line 11: nearestNeighbour (1,1,7,9,7,7,8,9,5,1,7,8,7,7,4,3,1)
(18, 18, 39, 59, 45, 39, 40, 81, 2, 9, 54, 54, 52, 40, 38, 10, 4)
line 12: kNearestNeighbour 3 (3,9,10,7,6,1,4,1,1,8,10,4,8,1,3,10,6)
(18, 18, 39, 59, 45, 39, 40, 81, 2, 9, 54, 54, 52, 40, 38, 10, 4)(17, 37, 63, 21, 16, 58, 15, 66, 59, 7, 58, 46, 81, 43, 29, 69, 1)(67, 70, 67, 43, 34, 13, 57, 36, 85, 54, 52, 22, 7, 60, 24, 84, 49)
line 13: nearestNeighbour (8,1,9,4,6,9,1,9,6,7,3,9,2,10,2,2,4)
(18, 18, 39, 59, 45, 39, 40, 81, 2, 9, 54, 54, 52, 40, 38, 10, 4)
line 14: nearestNeighbour (5,6,7,1,5,5,2,5,2,1,3,3,7,3,6,9,9)
(18, 18, 39, 59, 45, 39, 40, 81, 2, 9, 54, 54, 52, 40, 38, 10, 4)
line 15: nearestNeighbour (4,7,8,8,10,5,8,4,6,7,2,3,9,2,2,8,10)
(18, 18, 39, 59, 45, 39, 40, 81, 2, 9, 54, 54, 52, 40, 38, 10, 4)
line 16: nearestNeighbour (10,4,10,7,2,1,1,5,3,10,8,8,6,2,3,2,9)
(18, 18, 39, 59, 45, 39, 40, 81, 2, 9, 54, 54, 52, 40, 38, 10, 4)
line 17: kNearestNeighbour 7 (2,3,5,4,4,9,1,9,9,4,10,6,2,4,4,8,1)
(18, 18, 39, 59, 45, 39, 40, 81, 2, 9, 54, 54, 52, 40, 38, 10, 4)(17, 37, 63, 21, 16, 58, 15, 66, 59, 7, 58, 46, 81, 43, 29, 69, 1)(49, 87, 32, 31, 59, 14, 7, 72, 85, 42, 24, 84, 4, 59, 47, 40, 52)(67, 70, 67, 43, 34, 13, 57, 36, 85, 54, 52, 22, 7, 60, 24, 84, 49)(8, 56, 73, 66, 61, 6, 47, 11, 99, 80, 9, 34, 11, 60, 38, 17, 79)(5, 48, 74, 37, 71, 63, 84, 73, 7, 55, 55, 70, 57, 19, 42, 55, 57)(21, 18, 52, 86, 51, 4, 93, 31, 70, 62, 33, 39, 80, 85, 56, 62, 36)
line 18: nearestNeighbour (4,7,5,2,3,5,5,6,5,10,9,4,10,1,4,5,6)
(18, 18, 39, 59, 45, 39, 40, 81, 2, 9, 54, 54, 52, 40, 38, 10, 4)
line 19: kNearestNeighbour 2 (8,3,5,7,8,5,3,7,2,3,3,6,8,2,6,6,1)
(18, 18, 39, 59, 45, 39, 40, 81, 2, 9, 54, 54, 52, 40, 38, 10, 4)(17, 37, 63, 21, 16, 58, 15, 66, 59, 7, 58, 46, 81, 43, 29, 69, 1)
line 20: kNearestNeighbour 3 (9,7,6,3,7,1,7,1,8,6,2,7,5,4,4,8,5)
(18, 18, 39, 59, 45, 39, 40, 81, 2, 9, 54, 54, 52, 40, 38, 10, 4)(17, 37, 63, 21, 16, 58, 15, 66, 59, 7, 58, 46, 81, 43, 29, 69, 1)(49, 87, 32, 31, 59, 14, 7, 72, 85, 42, 24, 84, 4, 59, 47, 40, 52)
line 21: kNearestNeighbour 4 (8,9,6,10,3,9,6,6,10,2,10,5,6,9,8,9,1)
(18, 18, 39, 59, 45, 39, 40, 81, 2, 9, 54, 54, 52, 40, 38, 10, 4)(17, 37, 63, 21, 16, 58, 15, 66, 59, 7, 58, 46, 81, 43, 29, 69, 1)(49, 87, 32, 31, 59, 14, 7, 72, 85, 42, 24, 84, 4, 59, 47, 40, 52)(67, 70, 67, 43, 34, 13, 57, 36, 85, 54, 52, 22, 7, 60, 24, 84, 49)
line 22: nearestNeighbour (5,6,1,5,8,1,4,9,7,8,9,2,9,8,2,8,6)
(18, 18, 39, 59, 45, 39, 40, 81, 2, 9, 54, 54, 52, 40, 38, 10, 4)
line 23: kNearestNeighbour 1 (3,1,9,6,3,10,9,7,5,10,3,8,9,2,1,10,3)
(18, 18, 39, 59, 45, 39, 40, 81, 2, 9, 54, 54, 52, 40, 38, 10, 4)
line 24: kNearestNeighbour 9 (3,10,5,6,9,2,7,3,7,3,2,9,4,9,8,5,2)
(18, 18, 39, 59, 45, 39, 40, 81, 2, 9, 54, 54, 52, 40, 38, 10, 4)(17, 37, 63, 21, 16, 58, 15, 66, 59, 7, 58, 46, 81, 43, 29, 69, 1)(49, 87, 32, 31, 59, 14, 7, 72, 85, 42, 24, 84, 4, 59, 47, 40, 52)(8, 56, 73, 66, 61, 6, 47, 11, 99, 80, 9, 34, 11, 60, 38, 17, 79)(67, 70, 67, 43, 34, 13, 57, 36, 85, 54, 52, 22, 7, 60, 24, 84, 49)(5, 48, 74, 37, 71, 63, 84, 73, 7, 55, 55, 70, 57, 19, 42, 55, 57)(21, 18, 52, 86, 51, 4, 93, 31, 70, 62, 33, 39, 80, 85, 56, 62, 36)(55, 48, 41, 84, 69, 16, 17, 60, 86, 13, 23, 41, 65, 86, 97, 16, 72)(37, 3, 89, 63, 46, 72, 43, 28, 34, 23, 38, 90, 90, 81, 14, 45, 87)
line 25: nearestNeighbour (4,5,3,1,7,7,4,3,6,5,2,7,10,9,7,7,4)
(18, 18, 39, 59, 45, 39, 40, 81, 2, 9, 54, 54, 52, 40, 38, 10, 4)
line 26: nearestNeighbour (6,1,6,8,1,1,5,3,9,7,4,3,6,6,8,6,1)
(18, 18, 39, 59, 45, 39, 40, 81, 2, 9, 54, 54, 52, 40, 38, 10, 4)
line 27: nearestNeighbour (1,9,1,7,10,6,2,6,3,8,4,2,6,9,7,2,2)
(18, 18, 39, 59, 45, 39, 40, 81, 2, 9, 54, 54, 52, 40, 38, 10, 4)
line 28: nearestNeighbour (1,6,9,8,9,9,7,1,8,2,3,7,9,4,1,10,2)
(18, 18, 39, 59, 45, 39, 40, 81, 2, 9, 54, 54, 52, 40, 38, 10, 4)
line 29: nearestNeighbour (2,3,3,10,6,5,1,7,5,4,6,4,7,8,1,7,1)
(18, 18, 39, 59, 45, 39, 40, 81, 2, 9, 54, 54, 52, 40, 38, 10, 4)
line 30: kNearestNeighbour 1 (2,5,6,6,8,1,5,1,5,6,6,10,2,3,8,6,3)
(18, 18, 39, 59, 45, 39, 40, 81, 2, 9, 54, 54, 52, 40, 38, 10, 4)
line 31: nearestNeighbour (1,5,7,1,2,9,8,2,10,4,10,2,10,9,9,3,8)
(18, 18, 39, 59, 45, 39, 40, 81, 2, 9, 54, 54, 52, 40, 38, 10, 4)
line 32: kNearestNeighbour 8 (7,7,6,8,9,4,1,2,5,8,7,7,1,4,10,2,2)
(18, 18, 39, 59, 45, 39, 40, 81, 2, 9, 54, 54, 52, 40, 38, 10, 4)(17, 37, 63, 21, 16, 58, 15, 66, 59, 7, 58, 46, 81, 43, 29, 69, 1)(49, 87, 32, 31, 59, 14, 7, 72, 85, 42, 24, 84, 4, 59, 47, 40, 52)(8, 56, 73, 66, 61, 6, 47, 11, 99, 80, 9, 34, 11, 60, 38, 17, 79)(67, 70, 67, 43, 34, 13, 57, 36, 85, 54, 52, 22, 7, 60, 24, 84, 49)(5, 48, 74, 37, 71, 63, 84, 73, 7, 55, 55, 70, 57, 19, 42, 55, 57)(21, 18, 52, 86, 51, 4, 93, 31, 70, 62, 33, 39, 80, 85, 56, 62, 36)(55, 48, 41, 84, 69, 16, 17, 60, 86, 13, 23, 41, 65, 86, 97, 16, 72)
line 33: kNearestNeighbour 1 (8,7,2,6,5,1,4,8,7,8,8,6,2,7,6,4,1)
(18, 18, 39, 59, 45, 39, 40, 81, 2, 9, 54, 54, 52, 40, 38, 10, 4)
line 34: kNearestNeighbour 7 (1,1,3,1,4,7,9,4,2,1,6,1,5,9,3,3,6)
(18, 18, 39, 59, 45, 39, 40, 81, 2, 9, 54, 54, 52, 40, 38, 10, 4)(17, 37, 63, 21, 16, 58, 15, 66, 59, 7, 58, 46, 81, 43, 29, 69, 1)(49, 87, 32, 31, 59, 14, 7, 72, 85, 42, 24, 84, 4, 59, 47, 40, 52)(67, 70, 67, 43, 34, 13, 57, 36, 85, 54, 52, 22, 7, 60, 24, 84, 49)(8, 56, 73, 66, 61, 6, 47, 11, 99, 80, 9, 34, 11, 60, 38, 17, 79)(5, 48, 74, 37, 71, 63, 84, 73, 7, 55, 55, 70, 57, 19, 42, 55, 57)(21, 18, 52, 86, 51, 4, 93, 31, 70, 62, 33, 39, 80, 85, 56, 62, 36)
line 35: kNearestNeighbour 2 (6,2,1,5,10,6,8,8,8,9,4,5,8,8,9,1,1)
(18, 18, 39, 59, 45, 39, 40, 81, 2, 9, 54, 54, 52, 40, 38, 10, 4)(17, 37, 63, 21, 16, 58, 15, 66, 59, 7, 58, 46, 81, 43, 29, 69, 1)
line 36: kNearestNeighbour 5 (3,5,2,7,9,10,9,5,6,7,6,10,5,9,4,4,6)
(18, 18, 39, 59, 45, 39, 40, 81, 2, 9, 54, 54, 52, 40, 38, 10, 4)(17, 37, 63, 21, 16, 58, 15, 66, 59, 7, 58, 46, 81, 43, 29, 69, 1)(49, 87, 32, 31, 59, 14, 7, 72, 85, 42, 24, 84, 4, 59, 47, 40, 52)(8, 56, 73, 66, 61, 6, 47, 11, 99, 80, 9, 34, 11, 60, 38, 17, 79)(67, 70, 67, 43, 34, 13, 57, 36, 85, 54, 52, 22, 7, 60, 24, 84, 49)
line 37: kNearestNeighbour 9 (7,2,4,2,6,5,7,10,6,7,8,4,3,8,3,7,5)
(18, 18, 39, 59, 45, 39, 40, 81, 2, 9, 54, 54, 52, 40, 38, 10, 4)(17, 37, 63, 21, 16, 58, 15, 66, 59, 7, 58, 46, 81, 43, 29, 69, 1)(49, 87, 32, 31, 59, 14, 7, 72, 85, 42, 24, 84, 4, 59, 47, 40, 52)(67, 70, 67, 43, 34, 13, 57, 36, 85, 54, 52, 22, 7, 60, 24, 84, 49)(8, 56, 73, 66, 61, 6, 47, 11, 99, 80, 9, 34, 11, 60, 38, 17, 79)(5, 48, 74, 37, 71, 63, 84, 73, 7, 55, 55, 70, 57, 19, 42, 55, 57)(21, 18, 52, 86, 51, 4, 93, 31, 70, 62, 33, 39, 80, 85, 56, 62, 36)(37, 3, 89, 63, 46, 72, 43, 28, 34, 23, 38, 90, 90, 81, 14, 45, 87)(55, 48, 41, 84, 69, 16, 17, 60, 86, 13, 23, 41, 65, 86, 97, 16, 72)
line 38: nearestNeighbour (4,4,9,9,1,9,2,8,3,1,2,2,6,7,3,1,8)
(18, 18, 39, 59, 45, 39, 40, 81, 2, 9, 54, 54, 52, 40, 38, 10, 4)
line 39: kNearestNeighbour 1 (3,2,5,5,10,8,2,5,4,2,9,4,1,6,5,2,5)
(18, 18, 39, 59, 45, 39, 40, 81, 2, 9, 54, 54, 52, 40, 38, 10, 4)
line 40: nearestNeighbour (8,4,1,10,5,3,2,7,10,2,6,9,5,9,4,2,7)
(18, 18, 39, 59, 45, 39, 40, 81, 2, 9, 54, 54, 52, 40, 38, 10, 4)
line 41: nearestNeighbour (4,7,8,1,9,6,2,7,5,3,8,10,4,3,2,10,2)
(18, 18, 39, 59, 45, 39, 40, 81, 2, 9, 54, 54, 52, 40, 38, 10, 4)
line 42: kNearestNeighbour 10 (1,3,3,8,10,3,9,9,8,3,10,5,10,7,2,6,10)
(18, 18, 39, 59, 45, 39, 40, 81, 2, 9, 54, 54, 52, 40, 38, 10, 4)(17, 37, 63, 21, 16, 58, 15, 66, 59, 7, 58, 46, 81, 43, 29, 69, 1)(49, 87, 32, 31, 59, 14, 7, 72, 85, 42, 24, 84, 4, 59, 47, 40, 52)(8, 56, 73, 66, 61, 6, 47, 11, 99, 80, 9, 34, 11, 60, 38, 17, 79)(67, 70, 67, 43, 34, 13, 57, 36, 85, 54, 52, 22, 7, 60, 24, 84, 49)(5, 48, 74, 37, 71, 63, 84, 73, 7, 55, 55, 70, 57, 19, 42, 55, 57)(21, 18, 52, 86, 51, 4, 93, 31, 70, 62, 33, 39, 80, 85, 56, 62, 36)(37, 3, 89, 63, 46, 72, 43, 28, 34, 23, 38, 90, 90, 81, 14, 45, 87)(55, 48, 41, 84, 69, 16, 17, 60, 86, 13, 23, 41, 65, 86, 97, 16, 72)(2, 95, 82, 88, 67, 14, 26, 4, 10, 9, 96, 79, 25, 83, 74, 13, 57)
line 43: nearestNeighbour (2,6,4,2,3,7,3,6,7,8,8,9,10,10,7,5,2)
(18, 18, 39, 59, 45, 39, 40, 81, 2, 9, 54, 54, 52, 40, 38, 10, 4)
line 44: nearestNeighbour (5,10,2,5,10,4,5,6,4,9,10,2,3,6,8,10,7)
(18, 18, 39, 59, 45, 39, 40, 81, 2, 9, 54, 54, 52, 40, 38, 10, 4)
line 45: kNearestNeighbour 9 (8,8,2,6,2,6,9,5,9,9,1,9,8,7,5,9,8)
(18, 18, 39, 59, 45, 39, 40, 81, 2, 9, 54, 54, 52, 40, 38, 10, 4)(17, 37, 63, 21, 16, 58, 15, 66, 59, 7, 58, 46, 81, 43, 29, 69, 1)(49, 87, 32, 31, 59, 14, 7, 72, 85, 42, 24, 84, 4, 59, 47, 40, 52)(67, 70, 67, 43, 34, 13, 57, 36, 85, 54, 52, 22, 7, 60, 24, 84, 49)(8, 56, 73, 66, 61, 6, 47, 11, 99, 80, 9, 34, 11, 60, 38, 17, 79)(5, 48, 74, 37, 71, 63, 84, 73, 7, 55, 55, 70, 57, 19, 42, 55, 57)(21, 18, 52, 86, 51, 4, 93, 31, 70, 62, 33, 39, 80, 85, 56, 62, 36)(37, 3, 89, 63, 46, 72, 43, 28, 34, 23, 38, 90, 90, 81, 14, 45, 87)(55, 48, 41, 84, 69, 16, 17, 60, 86, 13, 23, 41, 65, 86, 97, 16, 72)
line 46: nearestNeighbour (3,8,3,7,3,9,4,1,9,9,1,9,8,9,4,1,2)
(18, 18, 39, 59, 45, 39, 40, 81, 2, 9, 54, 54, 52, 40, 38, 10, 4)
line 47: nearestNeighbour (5,3,2,5,1,8,9,5,3,5,7,8,2,5,6,9,4)
(18, 18, 39, 59, 45, 39, 40, 81, 2, 9, 54, 54, 52, 40, 38, 10, 4)
line 48: nearestNeighbour (8,2,3,1,10,1,8,1,10,4,7,1,4,1,4,1,10)
(18, 18, 39, 59, 45, 39, 40, 81, 2, 9, 54, 54, 52, 40, 38, 10, 4)
line 49: nearestNeighbour (8,3,4,2,3,4,9,8,7,6,9,9,5,10,4,1,2)
(18, 18, 39, 59, 45, 39, 40, 81, 2, 9, 54, 54, 52, 40, 38, 10, 4)
line 50: kNearestNeighbour 10 (3,8,4,9,3,7,6,3,8,6,1,2,7,2,9,4,5)
(18, 18, 39, 59, 45, 39, 40, 81, 2, 9, 54, 54, 52, 40, 38, 10, 4)(17, 37, 63, 21, 16, 58, 15, 66, 59, 7, 58, 46, 81, 43, 29, 69, 1)(8, 56, 73, 66, 61, 6, 47, 11, 99, 80, 9, 34, 11, 60, 38, 17, 79)(49, 87, 32, 31, 59, 14, 7, 72, 85, 42, 24, 84, 4, 59, 47, 40, 52)(67, 70, 67, 43, 34, 13, 57, 36, 85, 54, 52, 22, 7, 60, 24, 84, 49)(5, 48, 74, 37, 71, 63, 84, 73, 7, 55, 55, 70, 57, 19, 42, 55, 57)(21, 18, 52, 86, 51, 4, 93, 31, 70, 62, 33, 39, 80, 85, 56, 62, 36)(55, 48, 41, 84, 69, 16, 17, 60, 86, 13, 23, 41, 65, 86, 97, 16, 72)(37, 3, 89, 63, 46, 72, 43, 28, 34, 23, 38, 90, 90, 81, 14, 45, 87)(2, 95, 82, 88, 67, 14, 26, 4, 10, 9, 96, 79, 25, 83, 74, 13, 57)
line 51: nearestNeighbour (6,5,10,3,3,5,2,5,5,10,7,2,10,1,4,7,5)
(18, 18, 39, 59, 45, 39, 40, 81, 2, 9, 54, 54, 52, 40, 38, 10, 4)
line 52: kNearestNeighbour 10 (7,5,4,8,3,8,9,3,6,7,5,10,3,1,8,10,1)
(18, 18, 39, 59, 45, 39, 40, 81, 2, 9, 54, 54, 52, 40, 38, 10, 4)(17, 37, 63, 21, 16, 58, 15, 66, 59, 7, 58, 46, 81, 43, 29, 69, 1)(49, 87, 32, 31, 59, 14, 7, 72, 85, 42, 24, 84, 4, 59, 47, 40, 52)(67, 70, 67, 43, 34, 13, 57, 36, 85, 54, 52, 22, 7, 60, 24, 84, 49)(8, 56, 73, 66, 61, 6, 47, 11, 99, 80, 9, 34, 11, 60, 38, 17, 79)(5, 48, 74, 37, 71, 63, 84, 73, 7, 55, 55, 70, 57, 19, 42, 55, 57)(21, 18, 52, 86, 51, 4, 93, 31, 70, 62, 33, 39, 80, 85, 56, 62, 36)(37, 3, 89, 63, 46, 72, 43, 28, 34, 23, 38, 90, 90, 81, 14, 45, 87)(55, 48, 41, 84, 69, 16, 17, 60, 86, 13, 23, 41, 65, 86, 97, 16, 72)(2, 95, 82, 88, 67, 14, 26, 4, 10, 9, 96, 79, 25, 83, 74, 13, 57)
line 53: nearestNeighbour (6,9,4,5,10,5,3,10,3,9,9,2,3,1,5,10,3)
(18, 18, 39, 59, 45, 39, 40, 81, 2, 9, 54, 54, 52, 40, 38, 10, 4)
line 54: nearestNeighbour (1,3,7,6,1,7,4,1,2,7,8,5,9,8,7,9,9)
(18, 18, 39, 59, 45, 39, 40, 81, 2, 9, 54, 54, 52, 40, 38, 10, 4)
line 55: kNearestNeighbour 5 (6,9,3,8,5,1,8,5,5,4,5,1,4,9,10,2,2)
(18, 18, 39, 59, 45, 39, 40, 81, 2, 9, 54, 54, 52, 40, 38, 10, 4)(17, 37, 63, 21, 16, 58, 15, 66, 59, 7, 58, 46, 81, 43, 29, 69, 1)(49, 87, 32, 31, 59, 14, 7, 72, 85, 42, 24, 84, 4, 59, 47, 40, 52)(67, 70, 67, 43, 34, 13, 57, 36, 85, 54, 52, 22, 7, 60, 24, 84, 49)(8, 56, 73, 66, 61, 6, 47, 11, 99, 80, 9, 34, 11, 60, 38, 17, 79)
line 56: kNearestNeighbour 3 (6,7,3,5,1,5,9,8,7,10,2,4,4,5,7,9,9)
(18, 18, 39, 59, 45, 39, 40, 81, 2, 9, 54, 54, 52, 40, 38, 10, 4)(17, 37, 63, 21, 16, 58, 15, 66, 59, 7, 58, 46, 81, 43, 29, 69, 1)(49, 87, 32, 31, 59, 14, 7, 72, 85, 42, 24, 84, 4, 59, 47, 40, 52)
line 57: nearestNeighbour (1,8,9,9,6,7,5,10,7,3,3,4,8,10,10,1,8)
(18, 18, 39, 59, 45, 39, 40, 81, 2, 9, 54, 54, 52, 40, 38, 10, 4)
line 58: kNearestNeighbour 3 (4,7,2,4,7,6,7,4,6,2,9,10,2,9,5,4,7)
(18, 18, 39, 59, 45, 39, 40, 81, 2, 9, 54, 54, 52, 40, 38, 10, 4)(17, 37, 63, 21, 16, 58, 15, 66, 59, 7, 58, 46, 81, 43, 29, 69, 1)(49, 87, 32, 31, 59, 14, 7, 72, 85, 42, 24, 84, 4, 59, 47, 40, 52)
line 59: nearestNeighbour (10,2,3,10,9,4,4,6,7,6,5,5,8,5,10,8,5)
(18, 18, 39, 59, 45, 39, 40, 81, 2, 9, 54, 54, 52, 40, 38, 10, 4)
line 60: kNearestNeighbour 6 (4,7,9,7,6,4,4,6,8,6,4,2,8,6,6,8,10)
(18, 18, 39, 59, 45, 39, 40, 81, 2, 9, 54, 54, 52, 40, 38, 10, 4)(17, 37, 63, 21, 16, 58, 15, 66, 59, 7, 58, 46, 81, 43, 29, 69, 1)(49, 87, 32, 31, 59, 14, 7, 72, 85, 42, 24, 84, 4, 59, 47, 40, 52)(8, 56, 73, 66, 61, 6, 47, 11, 99, 80, 9, 34, 11, 60, 38, 17, 79)(67, 70, 67, 43, 34, 13, 57, 36, 85, 54, 52, 22, 7, 60, 24, 84, 49)(5, 48, 74, 37, 71, 63, 84, 73, 7, 55, 55, 70, 57, 19, 42, 55, 57)
line 61: nearestNeighbour (3,5,4,10,5,9,7,4,3,1,7,2,2,3,9,3,3)
(18, 18, 39, 59, 45, 39, 40, 81, 2, 9, 54, 54, 52, 40, 38, 10, 4)
line 62: nearestNeighbour (4,4,1,7,8,6,5,6,10,6,5,4,3,7,9,2,2)
(18, 18, 39, 59, 45, 39, 40, 81, 2, 9, 54, 54, 52, 40, 38, 10, 4)
line 63: kNearestNeighbour 8 (1,6,6,5,6,5,6,3,2,10,1,7,5,5,7,6,9)
(18, 18, 39, 59, 45, 39, 40, 81, 2, 9, 54, 54, 52, 40, 38, 10, 4)(17, 37, 63, 21, 16, 58, 15, 66, 59, 7, 58, 46, 81, 43, 29, 69, 1)(8, 56, 73, 66, 61, 6, 47, 11, 99, 80, 9, 34, 11, 60, 38, 17, 79)(49, 87, 32, 31, 59, 14, 7, 72, 85, 42, 24, 84, 4, 59, 47, 40, 52)(67, 70, 67, 43, 34, 13, 57, 36, 85, 54, 52, 22, 7, 60, 24, 84, 49)(5, 48, 74, 37, 71, 63, 84, 73, 7, 55, 55, 70, 57, 19, 42, 55, 57)(21, 18, 52, 86, 51, 4, 93, 31, 70, 62, 33, 39, 80, 85, 56, 62, 36)(37, 3, 89, 63, 46, 72, 43, 28, 34, 23, 38, 90, 90, 81, 14, 45, 87)
line 64: nearestNeighbour (10,2,2,1,9,7,7,6,3,8,4,10,10,9,8,3,9)
(18, 18, 39, 59, 45, 39, 40, 81, 2, 9, 54, 54, 52, 40, 38, 10, 4)
line 65: nearestNeighbour (9,8,10,1,9,1,9,6,1,6,5,6,2,9,4,1,1)
(18, 18, 39, 59, 45, 39, 40, 81, 2, 9, 54, 54, 52, 40, 38, 10, 4)
line 66: kNearestNeighbour 5 (8,4,3,5,7,4,7,1,5,7,8,5,2,5,5,9,5)
(18, 18, 39, 59, 45, 39, 40, 81, 2, 9, 54, 54, 52, 40, 38, 10, 4)(17, 37, 63, 21, 16, 58, 15, 66, 59, 7, 58, 46, 81, 43, 29, 69, 1)(67, 70, 67, 43, 34, 13, 57, 36, 85, 54, 52, 22, 7, 60, 24, 84, 49)(49, 87, 32, 31, 59, 14, 7, 72, 85, 42, 24, 84, 4, 59, 47, 40, 52)(8, 56, 73, 66, 61, 6, 47, 11, 99, 80, 9, 34, 11, 60, 38, 17, 79)
line 67: kNearestNeighbour 6 (7,1,5,10,1,2,3,3,7,2,2,7,3,3,3,1,7)
(18, 18, 39, 59, 45, 39, 40, 81, 2, 9, 54, 54, 52, 40, 38, 10, 4)(17, 37, 63, 21, 16, 58, 15, 66, 59, 7, 58, 46, 81, 43, 29, 69, 1)(49, 87, 32, 31, 59, 14, 7, 72, 85, 42, 24, 84, 4, 59, 47, 40, 52)(8, 56, 73, 66, 61, 6, 47, 11, 99, 80, 9, 34, 11, 60, 38, 17, 79)(67, 70, 67, 43, 34, 13, 57, 36, 85, 54, 52, 22, 7, 60, 24, 84, 49)(5, 48, 74, 37, 71, 63, 84, 73, 7, 55, 55, 70, 57, 19, 42, 55, 57)
line 68: nearestNeighbour (9,8,10,6,5,8,8,4,2,1,1,3,10,1,2,7,7)
(18, 18, 39, 59, 45, 39, 40, 81, 2, 9, 54, 54, 52, 40, 38, 10, 4)
line 69: nearestNeighbour (2,10,9,4,7,10,3,5,9,9,3,8,4,8,6,10,6)
(18, 18, 39, 59, 45, 39, 40, 81, 2, 9, 54, 54, 52, 40, 38, 10, 4)
line 70: kNearestNeighbour 6 (5,7,8,8,3,7,6,6,4,2,8,4,3,10,8,7,7)
(18, 18, 39, 59, 45, 39, 40, 81, 2, 9, 54, 54, 52, 40, 38, 10, 4)(17, 37, 63, 21, 16, 58, 15, 66, 59, 7, 58, 46, 81, 43, 29, 69, 1)(49, 87, 32, 31, 59, 14, 7, 72, 85, 42, 24, 84, 4, 59, 47, 40, 52)(67, 70, 67, 43, 34, 13, 57, 36, 85, 54, 52, 22, 7, 60, 24, 84, 49)(8, 56, 73, 66, 61, 6, 47, 11, 99, 80, 9, 34, 11, 60, 38, 17, 79)(5, 48, 74, 37, 71, 63, 84, 73, 7, 55, 55, 70, 57, 19, 42, 55, 57)
line 71: nearestNeighbour (8,7,4,4,6,5,2,1,9,10,8,5,2,5,7,2,8)
(18, 18, 39, 59, 45, 39, 40, 81, 2, 9, 54, 54, 52, 40, 38, 10, 4)
line 72: nearestNeighbour (4,8,7,7,6,2,9,4,4,4,10,10,5,6,5,9,10)
(18, 18, 39, 59, 45, 39, 40, 81, 2, 9, 54, 54, 52, 40, 38, 10, 4)
line 73: nearestNeighbour (7,1,10,10,5,9,2,10,4,2,3,2,2,10,9,9,5)
(18, 18, 39, 59, 45, 39, 40, 81, 2, 9, 54, 54, 52, 40, 38, 10, 4)
line 74: kNearestNeighbour 3 (4,6,9,6,1,6,1,3,3,1,1,5,6,8,5,10,8)
(18, 18, 39, 59, 45, 39, 40, 81, 2, 9, 54, 54, 52, 40, 38, 10, 4)(17, 37, 63, 21, 16, 58, 15, 66, 59, 7, 58, 46, 81, 43, 29, 69, 1)(49, 87, 32, 31, 59, 14, 7, 72, 85, 42, 24, 84, 4, 59, 47, 40, 52)
line 75: kNearestNeighbour 10 (5,8,6,4,1,3,8,2,7,9,7,6,9,6,6,4,5)
(18, 18, 39, 59, 45, 39, 40, 81, 2, 9, 54, 54, 52, 40, 38, 10, 4)(17, 37, 63, 21, 16, 58, 15, 66, 59, 7, 58, 46, 81, 43, 29, 69, 1)(49, 87, 32, 31, 59, 14, 7, 72, 85, 42, 24, 84, 4, 59, 47, 40, 52)(67, 70, 67, 43, 34, 13, 57, 36, 85, 54, 52, 22, 7, 60, 24, 84, 49)(8, 56, 73, 66, 61, 6, 47, 11, 99, 80, 9, 34, 11, 60, 38, 17, 79)(5, 48, 74, 37, 71, 63, 84, 73, 7, 55, 55, 70, 57, 19, 42, 55, 57)(21, 18, 52, 86, 51, 4, 93, 31, 70, 62, 33, 39, 80, 85, 56, 62, 36)(37, 3, 89, 63, 46, 72, 43, 28, 34, 23, 38, 90, 90, 81, 14, 45, 87)(55, 48, 41, 84, 69, 16, 17, 60, 86, 13, 23, 41, 65, 86, 97, 16, 72)(2, 95, 82, 88, 67, 14, 26, 4, 10, 9, 96, 79, 25, 83, 74, 13, 57)
line 76: nearestNeighbour (10,8,5,4,4,5,1,9,10,6,2,3,5,1,2,10,10)
(18, 18, 39, 59, 45, 39, 40, 81, 2, 9, 54, 54, 52, 40, 38, 10, 4)
line 77: kNearestNeighbour 6 (5,6,10,1,9,3,5,2,5,1,10,7,8,3,9,9,2)
(18, 18, 39, 59, 45, 39, 40, 81, 2, 9, 54, 54, 52, 40, 38, 10, 4)(17, 37, 63, 21, 16, 58, 15, 66, 59, 7, 58, 46, 81, 43, 29, 69, 1)(49, 87, 32, 31, 59, 14, 7, 72, 85, 42, 24, 84, 4, 59, 47, 40, 52)(67, 70, 67, 43, 34, 13, 57, 36, 85, 54, 52, 22, 7, 60, 24, 84, 49)(8, 56, 73, 66, 61, 6, 47, 11, 99, 80, 9, 34, 11, 60, 38, 17, 79)(5, 48, 74, 37, 71, 63, 84, 73, 7, 55, 55, 70, 57, 19, 42, 55, 57)
line 78: nearestNeighbour (1,10,10,5,2,1,7,3,6,10,2,4,8,6,10,10,5)
(18, 18, 39, 59, 45, 39, 40, 81, 2, 9, 54, 54, 52, 40, 38, 10, 4)
line 79: nearestNeighbour (8,5,7,10,7,2,4,6,10,2,3,1,4,9,3,7,10)
(18, 18, 39, 59, 45, 39, 40, 81, 2, 9, 54, 54, 52, 40, 38, 10, 4)
line 80: kNearestNeighbour 9 (9,4,6,4,3,2,4,10,9,8,10,1,5,6,6,2,2)
(18, 18, 39, 59, 45, 39, 40, 81, 2, 9, 54, 54, 52, 40, 38, 10, 4)(17, 37, 63, 21, 16, 58, 15, 66, 59, 7, 58, 46, 81, 43, 29, 69, 1)(49, 87, 32, 31, 59, 14, 7, 72, 85, 42, 24, 84, 4, 59, 47, 40, 52)(67, 70, 67, 43, 34, 13, 57, 36, 85, 54, 52, 22, 7, 60, 24, 84, 49)(8, 56, 73, 66, 61, 6, 47, 11, 99, 80, 9, 34, 11, 60, 38, 17, 79)(5, 48, 74, 37, 71, 63, 84, 73, 7, 55, 55, 70, 57, 19, 42, 55, 57)(21, 18, 52, 86, 51, 4, 93, 31, 70, 62, 33, 39, 80, 85, 56, 62, 36)(55, 48, 41, 84, 69, 16, 17, 60, 86, 13, 23, 41, 65, 86, 97, 16, 72)(37, 3, 89, 63, 46, 72, 43, 28, 34, 23, 38, 90, 90, 81, 14, 45, 87)
line 81: nearestNeighbour (7,1,10,4,10,5,2,1,3,7,6,2,9,3,4,4,4)
(18, 18, 39, 59, 45, 39, 40, 81, 2, 9, 54, 54, 52, 40, 38, 10, 4)
line 82: kNearestNeighbour 5 (8,7,2,3,3,1,5,8,1,1,10,5,3,1,9,3,6)
(18, 18, 39, 59, 45, 39, 40, 81, 2, 9, 54, 54, 52, 40, 38, 10, 4)(17, 37, 63, 21, 16, 58, 15, 66, 59, 7, 58, 46, 81, 43, 29, 69, 1)(49, 87, 32, 31, 59, 14, 7, 72, 85, 42, 24, 84, 4, 59, 47, 40, 52)(67, 70, 67, 43, 34, 13, 57, 36, 85, 54, 52, 22, 7, 60, 24, 84, 49)(8, 56, 73, 66, 61, 6, 47, 11, 99, 80, 9, 34, 11, 60, 38, 17, 79)
line 83: nearestNeighbour (9,5,1,2,7,8,3,7,7,6,9,7,2,8,10,10,4)
(18, 18, 39, 59, 45, 39, 40, 81, 2, 9, 54, 54, 52, 40, 38, 10, 4)
line 84: kNearestNeighbour 2 (2,5,2,10,10,6,5,10,10,8,2,1,1,1,9,2,9)
(18, 18, 39, 59, 45, 39, 40, 81, 2, 9, 54, 54, 52, 40, 38, 10, 4)(17, 37, 63, 21, 16, 58, 15, 66, 59, 7, 58, 46, 81, 43, 29, 69, 1)
line 85: kNearestNeighbour 8 (3,9,9,7,5,1,3,6,7,4,7,6,4,8,7,10,4)
(18, 18, 39, 59, 45, 39, 40, 81, 2, 9, 54, 54, 52, 40, 38, 10, 4)(17, 37, 63, 21, 16, 58, 15, 66, 59, 7, 58, 46, 81, 43, 29, 69, 1)(49, 87, 32, 31, 59, 14, 7, 72, 85, 42, 24, 84, 4, 59, 47, 40, 52)(67, 70, 67, 43, 34, 13, 57, 36, 85, 54, 52, 22, 7, 60, 24, 84, 49)(8, 56, 73, 66, 61, 6, 47, 11, 99, 80, 9, 34, 11, 60, 38, 17, 79)(5, 48, 74, 37, 71, 63, 84, 73, 7, 55, 55, 70, 57, 19, 42, 55, 57)(21, 18, 52, 86, 51, 4, 93, 31, 70, 62, 33, 39, 80, 85, 56, 62, 36)(55, 48, 41, 84, 69, 16, 17, 60, 86, 13, 23, 41, 65, 86, 97, 16, 72)
line 86: kNearestNeighbour 8 (7,10,3,7,5,4,10,10,6,5,3,4,9,2,7,6,4)
(18, 18, 39, 59, 45, 39, 40, 81, 2, 9, 54, 54, 52, 40, 38, 10, 4)(17, 37, 63, 21, 16, 58, 15, 66, 59, 7, 58, 46, 81, 43, 29, 69, 1)(49, 87, 32, 31, 59, 14, 7, 72, 85, 42, 24, 84, 4, 59, 47, 40, 52)(67, 70, 67, 43, 34, 13, 57, 36, 85, 54, 52, 22, 7, 60, 24, 84, 49)(8, 56, 73, 66, 61, 6, 47, 11, 99, 80, 9, 34, 11, 60, 38, 17, 79)(5, 48, 74, 37, 71, 63, 84, 73, 7, 55, 55, 70, 57, 19, 42, 55, 57)(21, 18, 52, 86, 51, 4, 93, 31, 70, 62, 33, 39, 80, 85, 56, 62, 36)(55, 48, 41, 84, 69, 16, 17, 60, 86, 13, 23, 41, 65, 86, 97, 16, 72)
line 87: nearestNeighbour (4,4,7,5,10,5,7,9,6,7,4,2,5,3,4,4,9)
(18, 18, 39, 59, 45, 39, 40, 81, 2, 9, 54, 54, 52, 40, 38, 10, 4)
line 88: kNearestNeighbour 3 (10,9,5,3,10,4,4,4,10,10,8,3,1,1,9,2,7)
(18, 18, 39, 59, 45, 39, 40, 81, 2, 9, 54, 54, 52, 40, 38, 10, 4)(17, 37, 63, 21, 16, 58, 15, 66, 59, 7, 58, 46, 81, 43, 29, 69, 1)(49, 87, 32, 31, 59, 14, 7, 72, 85, 42, 24, 84, 4, 59, 47, 40, 52)
line 89: kNearestNeighbour 5 (4,10,10,5,5,3,8,3,2,9,1,8,4,3,2,7,7)
(18, 18, 39, 59, 45, 39, 40, 81, 2, 9, 54, 54, 52, 40, 38, 10, 4)(17, 37, 63, 21, 16, 58, 15, 66, 59, 7, 58, 46, 81, 43, 29, 69, 1)(49, 87, 32, 31, 59, 14, 7, 72, 85, 42, 24, 84, 4, 59, 47, 40, 52)(8, 56, 73, 66, 61, 6, 47, 11, 99, 80, 9, 34, 11, 60, 38, 17, 79)(67, 70, 67, 43, 34, 13, 57, 36, 85, 54, 52, 22, 7, 60, 24, 84, 49)
line 90: nearestNeighbour (9,1,9,7,5,4,7,8,1,9,10,7,6,10,1,10,2)
(18, 18, 39, 59, 45, 39, 40, 81, 2, 9, 54, 54, 52, 40, 38, 10, 4)
line 91: nearestNeighbour (9,10,6,4,1,4,6,5,6,8,2,7,4,1,9,1,4)
(18, 18, 39, 59, 45, 39, 40, 81, 2, 9, 54, 54, 52, 40, 38, 10, 4)
line 92: nearestNeighbour (8,2,9,6,10,10,3,4,7,7,3,3,8,9,7,10,10)
(18, 18, 39, 59, 45, 39, 40, 81, 2, 9, 54, 54, 52, 40, 38, 10, 4)
line 93: kNearestNeighbour 5 (10,10,1,9,6,1,3,1,4,9,7,8,10,3,5,1,4)
(18, 18, 39, 59, 45, 39, 40, 81, 2, 9, 54, 54, 52, 40, 38, 10, 4)(17, 37, 63, 21, 16, 58, 15, 66, 59, 7, 58, 46, 81, 43, 29, 69, 1)(49, 87, 32, 31, 59, 14, 7, 72, 85, 42, 24, 84, 4, 59, 47, 40, 52)(8, 56, 73, 66, 61, 6, 47, 11, 99, 80, 9, 34, 11, 60, 38, 17, 79)(67, 70, 67, 43, 34, 13, 57, 36, 85, 54, 52, 22, 7, 60, 24, 84, 49)
line 94: nearestNeighbour (4,2,4,7,10,9,1,7,9,4,1,10,6,9,4,10,2)
(18, 18, 39, 59, 45, 39, 40, 81, 2, 9, 54, 54, 52, 40, 38, 10, 4)
line 95: nearestNeighbour (5,7,9,10,10,6,2,5,6,1,2,5,2,8,2,9,10)
(18, 18, 39, 59, 45, 39, 40, 81, 2, 9, 54, 54, 52, 40, 38, 10, 4)
line 96: kNearestNeighbour 10 (10,4,2,10,1,4,1,10,3,4,9,8,9,10,1,8,8)
(18, 18, 39, 59, 45, 39, 40, 81, 2, 9, 54, 54, 52, 40, 38, 10, 4)(17, 37, 63, 21, 16, 58, 15, 66, 59, 7, 58, 46, 81, 43, 29, 69, 1)(49, 87, 32, 31, 59, 14, 7, 72, 85, 42, 24, 84, 4, 59, 47, 40, 52)(67, 70, 67, 43, 34, 13, 57, 36, 85, 54, 52, 22, 7, 60, 24, 84, 49)(8, 56, 73, 66, 61, 6, 47, 11, 99, 80, 9, 34, 11, 60, 38, 17, 79)(5, 48, 74, 37, 71, 63, 84, 73, 7, 55, 55, 70, 57, 19, 42, 55, 57)(21, 18, 52, 86, 51, 4, 93, 31, 70, 62, 33, 39, 80, 85, 56, 62, 36)(37, 3, 89, 63, 46, 72, 43, 28, 34, 23, 38, 90, 90, 81, 14, 45, 87)(55, 48, 41, 84, 69, 16, 17, 60, 86, 13, 23, 41, 65, 86, 97, 16, 72)(79, 96, 78, 39, 44, 47, 77, 89, 5, 40, 18, 15, 56, 68, 28, 56, 87)
line 97: nearestNeighbour (2,6,8,1,6,3,7,2,10,10,5,6,4,2,7,8,10)
(18, 18, 39, 59, 45, 39, 40, 81, 2, 9, 54, 54, 52, 40, 38, 10, 4)
line 98: kNearestNeighbour 3 (3,2,1,10,10,3,10,5,8,10,9,3,5,1,3,5,2)
(18, 18, 39, 59, 45, 39, 40, 81, 2, 9, 54, 54, 52, 40, 38, 10, 4)(17, 37, 63, 21, 16, 58, 15, 66, 59, 7, 58, 46, 81, 43, 29, 69, 1)(8, 56, 73, 66, 61, 6, 47, 11, 99, 80, 9, 34, 11, 60, 38, 17, 79)
line 99: nearestNeighbour (10,9,5,7,8,3,7,6,9,1,5,8,9,6,2,8,6)
(18, 18, 39, 59, 45, 39, 40, 81, 2, 9, 54, 54, 52, 40, 38, 10, 4)
line 100: kNearestNeighbour 6 (10,7,4,9,8,4,5,8,9,9,9,10,4,7,10,3,9)
(18, 18, 39, 59, 45, 39, 40, 81, 2, 9, 54, 54, 52, 40, 38, 10, 4)(17, 37, 63, 21, 16, 58, 15, 66, 59, 7, 58, 46, 81, 43, 29, 69, 1)(49, 87, 32, 31, 59, 14, 7, 72, 85, 42, 24, 84, 4, 59, 47, 40, 52)(8, 56, 73, 66, 61, 6, 47, 11, 99, 80, 9, 34, 11, 60, 38, 17, 79)(67, 70, 67, 43, 34, 13, 57, 36, 85, 54, 52, 22, 7, 60, 24, 84, 49)(5, 48, 74, 37, 71, 63, 84, 73, 7, 55, 55, 70, 57, 19, 42, 55, 57)
line 101: nearestNeighbour (4,8,6,8,10,4,1,3,1,10,9,5,2,10,7,2,8)
(18, 18, 39, 59, 45, 39, 40, 81, 2, 9, 54, 54, 52, 40, 38, 10, 4)
line 102: nearestNeighbour (10,3,2,3,7,3,10,6,9,8,10,8,8,5,7,2,8)
(18, 18, 39, 59, 45, 39, 40, 81, 2, 9, 54, 54, 52, 40, 38, 10, 4)
line 103: nearestNeighbour (1,9,4,1,9,1,7,3,6,3,3,9,4,1,6,10,2)
(18, 18, 39, 59, 45, 39, 40, 81, 2, 9, 54, 54, 52, 40, 38, 10, 4)
line 104: nearestNeighbour (3,9,4,1,5,3,2,4,10,6,1,8,9,2,9,6,7)
(18, 18, 39, 59, 45, 39, 40, 81, 2, 9, 54, 54, 52, 40, 38, 10, 4)
line 105: nearestNeighbour (9,7,2,3,2,4,4,9,3,1,4,7,1,5,5,10,9)
(18, 18, 39, 59, 45, 39, 40, 81, 2, 9, 54, 54, 52, 40, 38, 10, 4)
line 106: kNearestNeighbour 4 (10,1,2,7,5,5,2,6,9,3,3,4,10,8,2,1,10)
(18, 18, 39, 59, 45, 39, 40, 81, 2, 9, 54, 54, 52, 40, 38, 10, 4)(17, 37, 63, 21, 16, 58, 15, 66, 59, 7, 58, 46, 81, 43, 29, 69, 1)(49, 87, 32, 31, 59, 14, 7, 72, 85, 42, 24, 84, 4, 59, 47, 40, 52)(8, 56, 73, 66, 61, 6, 47, 11, 99, 80, 9, 34, 11, 60, 38, 17, 79)
line 107: kNearestNeighbour 3 (6,5,8,10,3,4,4,4,1,10,5,10,1,7,7,1,6)
(18, 18, 39, 59, 45, 39, 40, 81, 2, 9, 54, 54, 52, 40, 38, 10, 4)(17, 37, 63, 21, 16, 58, 15, 66, 59, 7, 58, 46, 81, 43, 29, 69, 1)(49, 87, 32, 31, 59, 14, 7, 72, 85, 42, 24, 84, 4, 59, 47, 40, 52)
line 108: nearestNeighbour (6,7,3,1,3,5,6,1,5,1,1,4,4,8,7,4,3)
(18, 18, 39, 59, 45, 39, 40, 81, 2, 9, 54, 54, 52, 40, 38, 10, 4)
line 109: nearestNeighbour (8,3,5,10,6,2,4,8,2,5,5,5,2,3,2,6,10)
(18, 18, 39, 59, 45, 39, 40, 81, 2, 9, 54, 54, 52, 40, 38, 10, 4)
line 110: kNearestNeighbour 2 (4,3,2,2,5,8,6,5,2,8,3,7,9,9,10,8,10)
(18, 18, 39, 59, 45, 39, 40, 81, 2, 9, 54, 54, 52, 40, 38, 10, 4)(17, 37, 63, 21, 16, 58, 15, 66, 59, 7, 58, 46, 81, 43, 29, 69, 1)
line 111: kNearestNeighbour 8 (3,5,5,6,3,2,10,3,10,7,2,6,4,2,5,5,1)
(18, 18, 39, 59, 45, 39, 40, 81, 2, 9, 54, 54, 52, 40, 38, 10, 4)(17, 37, 63, 21, 16, 58, 15, 66, 59, 7, 58, 46, 81, 43, 29, 69, 1)(8, 56, 73, 66, 61, 6, 47, 11, 99, 80, 9, 34, 11, 60, 38, 17, 79)(49, 87, 32, 31, 59, 14, 7, 72, 85, 42, 24, 84, 4, 59, 47, 40, 52)(67, 70, 67, 43, 34, 13, 57, 36, 85, 54, 52, 22, 7, 60, 24, 84, 49)(5, 48, 74, 37, 71, 63, 84, 73, 7, 55, 55, 70, 57, 19, 42, 55, 57)(21, 18, 52, 86, 51, 4, 93, 31, 70, 62, 33, 39, 80, 85, 56, 62, 36)(55, 48, 41, 84, 69, 16, 17, 60, 86, 13, 23, 41, 65, 86, 97, 16, 72)
line 112: nearestNeighbour (3,2,8,9,1,6,4,4,1,7,5,3,8,2,4,2,6)
(18, 18, 39, 59, 45, 39, 40, 81, 2, 9, 54, 54, 52, 40, 38, 10, 4)
line 113: kNearestNeighbour 8 (3,7,7,2,8,2,2,4,10,10,10,9,7,4,7,5,8)
(18, 18, 39, 59, 45, 39, 40, 81, 2, 9, 54, 54, 52, 40, 38, 10, 4)(17, 37, 63, 21, 16, 58, 15, 66, 59, 7, 58, 46, 81, 43, 29, 69, 1)(49, 87, 32, 31, 59, 14, 7, 72, 85, 42, 24, 84, 4, 59, 47, 40, 52)(8, 56, 73, 66, 61, 6, 47, 11, 99, 80, 9, 34, 11, 60, 38, 17, 79)(67, 70, 67, 43, 34, 13, 57, 36, 85, 54, 52, 22, 7, 60, 24, 84, 49)(5, 48, 74, 37, 71, 63, 84, 73, 7, 55, 55, 70, 57, 19, 42, 55, 57)(21, 18, 52, 86, 51, 4, 93, 31, 70, 62, 33, 39, 80, 85, 56, 62, 36)(55, 48, 41, 84, 69, 16, 17, 60, 86, 13, 23, 41, 65, 86, 97, 16, 72)
line 114: nearestNeighbour (8,9,4,10,7,4,7,3,10,5,3,8,9,10,2,8,9)
(18, 18, 39, 59, 45, 39, 40, 81, 2, 9, 54, 54, 52, 40, 38, 10, 4)
line 115: nearestNeighbour (5,2,10,9,6,10,9,5,5,2,10,1,10,2,6,7,1)
(18, 18, 39, 59, 45, 39, 40, 81, 2, 9, 54, 54, 52, 40, 38, 10, 4)
line 116: kNearestNeighbour 9 (9,2,6,10,2,5,1,6,1,6,8,1,2,8,4,8,6)
(18, 18, 39, 59, 45, 39, 40, 81, 2, 9, 54, 54, 52, 40, 38, 10, 4)(17, 37, 63, 21, 16, 58, 15, 66, 59, 7, 58, 46, 81, 43, 29, 69, 1)(67, 70, 67, 43, 34, 13, 57, 36, 85, 54, 52, 22, 7, 60, 24, 84, 49)(49, 87, 32, 31, 59, 14, 7, 72, 85, 42, 24, 84, 4, 59, 47, 40, 52)(8, 56, 73, 66, 61, 6, 47, 11, 99, 80, 9, 34, 11, 60, 38, 17, 79)(5, 48, 74, 37, 71, 63, 84, 73, 7, 55, 55, 70, 57, 19, 42, 55, 57)(21, 18, 52, 86, 51, 4, 93, 31, 70, 62, 33, 39, 80, 85, 56, 62, 36)(37, 3, 89, 63, 46, 72, 43, 28, 34, 23, 38, 90, 90, 81, 14, 45, 87)(55, 48, 41, 84, 69, 16, 17, 60, 86, 13, 23, 41, 65, 86, 97, 16, 72)
line 117: kNearestNeighbour 6 (4,2,8,2,4,10,4,4,7,4,3,5,7,2,10,8,9)
(18, 18, 39, 59, 45, 39, 40, 81, 2, 9, 54, 54, 52, 40, 38, 10, 4)(17, 37, 63, 21, 16, 58, 15, 66, 59, 7, 58, 46, 81, 43, 29, 69, 1)(49, 87, 32, 31, 59, 14, 7, 72, 85, 42, 24, 84, 4, 59, 47, 40, 52)(8, 56, 73, 66, 61, 6, 47, 11, 99, 80, 9, 34, 11, 60, 38, 17, 79)(67, 70, 67, 43, 34, 13, 57, 36, 85, 54, 52, 22, 7, 60, 24, 84, 49)(5, 48, 74, 37, 71, 63, 84, 73, 7, 55, 55, 70, 57, 19, 42, 55, 57)
line 118: nearestNeighbour (3,10,9,9,2,2,5,7,7,5,6,2,10,6,1,10,2)
(18, 18, 39, 59, 45, 39, 40, 81, 2, 9, 54, 54, 52, 40, 38, 10, 4)
line 119: kNearestNeighbour 10 (9,3,2,5,9,1,3,8,10,9,5,6,10,1,7,10,2)
(18, 18, 39, 59, 45, 39, 40, 81, 2, 9, 54, 54, 52, 40, 38, 10, 4)(17, 37, 63, 21, 16, 58, 15, 66, 59, 7, 58, 46, 81, 43, 29, 69, 1)(49, 87, 32, 31, 59, 14, 7, 72, 85, 42, 24, 84, 4, 59, 47, 40, 52)(67, 70, 67, 43, 34, 13, 57, 36, 85, 54, 52, 22, 7, 60, 24, 84, 49)(8, 56, 73, 66, 61, 6, 47, 11, 99, 80, 9, 34, 11, 60, 38, 17, 79)(5, 48, 74, 37, 71, 63, 84, 73, 7, 55, 55, 70, 57, 19, 42, 55, 57)(21, 18, 52, 86, 51, 4, 93, 31, 70, 62, 33, 39, 80, 85, 56, 62, 36)(55, 48, 41, 84, 69, 16, 17, 60, 86, 13, 23, 41, 65, 86, 97, 16, 72)(37, 3, 89, 63, 46, 72, 43, 28, 34, 23, 38, 90, 90, 81, 14, 45, 87)(27, 69, 24, 98, 24, 82, 15, 38, 75, 59, 69, 17, 79, 69, 69, 91, 28)
line 120: kNearestNeighbour 4 (9,7,4,6,10,2,3,9,5,2,3,5,6,10,2,7,8)
(18, 18, 39, 59, 45, 39, 40, 81, 2, 9, 54, 54, 52, 40, 38, 10, 4)(17, 37, 63, 21, 16, 58, 15, 66, 59, 7, 58, 46, 81, 43, 29, 69, 1)(49, 87, 32, 31, 59, 14, 7, 72, 85, 42, 24, 84, 4, 59, 47, 40, 52)(67, 70, 67, 43, 34, 13, 57, 36, 85, 54, 52, 22, 7, 60, 24, 84, 49)
line 121: kNearestNeighbour 3 (1,10,4,5,2,1,9,7,5,10,5,9,6,9,10,3,10)
(18, 18, 39, 59, 45, 39, 40, 81, 2, 9, 54, 54, 52, 40, 38, 10, 4)(17, 37, 63, 21, 16, 58, 15, 66, 59, 7, 58, 46, 81, 43, 29, 69, 1)(49, 87, 32, 31, 59, 14, 7, 72, 85, 42, 24, 84, 4, 59, 47, 40, 52)
line 122: kNearestNeighbour 8 (2,9,3,9,6,2,9,2,5,10,5,3,2,8,8,7,5)
(18, 18, 39, 59, 45, 39, 40, 81, 2, 9, 54, 54, 52, 40, 38, 10, 4)(17, 37, 63, 21, 16, 58, 15, 66, 59, 7, 58, 46, 81, 43, 29, 69, 1)(8, 56, 73, 66, 61, 6, 47, 11, 99, 80, 9, 34, 11, 60, 38, 17, 79)(49, 87, 32, 31, 59, 14, 7, 72, 85, 42, 24, 84, 4, 59, 47, 40, 52)(67, 70, 67, 43, 34, 13, 57, 36, 85, 54, 52, 22, 7, 60, 24, 84, 49)(5, 48, 74, 37, 71, 63, 84, 73, 7, 55, 55, 70, 57, 19, 42, 55, 57)(21, 18, 52, 86, 51, 4, 93, 31, 70, 62, 33, 39, 80, 85, 56, 62, 36)(55, 48, 41, 84, 69, 16, 17, 60, 86, 13, 23, 41, 65, 86, 97, 16, 72)
line 123: nearestNeighbour (8,1,5,10,4,6,1,8,6,10,10,3,4,5,2,3,3)
(18, 18, 39, 59, 45, 39, 40, 81, 2, 9, 54, 54, 52, 40, 38, 10, 4)
line 124: nearestNeighbour (1,2,6,7,1,4,5,8,2,5,3,5,9,6,5,4,1)
(18, 18, 39, 59, 45, 39, 40, 81, 2, 9, 54, 54, 52, 40, 38, 10, 4)
line 125: kNearestNeighbour 1 (6,4,7,3,2,1,8,2,4,9,9,10,8,7,5,2,10)
(18, 18, 39, 59, 45, 39, 40, 81, 2, 9, 54, 54, 52, 40, 38, 10, 4)
line 126: kNearestNeighbour 8 (2,4,1,1,5,2,3,3,1,7,8,3,3,7,9,5,2)
(18, 18, 39, 59, 45, 39, 40, 81, 2, 9, 54, 54, 52, 40, 38, 10, 4)(17, 37, 63, 21, 16, 58, 15, 66, 59, 7, 58, 46, 81, 43, 29, 69, 1)(49, 87, 32, 31, 59, 14, 7, 72, 85, 42, 24, 84, 4, 59, 47, 40, 52)(67, 70, 67, 43, 34, 13, 57, 36, 85, 54, 52, 22, 7, 60, 24, 84, 49)(8, 56, 73, 66, 61, 6, 47, 11, 99, 80, 9, 34, 11, 60, 38, 17, 79)(5, 48, 74, 37, 71, 63, 84, 73, 7, 55, 55, 70, 57, 19, 42, 55, 57)(21, 18, 52, 86, 51, 4, 93, 31, 70, 62, 33, 39, 80, 85, 56, 62, 36)(55, 48, 41, 84, 69, 16, 17, 60, 86, 13, 23, 41, 65, 86, 97, 16, 72)
line 127: kNearestNeighbour 3 (3,8,6,10,8,10,2,8,1,5,2,8,4,7,8,10,1)
(18, 18, 39, 59, 45, 39, 40, 81, 2, 9, 54, 54, 52, 40, 38, 10, 4)(17, 37, 63, 21, 16, 58, 15, 66, 59, 7, 58, 46, 81, 43, 29, 69, 1)(49, 87, 32, 31, 59, 14, 7, 72, 85, 42, 24, 84, 4, 59, 47, 40, 52)
line 128: nearestNeighbour (8,8,10,2,8,2,9,1,6,3,9,7,7,1,7,10,3)
(18, 18, 39, 59, 45, 39, 40, 81, 2, 9, 54, 54, 52, 40, 38, 10, 4)
line 129: kNearestNeighbour 6 (2,1,4,2,6,7,10,4,6,4,4,6,5,3,10,4,8)
(18, 18, 39, 59, 45, 39, 40, 81, 2, 9, 54, 54, 52, 40, 38, 10, 4)(17, 37, 63, 21, 16, 58, 15, 66, 59, 7, 58, 46, 81, 43, 29, 69, 1)(49, 87, 32, 31, 59, 14, 7, 72, 85, 42, 24, 84, 4, 59, 47, 40, 52)(8, 56, 73, 66, 61, 6, 47, 11, 99, 80, 9, 34, 11, 60, 38, 17, 79)(67, 70, 67, 43, 34, 13, 57, 36, 85, 54, 52, 22, 7, 60, 24, 84, 49)(5, 48, 74, 37, 71, 63, 84, 73, 7, 55, 55, 70, 57, 19, 42, 55, 57)
line 130: kNearestNeighbour 1 (8,3,3,9,5,9,1,1,6,1,7,8,9,10,10,10,5)
(18, 18, 39, 59, 45, 39, 40, 81, 2, 9, 54, 54, 52, 40, 38, 10, 4)
line 131: kNearestNeighbour 4 (5,8,5,6,3,2,2,7,10,1,2,8,4,1,8,1,7)
(18, 18, 39, 59, 45, 39, 40, 81, 2, 9, 54, 54, 52, 40, 38, 10, 4)(17, 37, 63, 21, 16, 58, 15, 66, 59, 7, 58, 46, 81, 43, 29, 69, 1)(49, 87, 32, 31, 59, 14, 7, 72, 85, 42, 24, 84, 4, 59, 47, 40, 52)(8, 56, 73, 66, 61, 6, 47, 11, 99, 80, 9, 34, 11, 60, 38, 17, 79)
line 132: nearestNeighbour (4,10,5,3,8,7,5,9,8,4,10,6,1,3,6,3,2)
(18, 18, 39, 59, 45, 39, 40, 81, 2, 9, 54, 54, 52, 40, 38, 10, 4)
line 133: kNearestNeighbour 4 (3,1,6,9,8,10,3,2,1,8,9,3,2,7,2,4,3)
(18, 18, 39, 59, 45, 39, 40, 81, 2, 9, 54, 54, 52, 40, 38, 10, 4)(17, 37, 63, 21, 16, 58, 15, 66, 59, 7, 58, 46, 81, 43, 29, 69, 1)(8, 56, 73, 66, 61, 6, 47, 11, 99, 80, 9, 34, 11, 60, 38, 17, 79)(49, 87, 32, 31, 59, 14, 7, 72, 85, 42, 24, 84, 4, 59, 47, 40, 52)
line 134: kNearestNeighbour 8 (8,7,1,7,7,5,4,3,1,8,6,8,8,2,8,9,4)
(18, 18, 39, 59, 45, 39, 40, 81, 2, 9, 54, 54, 52, 40, 38, 10, 4)(17, 37, 63, 21, 16, 58, 15, 66, 59, 7, 58, 46, 81, 43, 29, 69, 1)(49, 87, 32, 31, 59, 14, 7, 72, 85, 42, 24, 84, 4, 59, 47, 40, 52)(67, 70, 67, 43, 34, 13, 57, 36, 85, 54, 52, 22, 7, 60, 24, 84, 49)(8, 56, 73, 66, 61, 6, 47, 11, 99, 80, 9, 34, 11, 60, 38, 17, 79)(5, 48, 74, 37, 71, 63, 84, 73, 7, 55, 55, 70, 57, 19, 42, 55, 57)(21, 18, 52, 86, 51, 4, 93, 31, 70, 62, 33, 39, 80, 85, 56, 62, 36)(37, 3, 89, 63, 46, 72, 43, 28, 34, 23, 38, 90, 90, 81, 14, 45, 87)
line 135: nearestNeighbour (6,6,1,8,7,5,7,1,9,7,10,5,10,4,4,9,8)
(18, 18, 39, 59, 45, 39, 40, 81, 2, 9, 54, 54, 52, 40, 38, 10, 4)
line 136: kNearestNeighbour 4 (9,6,1,6,7,5,5,3,9,9,4,4,5,9,10,1,10)
(18, 18, 39, 59, 45, 39, 40, 81, 2, 9, 54, 54, 52, 40, 38, 10, 4)(17, 37, 63, 21, 16, 58, 15, 66, 59, 7, 58, 46, 81, 43, 29, 69, 1)(49, 87, 32, 31, 59, 14, 7, 72, 85, 42, 24, 84, 4, 59, 47, 40, 52)(8, 56, 73, 66, 61, 6, 47, 11, 99, 80, 9, 34, 11, 60, 38, 17, 79)
line 137: nearestNeighbour (6,3,2,3,5,7,1,5,9,1,8,1,5,1,4,6,3)
(18, 18, 39, 59, 45, 39, 40, 81, 2, 9, 54, 54, 52, 40, 38, 10, 4)
line 138: nearestNeighbour (1,10,1,2,7,7,6,4,10,10,4,6,2,2,7,9,5)
(18, 18, 39, 59, 45, 39, 40, 81, 2, 9, 54, 54, 52, 40, 38, 10, 4)
line 139: kNearestNeighbour 8 (4,5,3,9,10,5,3,2,1,4,3,8,1,1,4,10,10)
(18, 18, 39, 59, 45, 39, 40, 81, 2, 9, 54, 54, 52, 40, 38, 10, 4)(17, 37, 63, 21, 16, 58, 15, 66, 59, 7, 58, 46, 81, 43, 29, 69, 1)(49, 87, 32, 31, 59, 14, 7, 72, 85, 42, 24, 84, 4, 59, 47, 40, 52)(8, 56, 73, 66, 61, 6, 47, 11, 99, 80, 9, 34, 11, 60, 38, 17, 79)(67, 70, 67, 43, 34, 13, 57, 36, 85, 54, 52, 22, 7, 60, 24, 84, 49)(5, 48, 74, 37, 71, 63, 84, 73, 7, 55, 55, 70, 57, 19, 42, 55, 57)(21, 18, 52, 86, 51, 4, 93, 31, 70, 62, 33, 39, 80, 85, 56, 62, 36)(37, 3, 89, 63, 46, 72, 43, 28, 34, 23, 38, 90, 90, 81, 14, 45, 87)
line 140: kNearestNeighbour 1 (5,1,2,5,3,6,1,7,9,5,9,1,5,10,1,10,1)
(18, 18, 39, 59, 45, 39, 40, 81, 2, 9, 54, 54, 52, 40, 38, 10, 4)
