line 1: k=18
line 2: clear
line 3: buildTree 12
(94,91,1,69,31,14,67,61,1,26,54,86,10,95,1,30,90,20) (40,18,31,58,93,52,44,49,70,68,40,45,84,100,21,46,61,46) (7,28,73,85,51,16,4,98,84,9,32,84,48,68,36,42,100,33) (29,26,40,35,30,58,6,85,18,70,96,97,64,77,88,75,27,19) (85,83,76,72,14,95,50,85,84,66,23,80,75,84,14,26,82,43) (57,7,92,2,55,26,92,6,79,44,67,67,94,12,46,60,6,54) (39,4,75,52,33,41,26,71,64,42,6,28,8,76,54,19,66,64) (30,4,51,41,98,68,99,8,73,82,44,7,5,40,21,4,13,20) (30,1,98,73,70,46,63,19,96,3,31,68,47,5,87,85,40,40) (25,14,3,12,99,6,96,81,16,31,57,11,79,28,55,88,89,95) (62,19,51,12,84,63,71,81,11,4,61,19,61,75,1,45,5,17) (2,10,91,39,3,11,69,2,86,28,6,48,78,60,80,33,16,7) 
line 4: nodeCount_height_leafCount
nodeCount=12;height=4;leafCount=6
line 5: inorderTraversal
(2, 10, 91, 39, 3, 11, 69, 2, 86, 28, 6, 48, 78, 60, 80, 33, 16, 7) (25, 14, 3, 12, 99, 6, 96, 81, 16, 31, 57, 11, 79, 28, 55, 88, 89, 95) (29, 26, 40, 35, 30, 58, 6, 85, 18, 70, 96, 97, 64, 77, 88, 75, 27, 19) (7, 28, 73, 85, 51, 16, 4, 98, 84, 9, 32, 84, 48, 68, 36, 42, 100, 33) (30, 4, 51, 41, 98, 68, 99, 8, 73, 82, 44, 7, 5, 40, 21, 4, 13, 20) (39, 4, 75, 52, 33, 41, 26, 71, 64, 42, 6, 28, 8, 76, 54, 19, 66, 64) (57, 7, 92, 2, 55, 26, 92, 6, 79, 44, 67, 67, 94, 12, 46, 60, 6, 54) (30, 1, 98, 73, 70, 46, 63, 19, 96, 3, 31, 68, 47, 5, 87, 85, 40, 40) (40, 18, 31, 58, 93, 52, 44, 49, 70, 68, 40, 45, 84, 100, 21, 46, 61, 46) (94, 91, 1, 69, 31, 14, 67, 61, 1, 26, 54, 86, 10, 95, 1, 30, 90, 20) (62, 19, 51, 12, 84, 63, 71, 81, 11, 4, 61, 19, 61, 75, 1, 45, 5, 17) (85, 83, 76, 72, 14, 95, 50, 85, 84, 66, 23, 80, 75, 84, 14, 26, 82, 43) 
line 6: preorderTraversal
(30, 4, 51, 41, 98, 68, 99, 8, 73, 82, 44, 7, 5, 40, 21, 4, 13, 20) (25, 14, 3, 12, 99, 6, 96, 81, 16, 31, 57, 11, 79, 28, 55, 88, 89, 95) (2, 10, 91, 39, 3, 11, 69, 2, 86, 28, 6, 48, 78, 60, 80, 33, 16, 7) (29, 26, 40, 35, 30, 58, 6, 85, 18, 70, 96, 97, 64, 77, 88, 75, 27, 19) (7, 28, 73, 85, 51, 16, 4, 98, 84, 9, 32, 84, 48, 68, 36, 42, 100, 33) (40, 18, 31, 58, 93, 52, 44, 49, 70, 68, 40, 45, 84, 100, 21, 46, 61, 46) (57, 7, 92, 2, 55, 26, 92, 6, 79, 44, 67, 67, 94, 12, 46, 60, 6, 54) (39, 4, 75, 52, 33, 41, 26, 71, 64, 42, 6, 28, 8, 76, 54, 19, 66, 64) (30, 1, 98, 73, 70, 46, 63, 19, 96, 3, 31, 68, 47, 5, 87, 85, 40, 40) (62, 19, 51, 12, 84, 63, 71, 81, 11, 4, 61, 19, 61, 75, 1, 45, 5, 17) (94, 91, 1, 69, 31, 14, 67, 61, 1, 26, 54, 86, 10, 95, 1, 30, 90, 20) (85, 83, 76, 72, 14, 95, 50, 85, 84, 66, 23, 80, 75, 84, 14, 26, 82, 43) 
line 7: postorderTraversal
(2, 10, 91, 39, 3, 11, 69, 2, 86, 28, 6, 48, 78, 60, 80, 33, 16, 7) (7, 28, 73, 85, 51, 16, 4, 98, 84, 9, 32, 84, 48, 68, 36, 42, 100, 33) (29, 26, 40, 35, 30, 58, 6, 85, 18, 70, 96, 97, 64, 77, 88, 75, 27, 19) (25, 14, 3, 12, 99, 6, 96, 81, 16, 31, 57, 11, 79, 28, 55, 88, 89, 95) (39, 4, 75, 52, 33, 41, 26, 71, 64, 42, 6, 28, 8, 76, 54, 19, 66, 64) (30, 1, 98, 73, 70, 46, 63, 19, 96, 3, 31, 68, 47, 5, 87, 85, 40, 40) (57, 7, 92, 2, 55, 26, 92, 6, 79, 44, 67, 67, 94, 12, 46, 60, 6, 54) (94, 91, 1, 69, 31, 14, 67, 61, 1, 26, 54, 86, 10, 95, 1, 30, 90, 20) (85, 83, 76, 72, 14, 95, 50, 85, 84, 66, 23, 80, 75, 84, 14, 26, 82, 43) (62, 19, 51, 12, 84, 63, 71, 81, 11, 4, 61, 19, 61, 75, 1, 45, 5, 17) (40, 18, 31, 58, 93, 52, 44, 49, 70, 68, 40, 45, 84, 100, 21, 46, 61, 46) (30, 4, 51, 41, 98, 68, 99, 8, 73, 82, 44, 7, 5, 40, 21, 4, 13, 20) 
line 8: kNearestNeighbour 3 (3,8,10,7,7,2,5,1,10,7,3,2,2,7,5,3,4,2)
(39, 4, 75, 52, 33, 41, 26, 71, 64, 42, 6, 28, 8, 76, 54, 19, 66, 64)(2, 10, 91, 39, 3, 11, 69, 2, 86, 28, 6, 48, 78, 60, 80, 33, 16, 7)(30, 4, 51, 41, 98, 68, 99, 8, 73, 82, 44, 7, 5, 40, 21, 4, 13, 20)
line 9: kNearestNeighbour 3 (5,4,3,8,7,4,5,2,2,2,3,7,3,3,5,5,2,7)
(39, 4, 75, 52, 33, 41, 26, 71, 64, 42, 6, 28, 8, 76, 54, 19, 66, 64)(2, 10, 91, 39, 3, 11, 69, 2, 86, 28, 6, 48, 78, 60, 80, 33, 16, 7)(62, 19, 51, 12, 84, 63, 71, 81, 11, 4, 61, 19, 61, 75, 1, 45, 5, 17)
line 10: nearestNeighbour (8,8,5,9,10,1,5,6,4,3,9,1,7,2,10,10,8,7)
(39, 4, 75, 52, 33, 41, 26, 71, 64, 42, 6, 28, 8, 76, 54, 19, 66, 64)
line 11: kNearestNeighbour 3 (1,8,8,1,10,9,10,8,1,4,5,6,3,4,10,6,5,6)
(39, 4, 75, 52, 33, 41, 26, 71, 64, 42, 6, 28, 8, 76, 54, 19, 66, 64)(2, 10, 91, 39, 3, 11, 69, 2, 86, 28, 6, 48, 78, 60, 80, 33, 16, 7)(62, 19, 51, 12, 84, 63, 71, 81, 11, 4, 61, 19, 61, 75, 1, 45, 5, 17)
line 12: nearestNeighbour (10,9,7,2,1,1,2,3,9,9,6,6,6,2,5,3,1,7)
(39, 4, 75, 52, 33, 41, 26, 71, 64, 42, 6, 28, 8, 76, 54, 19, 66, 64)
line 13: kNearestNeighbour 1 (7,5,9,5,2,9,5,4,5,6,10,2,10,2,8,1,1,1)
(2, 10, 91, 39, 3, 11, 69, 2, 86, 28, 6, 48, 78, 60, 80, 33, 16, 7)
line 14: kNearestNeighbour 4 (5,7,5,3,1,5,5,3,8,7,3,9,5,5,7,5,10,3)
(39, 4, 75, 52, 33, 41, 26, 71, 64, 42, 6, 28, 8, 76, 54, 19, 66, 64)(2, 10, 91, 39, 3, 11, 69, 2, 86, 28, 6, 48, 78, 60, 80, 33, 16, 7)(62, 19, 51, 12, 84, 63, 71, 81, 11, 4, 61, 19, 61, 75, 1, 45, 5, 17)(30, 4, 51, 41, 98, 68, 99, 8, 73, 82, 44, 7, 5, 40, 21, 4, 13, 20)
line 15: kNearestNeighbour 3 (8,4,9,4,9,2,6,5,8,8,3,5,3,8,7,8,2,1)
(39, 4, 75, 52, 33, 41, 26, 71, 64, 42, 6, 28, 8, 76, 54, 19, 66, 64)(2, 10, 91, 39, 3, 11, 69, 2, 86, 28, 6, 48, 78, 60, 80, 33, 16, 7)(62, 19, 51, 12, 84, 63, 71, 81, 11, 4, 61, 19, 61, 75, 1, 45, 5, 17)
line 16: kNearestNeighbour 10 (8,9,7,3,7,6,8,1,9,2,8,4,2,4,5,1,7,5)
(39, 4, 75, 52, 33, 41, 26, 71, 64, 42, 6, 28, 8, 76, 54, 19, 66, 64)(2, 10, 91, 39, 3, 11, 69, 2, 86, 28, 6, 48, 78, 60, 80, 33, 16, 7)(30, 4, 51, 41, 98, 68, 99, 8, 73, 82, 44, 7, 5, 40, 21, 4, 13, 20)(62, 19, 51, 12, 84, 63, 71, 81, 11, 4, 61, 19, 61, 75, 1, 45, 5, 17)(57, 7, 92, 2, 55, 26, 92, 6, 79, 44, 67, 67, 94, 12, 46, 60, 6, 54)(40, 18, 31, 58, 93, 52, 44, 49, 70, 68, 40, 45, 84, 100, 21, 46, 61, 46)(94, 91, 1, 69, 31, 14, 67, 61, 1, 26, 54, 86, 10, 95, 1, 30, 90, 20)(30, 1, 98, 73, 70, 46, 63, 19, 96, 3, 31, 68, 47, 5, 87, 85, 40, 40)(7, 28, 73, 85, 51, 16, 4, 98, 84, 9, 32, 84, 48, 68, 36, 42, 100, 33)(29, 26, 40, 35, 30, 58, 6, 85, 18, 70, 96, 97, 64, 77, 88, 75, 27, 19)
line 17: nearestNeighbour (8,7,6,9,6,9,4,6,8,9,1,10,6,6,5,10,2,8)
(39, 4, 75, 52, 33, 41, 26, 71, 64, 42, 6, 28, 8, 76, 54, 19, 66, 64)
line 18: kNearestNeighbour 7 (9,7,10,7,10,6,3,8,4,7,6,8,4,7,8,2,6,7)
(39, 4, 75, 52, 33, 41, 26, 71, 64, 42, 6, 28, 8, 76, 54, 19, 66, 64)(2, 10, 91, 39, 3, 11, 69, 2, 86, 28, 6, 48, 78, 60, 80, 33, 16, 7)(62, 19, 51, 12, 84, 63, 71, 81, 11, 4, 61, 19, 61, 75, 1, 45, 5, 17)(30, 4, 51, 41, 98, 68, 99, 8, 73, 82, 44, 7, 5, 40, 21, 4, 13, 20)(57, 7, 92, 2, 55, 26, 92, 6, 79, 44, 67, 67, 94, 12, 46, 60, 6, 54)(40, 18, 31, 58, 93, 52, 44, 49, 70, 68, 40, 45, 84, 100, 21, 46, 61, 46)(94, 91, 1, 69, 31, 14, 67, 61, 1, 26, 54, 86, 10, 95, 1, 30, 90, 20)
line 19: nearestNeighbour (5,3,6,5,2,1,10,8,9,5,3,5,8,8,2,9,8,1)
(39, 4, 75, 52, 33, 41, 26, 71, 64, 42, 6, 28, 8, 76, 54, 19, 66, 64)
line 20: kNearestNeighbour 4 (3,6,1,2,1,8,5,7,1,4,8,9,4,6,2,2,3,5)
(39, 4, 75, 52, 33, 41, 26, 71, 64, 42, 6, 28, 8, 76, 54, 19, 66, 64)(2, 10, 91, 39, 3, 11, 69, 2, 86, 28, 6, 48, 78, 60, 80, 33, 16, 7)(62, 19, 51, 12, 84, 63, 71, 81, 11, 4, 61, 19, 61, 75, 1, 45, 5, 17)(30, 4, 51, 41, 98, 68, 99, 8, 73, 82, 44, 7, 5, 40, 21, 4, 13, 20)
line 21: nearestNeighbour (10,6,7,3,3,8,6,2,6,2,1,3,6,6,9,6,7,8)
(39, 4, 75, 52, 33, 41, 26, 71, 64, 42, 6, 28, 8, 76, 54, 19, 66, 64)
line 22: nearestNeighbour (8,2,9,9,6,9,7,10,1,8,3,3,10,3,5,8,3,5)
(39, 4, 75, 52, 33, 41, 26, 71, 64, 42, 6, 28, 8, 76, 54, 19, 66, 64)
line 23: nearestNeighbour (4,10,3,7,8,8,6,9,8,1,5,5,3,1,8,8,6,10)
(39, 4, 75, 52, 33, 41, 26, 71, 64, 42, 6, 28, 8, 76, 54, 19, 66, 64)
line 24: nearestNeighbour (4,3,3,8,8,3,3,10,4,10,8,8,3,3,3,6,1,6)
(39, 4, 75, 52, 33, 41, 26, 71, 64, 42, 6, 28, 8, 76, 54, 19, 66, 64)
line 25: nearestNeighbour (9,5,3,6,8,2,7,10,5,4,3,10,10,2,5,10,10,8)
(39, 4, 75, 52, 33, 41, 26, 71, 64, 42, 6, 28, 8, 76, 54, 19, 66, 64)
line 26: nearestNeighbour (3,5,9,2,3,8,10,6,5,9,5,2,5,9,10,10,5,7)
(39, 4, 75, 52, 33, 41, 26, 71, 64, 42, 6, 28, 8, 76, 54, 19, 66, 64)
line 27: nearestNeighbour (7,4,5,5,2,7,7,4,1,2,1,9,5,6,8,3,6,10)
(39, 4, 75, 52, 33, 41, 26, 71, 64, 42, 6, 28, 8, 76, 54, 19, 66, 64)
line 28: kNearestNeighbour 1 (8,6,7,10,1,4,6,7,3,1,3,5,2,6,6,9,7,10)
(39, 4, 75, 52, 33, 41, 26, 71, 64, 42, 6, 28, 8, 76, 54, 19, 66, 64)
line 29: nearestNeighbour (9,5,1,8,4,9,5,9,5,1,4,4,5,10,1,8,3,8)
(39, 4, 75, 52, 33, 41, 26, 71, 64, 42, 6, 28, 8, 76, 54, 19, 66, 64)
line 30: nearestNeighbour (4,4,6,10,4,8,3,4,7,1,1,7,7,10,1,10,4,8)
(39, 4, 75, 52, 33, 41, 26, 71, 64, 42, 6, 28, 8, 76, 54, 19, 66, 64)
line 31: kNearestNeighbour 9 (8,1,2,8,8,4,5,9,5,8,2,9,3,4,6,3,10,1)
(39, 4, 75, 52, 33, 41, 26, 71, 64, 42, 6, 28, 8, 76, 54, 19, 66, 64)(2, 10, 91, 39, 3, 11, 69, 2, 86, 28, 6, 48, 78, 60, 80, 33, 16, 7)(62, 19, 51, 12, 84, 63, 71, 81, 11, 4, 61, 19, 61, 75, 1, 45, 5, 17)(30, 4, 51, 41, 98, 68, 99, 8, 73, 82, 44, 7, 5, 40, 21, 4, 13, 20)(40, 18, 31, 58, 93, 52, 44, 49, 70, 68, 40, 45, 84, 100, 21, 46, 61, 46)(94, 91, 1, 69, 31, 14, 67, 61, 1, 26, 54, 86, 10, 95, 1, 30, 90, 20)(57, 7, 92, 2, 55, 26, 92, 6, 79, 44, 67, 67, 94, 12, 46, 60, 6, 54)(7, 28, 73, 85, 51, 16, 4, 98, 84, 9, 32, 84, 48, 68, 36, 42, 100, 33)(30, 1, 98, 73, 70, 46, 63, 19, 96, 3, 31, 68, 47, 5, 87, 85, 40, 40)
line 32: kNearestNeighbour 7 (4,4,8,3,10,4,10,9,2,1,10,1,4,3,7,3,6,10)
(39, 4, 75, 52, 33, 41, 26, 71, 64, 42, 6, 28, 8, 76, 54, 19, 66, 64)(62, 19, 51, 12, 84, 63, 71, 81, 11, 4, 61, 19, 61, 75, 1, 45, 5, 17)(2, 10, 91, 39, 3, 11, 69, 2, 86, 28, 6, 48, 78, 60, 80, 33, 16, 7)(30, 4, 51, 41, 98, 68, 99, 8, 73, 82, 44, 7, 5, 40, 21, 4, 13, 20)(57, 7, 92, 2, 55, 26, 92, 6, 79, 44, 67, 67, 94, 12, 46, 60, 6, 54)(40, 18, 31, 58, 93, 52, 44, 49, 70, 68, 40, 45, 84, 100, 21, 46, 61, 46)(30, 1, 98, 73, 70, 46, 63, 19, 96, 3, 31, 68, 47, 5, 87, 85, 40, 40)
line 33: kNearestNeighbour 4 (1,5,5,10,10,3,9,9,4,10,10,9,3,6,10,10,2,5)
(39, 4, 75, 52, 33, 41, 26, 71, 64, 42, 6, 28, 8, 76, 54, 19, 66, 64)(2, 10, 91, 39, 3, 11, 69, 2, 86, 28, 6, 48, 78, 60, 80, 33, 16, 7)(62, 19, 51, 12, 84, 63, 71, 81, 11, 4, 61, 19, 61, 75, 1, 45, 5, 17)(30, 4, 51, 41, 98, 68, 99, 8, 73, 82, 44, 7, 5, 40, 21, 4, 13, 20)
line 34: nearestNeighbour (1,1,3,9,10,5,7,9,4,2,2,3,4,8,9,3,10,10)
(39, 4, 75, 52, 33, 41, 26, 71, 64, 42, 6, 28, 8, 76, 54, 19, 66, 64)
line 35: kNearestNeighbour 2 (7,6,10,10,8,10,6,8,5,1,6,3,1,7,2,8,6,5)
(39, 4, 75, 52, 33, 41, 26, 71, 64, 42, 6, 28, 8, 76, 54, 19, 66, 64)(62, 19, 51, 12, 84, 63, 71, 81, 11, 4, 61, 19, 61, 75, 1, 45, 5, 17)
line 36: kNearestNeighbour 3 (3,3,2,1,7,8,2,6,6,7,5,4,4,5,6,6,8,8)
(39, 4, 75, 52, 33, 41, 26, 71, 64, 42, 6, 28, 8, 76, 54, 19, 66, 64)(2, 10, 91, 39, 3, 11, 69, 2, 86, 28, 6, 48, 78, 60, 80, 33, 16, 7)(62, 19, 51, 12, 84, 63, 71, 81, 11, 4, 61, 19, 61, 75, 1, 45, 5, 17)
line 37: nearestNeighbour (8,6,3,4,8,10,2,5,7,6,10,5,7,5,5,8,4,3)
(39, 4, 75, 52, 33, 41, 26, 71, 64, 42, 6, 28, 8, 76, 54, 19, 66, 64)
line 38: kNearestNeighbour 4 (3,4,7,3,7,6,7,8,10,5,8,8,4,5,2,3,10,6)
(39, 4, 75, 52, 33, 41, 26, 71, 64, 42, 6, 28, 8, 76, 54, 19, 66, 64)(2, 10, 91, 39, 3, 11, 69, 2, 86, 28, 6, 48, 78, 60, 80, 33, 16, 7)(62, 19, 51, 12, 84, 63, 71, 81, 11, 4, 61, 19, 61, 75, 1, 45, 5, 17)(30, 4, 51, 41, 98, 68, 99, 8, 73, 82, 44, 7, 5, 40, 21, 4, 13, 20)
line 39: nearestNeighbour (2,6,8,10,10,10,2,5,2,6,5,10,4,2,9,8,2,8)
(39, 4, 75, 52, 33, 41, 26, 71, 64, 42, 6, 28, 8, 76, 54, 19, 66, 64)
line 40: kNearestNeighbour 2 (8,2,1,2,4,2,4,3,4,2,10,1,3,10,10,9,2,5)
(39, 4, 75, 52, 33, 41, 26, 71, 64, 42, 6, 28, 8, 76, 54, 19, 66, 64)(2, 10, 91, 39, 3, 11, 69, 2, 86, 28, 6, 48, 78, 60, 80, 33, 16, 7)
line 41: nearestNeighbour (6,7,6,4,9,8,9,2,10,7,10,2,3,4,2,6,4,8)
(39, 4, 75, 52, 33, 41, 26, 71, 64, 42, 6, 28, 8, 76, 54, 19, 66, 64)
line 42: kNearestNeighbour 6 (9,10,7,9,5,3,3,6,10,3,3,1,6,5,6,9,7,10)
(39, 4, 75, 52, 33, 41, 26, 71, 64, 42, 6, 28, 8, 76, 54, 19, 66, 64)(2, 10, 91, 39, 3, 11, 69, 2, 86, 28, 6, 48, 78, 60, 80, 33, 16, 7)(62, 19, 51, 12, 84, 63, 71, 81, 11, 4, 61, 19, 61, 75, 1, 45, 5, 17)(30, 4, 51, 41, 98, 68, 99, 8, 73, 82, 44, 7, 5, 40, 21, 4, 13, 20)(57, 7, 92, 2, 55, 26, 92, 6, 79, 44, 67, 67, 94, 12, 46, 60, 6, 54)(40, 18, 31, 58, 93, 52, 44, 49, 70, 68, 40, 45, 84, 100, 21, 46, 61, 46)
line 43: nearestNeighbour (9,7,10,7,8,1,9,9,6,5,2,4,1,3,3,1,4,8)
(39, 4, 75, 52, 33, 41, 26, 71, 64, 42, 6, 28, 8, 76, 54, 19, 66, 64)
line 44: kNearestNeighbour 6 (8,6,4,8,3,1,2,3,2,3,3,3,4,6,9,6,5,5)
(39, 4, 75, 52, 33, 41, 26, 71, 64, 42, 6, 28, 8, 76, 54, 19, 66, 64)(2, 10, 91, 39, 3, 11, 69, 2, 86, 28, 6, 48, 78, 60, 80, 33, 16, 7)(62, 19, 51, 12, 84, 63, 71, 81, 11, 4, 61, 19, 61, 75, 1, 45, 5, 17)(30, 4, 51, 41, 98, 68, 99, 8, 73, 82, 44, 7, 5, 40, 21, 4, 13, 20)(57, 7, 92, 2, 55, 26, 92, 6, 79, 44, 67, 67, 94, 12, 46, 60, 6, 54)(40, 18, 31, 58, 93, 52, 44, 49, 70, 68, 40, 45, 84, 100, 21, 46, 61, 46)
line 45: kNearestNeighbour 8 (8,1,6,6,2,6,2,4,4,3,2,5,1,1,8,2,3,4)
(39, 4, 75, 52, 33, 41, 26, 71, 64, 42, 6, 28, 8, 76, 54, 19, 66, 64)(2, 10, 91, 39, 3, 11, 69, 2, 86, 28, 6, 48, 78, 60, 80, 33, 16, 7)(62, 19, 51, 12, 84, 63, 71, 81, 11, 4, 61, 19, 61, 75, 1, 45, 5, 17)(30, 4, 51, 41, 98, 68, 99, 8, 73, 82, 44, 7, 5, 40, 21, 4, 13, 20)(57, 7, 92, 2, 55, 26, 92, 6, 79, 44, 67, 67, 94, 12, 46, 60, 6, 54)(40, 18, 31, 58, 93, 52, 44, 49, 70, 68, 40, 45, 84, 100, 21, 46, 61, 46)(30, 1, 98, 73, 70, 46, 63, 19, 96, 3, 31, 68, 47, 5, 87, 85, 40, 40)(94, 91, 1, 69, 31, 14, 67, 61, 1, 26, 54, 86, 10, 95, 1, 30, 90, 20)
line 46: kNearestNeighbour 8 (10,4,1,5,7,7,9,8,9,6,3,8,3,10,4,6,4,3)
(39, 4, 75, 52, 33, 41, 26, 71, 64, 42, 6, 28, 8, 76, 54, 19, 66, 64)(2, 10, 91, 39, 3, 11, 69, 2, 86, 28, 6, 48, 78, 60, 80, 33, 16, 7)(62, 19, 51, 12, 84, 63, 71, 81, 11, 4, 61, 19, 61, 75, 1, 45, 5, 17)(30, 4, 51, 41, 98, 68, 99, 8, 73, 82, 44, 7, 5, 40, 21, 4, 13, 20)(40, 18, 31, 58, 93, 52, 44, 49, 70, 68, 40, 45, 84, 100, 21, 46, 61, 46)(57, 7, 92, 2, 55, 26, 92, 6, 79, 44, 67, 67, 94, 12, 46, 60, 6, 54)(94, 91, 1, 69, 31, 14, 67, 61, 1, 26, 54, 86, 10, 95, 1, 30, 90, 20)(7, 28, 73, 85, 51, 16, 4, 98, 84, 9, 32, 84, 48, 68, 36, 42, 100, 33)
line 47: nearestNeighbour (3,3,8,8,7,8,4,4,3,8,4,4,2,10,6,9,9,3)
(39, 4, 75, 52, 33, 41, 26, 71, 64, 42, 6, 28, 8, 76, 54, 19, 66, 64)
line 48: kNearestNeighbour 7 (1,6,9,8,2,10,10,10,7,5,1,6,10,1,7,1,8,3)
(39, 4, 75, 52, 33, 41, 26, 71, 64, 42, 6, 28, 8, 76, 54, 19, 66, 64)(2, 10, 91, 39, 3, 11, 69, 2, 86, 28, 6, 48, 78, 60, 80, 33, 16, 7)(62, 19, 51, 12, 84, 63, 71, 81, 11, 4, 61, 19, 61, 75, 1, 45, 5, 17)(30, 4, 51, 41, 98, 68, 99, 8, 73, 82, 44, 7, 5, 40, 21, 4, 13, 20)(57, 7, 92, 2, 55, 26, 92, 6, 79, 44, 67, 67, 94, 12, 46, 60, 6, 54)(40, 18, 31, 58, 93, 52, 44, 49, 70, 68, 40, 45, 84, 100, 21, 46, 61, 46)(7, 28, 73, 85, 51, 16, 4, 98, 84, 9, 32, 84, 48, 68, 36, 42, 100, 33)
line 49: nearestNeighbour (9,5,6,2,6,10,9,8,5,9,4,2,10,10,4,9,9,9)
(39, 4, 75, 52, 33, 41, 26, 71, 64, 42, 6, 28, 8, 76, 54, 19, 66, 64)
line 50: kNearestNeighbour 3 (7,5,6,5,4,4,6,1,6,5,1,10,3,5,4,1,8,10)
(39, 4, 75, 52, 33, 41, 26, 71, 64, 42, 6, 28, 8, 76, 54, 19, 66, 64)(2, 10, 91, 39, 3, 11, 69, 2, 86, 28, 6, 48, 78, 60, 80, 33, 16, 7)(30, 4, 51, 41, 98, 68, 99, 8, 73, 82, 44, 7, 5, 40, 21, 4, 13, 20)
line 51: kNearestNeighbour 2 (6,10,7,6,10,1,3,2,5,3,5,6,7,9,6,9,2,2)
(2, 10, 91, 39, 3, 11, 69, 2, 86, 28, 6, 48, 78, 60, 80, 33, 16, 7)(39, 4, 75, 52, 33, 41, 26, 71, 64, 42, 6, 28, 8, 76, 54, 19, 66, 64)
line 52: nearestNeighbour (3,9,2,3,1,2,10,5,8,6,2,3,3,6,6,2,2,3)
(2, 10, 91, 39, 3, 11, 69, 2, 86, 28, 6, 48, 78, 60, 80, 33, 16, 7)
line 53: kNearestNeighbour 4 (5,6,5,9,6,2,5,2,7,10,2,5,7,7,6,8,6,2)
(39, 4, 75, 52, 33, 41, 26, 71, 64, 42, 6, 28, 8, 76, 54, 19, 66, 64)(2, 10, 91, 39, 3, 11, 69, 2, 86, 28, 6, 48, 78, 60, 80, 33, 16, 7)(30, 4, 51, 41, 98, 68, 99, 8, 73, 82, 44, 7, 5, 40, 21, 4, 13, 20)(62, 19, 51, 12, 84, 63, 71, 81, 11, 4, 61, 19, 61, 75, 1, 45, 5, 17)
line 54: nearestNeighbour (6,3,8,4,8,10,10,10,2,4,8,2,8,3,1,5,1,9)
(39, 4, 75, 52, 33, 41, 26, 71, 64, 42, 6, 28, 8, 76, 54, 19, 66, 64)
line 55: nearestNeighbour (2,7,10,8,6,10,10,3,1,1,2,6,3,3,3,7,9,5)
(39, 4, 75, 52, 33, 41, 26, 71, 64, 42, 6, 28, 8, 76, 54, 19, 66, 64)
line 56: nearestNeighbour (1,1,4,6,9,2,10,6,6,8,3,6,7,3,4,4,6,5)
(39, 4, 75, 52, 33, 41, 26, 71, 64, 42, 6, 28, 8, 76, 54, 19, 66, 64)
line 57: nearestNeighbour (3,7,9,5,1,3,2,9,9,10,10,5,5,7,8,10,6,9)
(39, 4, 75, 52, 33, 41, 26, 71, 64, 42, 6, 28, 8, 76, 54, 19, 66, 64)
line 58: kNearestNeighbour 3 (9,8,6,6,10,5,9,9,9,9,9,4,5,1,4,1,4,3)
(39, 4, 75, 52, 33, 41, 26, 71, 64, 42, 6, 28, 8, 76, 54, 19, 66, 64)(2, 10, 91, 39, 3, 11, 69, 2, 86, 28, 6, 48, 78, 60, 80, 33, 16, 7)(30, 4, 51, 41, 98, 68, 99, 8, 73, 82, 44, 7, 5, 40, 21, 4, 13, 20)
line 59: kNearestNeighbour 1 (5,9,2,8,2,2,1,10,5,2,6,3,9,7,9,9,3,9)
(39, 4, 75, 52, 33, 41, 26, 71, 64, 42, 6, 28, 8, 76, 54, 19, 66, 64)
line 60: nearestNeighbour (9,9,7,10,7,1,3,10,9,10,8,10,5,4,3,1,4,4)
(39, 4, 75, 52, 33, 41, 26, 71, 64, 42, 6, 28, 8, 76, 54, 19, 66, 64)
line 61: kNearestNeighbour 6 (6,6,5,4,5,9,1,3,5,6,10,5,5,4,1,2,5,4)
(39, 4, 75, 52, 33, 41, 26, 71, 64, 42, 6, 28, 8, 76, 54, 19, 66, 64)(2, 10, 91, 39, 3, 11, 69, 2, 86, 28, 6, 48, 78, 60, 80, 33, 16, 7)(62, 19, 51, 12, 84, 63, 71, 81, 11, 4, 61, 19, 61, 75, 1, 45, 5, 17)(30, 4, 51, 41, 98, 68, 99, 8, 73, 82, 44, 7, 5, 40, 21, 4, 13, 20)(57, 7, 92, 2, 55, 26, 92, 6, 79, 44, 67, 67, 94, 12, 46, 60, 6, 54)(40, 18, 31, 58, 93, 52, 44, 49, 70, 68, 40, 45, 84, 100, 21, 46, 61, 46)
line 62: kNearestNeighbour 6 (6,8,6,1,6,6,5,10,3,2,3,6,5,5,6,3,9,4)
(39, 4, 75, 52, 33, 41, 26, 71, 64, 42, 6, 28, 8, 76, 54, 19, 66, 64)(2, 10, 91, 39, 3, 11, 69, 2, 86, 28, 6, 48, 78, 60, 80, 33, 16, 7)(62, 19, 51, 12, 84, 63, 71, 81, 11, 4, 61, 19, 61, 75, 1, 45, 5, 17)(30, 4, 51, 41, 98, 68, 99, 8, 73, 82, 44, 7, 5, 40, 21, 4, 13, 20)(57, 7, 92, 2, 55, 26, 92, 6, 79, 44, 67, 67, 94, 12, 46, 60, 6, 54)(40, 18, 31, 58, 93, 52, 44, 49, 70, 68, 40, 45, 84, 100, 21, 46, 61, 46)
line 63: nearestNeighbour (1,3,2,4,8,4,10,10,8,3,6,5,10,4,3,9,1,6)
(39, 4, 75, 52, 33, 41, 26, 71, 64, 42, 6, 28, 8, 76, 54, 19, 66, 64)
line 64: nearestNeighbour (10,5,3,3,9,6,8,7,8,8,8,10,3,1,4,4,7,1)
(39, 4, 75, 52, 33, 41, 26, 71, 64, 42, 6, 28, 8, 76, 54, 19, 66, 64)
line 65: kNearestNeighbour 7 (2,5,2,8,7,9,5,7,1,10,9,5,8,7,4,8,8,10)
(39, 4, 75, 52, 33, 41, 26, 71, 64, 42, 6, 28, 8, 76, 54, 19, 66, 64)(2, 10, 91, 39, 3, 11, 69, 2, 86, 28, 6, 48, 78, 60, 80, 33, 16, 7)(62, 19, 51, 12, 84, 63, 71, 81, 11, 4, 61, 19, 61, 75, 1, 45, 5, 17)(30, 4, 51, 41, 98, 68, 99, 8, 73, 82, 44, 7, 5, 40, 21, 4, 13, 20)(40, 18, 31, 58, 93, 52, 44, 49, 70, 68, 40, 45, 84, 100, 21, 46, 61, 46)(57, 7, 92, 2, 55, 26, 92, 6, 79, 44, 67, 67, 94, 12, 46, 60, 6, 54)(94, 91, 1, 69, 31, 14, 67, 61, 1, 26, 54, 86, 10, 95, 1, 30, 90, 20)
line 66: nearestNeighbour (2,3,5,9,1,2,9,7,9,10,3,10,6,5,6,2,5,9)
(39, 4, 75, 52, 33, 41, 26, 71, 64, 42, 6, 28, 8, 76, 54, 19, 66, 64)
line 67: nearestNeighbour (6,3,7,1,7,10,1,6,10,7,4,2,7,10,10,9,5,5)
(39, 4, 75, 52, 33, 41, 26, 71, 64, 42, 6, 28, 8, 76, 54, 19, 66, 64)
line 68: nearestNeighbour (5,5,1,9,8,6,6,10,2,3,9,6,1,2,5,8,3,5)
(39, 4, 75, 52, 33, 41, 26, 71, 64, 42, 6, 28, 8, 76, 54, 19, 66, 64)
line 69: nearestNeighbour (9,10,8,3,9,1,4,9,6,10,5,4,4,9,2,3,6,9)
(39, 4, 75, 52, 33, 41, 26, 71, 64, 42, 6, 28, 8, 76, 54, 19, 66, 64)
line 70: nearestNeighbour (6,9,6,8,4,3,7,7,5,4,5,5,5,1,4,1,3,3)
(39, 4, 75, 52, 33, 41, 26, 71, 64, 42, 6, 28, 8, 76, 54, 19, 66, 64)
line 71: kNearestNeighbour 10 (6,2,9,3,10,3,6,8,9,3,6,1,7,4,9,7,4,6)
(39, 4, 75, 52, 33, 41, 26, 71, 64, 42, 6, 28, 8, 76, 54, 19, 66, 64)(2, 10, 91, 39, 3, 11, 69, 2, 86, 28, 6, 48, 78, 60, 80, 33, 16, 7)(62, 19, 51, 12, 84, 63, 71, 81, 11, 4, 61, 19, 61, 75, 1, 45, 5, 17)(30, 4, 51, 41, 98, 68, 99, 8, 73, 82, 44, 7, 5, 40, 21, 4, 13, 20)(57, 7, 92, 2, 55, 26, 92, 6, 79, 44, 67, 67, 94, 12, 46, 60, 6, 54)(40, 18, 31, 58, 93, 52, 44, 49, 70, 68, 40, 45, 84, 100, 21, 46, 61, 46)(30, 1, 98, 73, 70, 46, 63, 19, 96, 3, 31, 68, 47, 5, 87, 85, 40, 40)(7, 28, 73, 85, 51, 16, 4, 98, 84, 9, 32, 84, 48, 68, 36, 42, 100, 33)(94, 91, 1, 69, 31, 14, 67, 61, 1, 26, 54, 86, 10, 95, 1, 30, 90, 20)(29, 26, 40, 35, 30, 58, 6, 85, 18, 70, 96, 97, 64, 77, 88, 75, 27, 19)
line 72: nearestNeighbour (1,9,1,8,3,1,7,1,10,3,10,1,10,7,4,2,1,10)
(2, 10, 91, 39, 3, 11, 69, 2, 86, 28, 6, 48, 78, 60, 80, 33, 16, 7)
line 73: nearestNeighbour (9,10,2,6,4,1,8,6,7,7,2,2,4,6,8,7,10,1)
(39, 4, 75, 52, 33, 41, 26, 71, 64, 42, 6, 28, 8, 76, 54, 19, 66, 64)
line 74: kNearestNeighbour 5 (3,2,3,9,8,2,6,1,6,5,10,1,1,3,8,5,5,1)
(39, 4, 75, 52, 33, 41, 26, 71, 64, 42, 6, 28, 8, 76, 54, 19, 66, 64)(2, 10, 91, 39, 3, 11, 69, 2, 86, 28, 6, 48, 78, 60, 80, 33, 16, 7)(30, 4, 51, 41, 98, 68, 99, 8, 73, 82, 44, 7, 5, 40, 21, 4, 13, 20)(62, 19, 51, 12, 84, 63, 71, 81, 11, 4, 61, 19, 61, 75, 1, 45, 5, 17)(57, 7, 92, 2, 55, 26, 92, 6, 79, 44, 67, 67, 94, 12, 46, 60, 6, 54)
line 75: nearestNeighbour (7,7,10,4,10,10,10,4,1,3,7,4,1,9,1,5,2,1)
(39, 4, 75, 52, 33, 41, 26, 71, 64, 42, 6, 28, 8, 76, 54, 19, 66, 64)
line 76: nearestNeighbour (1,5,2,10,2,3,9,2,8,10,1,2,7,8,7,8,3,8)
(2, 10, 91, 39, 3, 11, 69, 2, 86, 28, 6, 48, 78, 60, 80, 33, 16, 7)
line 77: nearestNeighbour (7,7,10,9,7,5,7,7,10,3,2,7,7,10,9,7,1,3)
(39, 4, 75, 52, 33, 41, 26, 71, 64, 42, 6, 28, 8, 76, 54, 19, 66, 64)
line 78: kNearestNeighbour 4 (4,6,6,2,3,1,1,10,2,5,10,4,3,10,3,3,1,7)
(39, 4, 75, 52, 33, 41, 26, 71, 64, 42, 6, 28, 8, 76, 54, 19, 66, 64)(2, 10, 91, 39, 3, 11, 69, 2, 86, 28, 6, 48, 78, 60, 80, 33, 16, 7)(62, 19, 51, 12, 84, 63, 71, 81, 11, 4, 61, 19, 61, 75, 1, 45, 5, 17)(30, 4, 51, 41, 98, 68, 99, 8, 73, 82, 44, 7, 5, 40, 21, 4, 13, 20)
line 79: nearestNeighbour (2,5,7,9,3,3,1,7,1,10,8,8,9,3,2,6,9,3)
(39, 4, 75, 52, 33, 41, 26, 71, 64, 42, 6, 28, 8, 76, 54, 19, 66, 64)
line 80: nearestNeighbour (9,9,5,1,1,1,8,6,4,7,10,7,9,10,3,10,5,9)
(39, 4, 75, 52, 33, 41, 26, 71, 64, 42, 6, 28, 8, 76, 54, 19, 66, 64)
line 81: nearestNeighbour (1,10,9,3,10,2,10,7,1,6,4,10,4,6,4,1,5,4)
(39, 4, 75, 52, 33, 41, 26, 71, 64, 42, 6, 28, 8, 76, 54, 19, 66, 64)
line 82: nearestNeighbour (3,2,7,10,5,2,8,3,9,10,7,7,6,4,1,8,4,10)
(39, 4, 75, 52, 33, 41, 26, 71, 64, 42, 6, 28, 8, 76, 54, 19, 66, 64)
line 83: kNearestNeighbour 5 (8,4,6,3,1,4,2,5,4,4,3,6,6,7,6,7,5,7)
(39, 4, 75, 52, 33, 41, 26, 71, 64, 42, 6, 28, 8, 76, 54, 19, 66, 64)(2, 10, 91, 39, 3, 11, 69, 2, 86, 28, 6, 48, 78, 60, 80, 33, 16, 7)(62, 19, 51, 12, 84, 63, 71, 81, 11, 4, 61, 19, 61, 75, 1, 45, 5, 17)(30, 4, 51, 41, 98, 68, 99, 8, 73, 82, 44, 7, 5, 40, 21, 4, 13, 20)(57, 7, 92, 2, 55, 26, 92, 6, 79, 44, 67, 67, 94, 12, 46, 60, 6, 54)
line 84: kNearestNeighbour 10 (8,4,6,1,1,6,8,8,2,1,1,7,9,8,7,4,2,7)
(39, 4, 75, 52, 33, 41, 26, 71, 64, 42, 6, 28, 8, 76, 54, 19, 66, 64)(2, 10, 91, 39, 3, 11, 69, 2, 86, 28, 6, 48, 78, 60, 80, 33, 16, 7)(62, 19, 51, 12, 84, 63, 71, 81, 11, 4, 61, 19, 61, 75, 1, 45, 5, 17)(30, 4, 51, 41, 98, 68, 99, 8, 73, 82, 44, 7, 5, 40, 21, 4, 13, 20)(57, 7, 92, 2, 55, 26, 92, 6, 79, 44, 67, 67, 94, 12, 46, 60, 6, 54)(40, 18, 31, 58, 93, 52, 44, 49, 70, 68, 40, 45, 84, 100, 21, 46, 61, 46)(94, 91, 1, 69, 31, 14, 67, 61, 1, 26, 54, 86, 10, 95, 1, 30, 90, 20)(30, 1, 98, 73, 70, 46, 63, 19, 96, 3, 31, 68, 47, 5, 87, 85, 40, 40)(7, 28, 73, 85, 51, 16, 4, 98, 84, 9, 32, 84, 48, 68, 36, 42, 100, 33)(29, 26, 40, 35, 30, 58, 6, 85, 18, 70, 96, 97, 64, 77, 88, 75, 27, 19)
line 85: nearestNeighbour (8,5,6,8,9,3,6,10,6,2,7,1,3,4,2,1,10,4)
(39, 4, 75, 52, 33, 41, 26, 71, 64, 42, 6, 28, 8, 76, 54, 19, 66, 64)
line 86: kNearestNeighbour 8 (10,1,6,2,10,1,3,4,9,8,10,7,8,6,10,4,10,4)
(39, 4, 75, 52, 33, 41, 26, 71, 64, 42, 6, 28, 8, 76, 54, 19, 66, 64)(2, 10, 91, 39, 3, 11, 69, 2, 86, 28, 6, 48, 78, 60, 80, 33, 16, 7)(62, 19, 51, 12, 84, 63, 71, 81, 11, 4, 61, 19, 61, 75, 1, 45, 5, 17)(30, 4, 51, 41, 98, 68, 99, 8, 73, 82, 44, 7, 5, 40, 21, 4, 13, 20)(57, 7, 92, 2, 55, 26, 92, 6, 79, 44, 67, 67, 94, 12, 46, 60, 6, 54)(40, 18, 31, 58, 93, 52, 44, 49, 70, 68, 40, 45, 84, 100, 21, 46, 61, 46)(30, 1, 98, 73, 70, 46, 63, 19, 96, 3, 31, 68, 47, 5, 87, 85, 40, 40)(7, 28, 73, 85, 51, 16, 4, 98, 84, 9, 32, 84, 48, 68, 36, 42, 100, 33)
line 87: kNearestNeighbour 2 (4,3,4,9,6,9,7,4,6,9,3,4,3,7,2,4,6,9)
(39, 4, 75, 52, 33, 41, 26, 71, 64, 42, 6, 28, 8, 76, 54, 19, 66, 64)(2, 10, 91, 39, 3, 11, 69, 2, 86, 28, 6, 48, 78, 60, 80, 33, 16, 7)
line 88: nearestNeighbour (5,2,3,2,3,1,2,6,6,6,8,6,2,9,6,9,2,9)
(39, 4, 75, 52, 33, 41, 26, 71, 64, 42, 6, 28, 8, 76, 54, 19, 66, 64)
line 89: kNearestNeighbour 6 (10,9,7,5,3,4,4,1,6,6,5,5,1,7,9,2,6,2)
(39, 4, 75, 52, 33, 41, 26, 71, 64, 42, 6, 28, 8, 76, 54, 19, 66, 64)(2, 10, 91, 39, 3, 11, 69, 2, 86, 28, 6, 48, 78, 60, 80, 33, 16, 7)(30, 4, 51, 41, 98, 68, 99, 8, 73, 82, 44, 7, 5, 40, 21, 4, 13, 20)(62, 19, 51, 12, 84, 63, 71, 81, 11, 4, 61, 19, 61, 75, 1, 45, 5, 17)(57, 7, 92, 2, 55, 26, 92, 6, 79, 44, 67, 67, 94, 12, 46, 60, 6, 54)(94, 91, 1, 69, 31, 14, 67, 61, 1, 26, 54, 86, 10, 95, 1, 30, 90, 20)
line 90: kNearestNeighbour 8 (1,7,7,8,1,9,3,2,1,6,2,2,1,8,3,9,4,1)
(39, 4, 75, 52, 33, 41, 26, 71, 64, 42, 6, 28, 8, 76, 54, 19, 66, 64)(2, 10, 91, 39, 3, 11, 69, 2, 86, 28, 6, 48, 78, 60, 80, 33, 16, 7)(62, 19, 51, 12, 84, 63, 71, 81, 11, 4, 61, 19, 61, 75, 1, 45, 5, 17)(30, 4, 51, 41, 98, 68, 99, 8, 73, 82, 44, 7, 5, 40, 21, 4, 13, 20)(40, 18, 31, 58, 93, 52, 44, 49, 70, 68, 40, 45, 84, 100, 21, 46, 61, 46)(57, 7, 92, 2, 55, 26, 92, 6, 79, 44, 67, 67, 94, 12, 46, 60, 6, 54)(94, 91, 1, 69, 31, 14, 67, 61, 1, 26, 54, 86, 10, 95, 1, 30, 90, 20)(7, 28, 73, 85, 51, 16, 4, 98, 84, 9, 32, 84, 48, 68, 36, 42, 100, 33)
line 91: nearestNeighbour (9,9,7,5,9,6,7,2,9,4,2,7,8,5,1,2,10,7)
(39, 4, 75, 52, 33, 41, 26, 71, 64, 42, 6, 28, 8, 76, 54, 19, 66, 64)
line 92: nearestNeighbour (8,10,7,5,3,5,6,10,8,3,3,8,8,1,4,1,10,4)
(39, 4, 75, 52, 33, 41, 26, 71, 64, 42, 6, 28, 8, 76, 54, 19, 66, 64)
line 93: kNearestNeighbour 9 (1,2,1,4,6,6,10,1,1,4,10,4,6,6,8,3,10,8)
(39, 4, 75, 52, 33, 41, 26, 71, 64, 42, 6, 28, 8, 76, 54, 19, 66, 64)(2, 10, 91, 39, 3, 11, 69, 2, 86, 28, 6, 48, 78, 60, 80, 33, 16, 7)(62, 19, 51, 12, 84, 63, 71, 81, 11, 4, 61, 19, 61, 75, 1, 45, 5, 17)(30, 4, 51, 41, 98, 68, 99, 8, 73, 82, 44, 7, 5, 40, 21, 4, 13, 20)(57, 7, 92, 2, 55, 26, 92, 6, 79, 44, 67, 67, 94, 12, 46, 60, 6, 54)(40, 18, 31, 58, 93, 52, 44, 49, 70, 68, 40, 45, 84, 100, 21, 46, 61, 46)(94, 91, 1, 69, 31, 14, 67, 61, 1, 26, 54, 86, 10, 95, 1, 30, 90, 20)(30, 1, 98, 73, 70, 46, 63, 19, 96, 3, 31, 68, 47, 5, 87, 85, 40, 40)(7, 28, 73, 85, 51, 16, 4, 98, 84, 9, 32, 84, 48, 68, 36, 42, 100, 33)
line 94: kNearestNeighbour 6 (2,1,1,8,1,1,4,9,7,8,4,7,5,1,7,8,5,9)
(39, 4, 75, 52, 33, 41, 26, 71, 64, 42, 6, 28, 8, 76, 54, 19, 66, 64)(2, 10, 91, 39, 3, 11, 69, 2, 86, 28, 6, 48, 78, 60, 80, 33, 16, 7)(62, 19, 51, 12, 84, 63, 71, 81, 11, 4, 61, 19, 61, 75, 1, 45, 5, 17)(30, 4, 51, 41, 98, 68, 99, 8, 73, 82, 44, 7, 5, 40, 21, 4, 13, 20)(57, 7, 92, 2, 55, 26, 92, 6, 79, 44, 67, 67, 94, 12, 46, 60, 6, 54)(40, 18, 31, 58, 93, 52, 44, 49, 70, 68, 40, 45, 84, 100, 21, 46, 61, 46)
line 95: kNearestNeighbour 2 (4,10,1,7,5,3,1,3,7,5,6,1,4,1,9,4,7,4)
(39, 4, 75, 52, 33, 41, 26, 71, 64, 42, 6, 28, 8, 76, 54, 19, 66, 64)(2, 10, 91, 39, 3, 11, 69, 2, 86, 28, 6, 48, 78, 60, 80, 33, 16, 7)
line 96: nearestNeighbour (8,10,7,9,1,7,2,6,5,6,5,4,8,9,3,10,7,5)
(39, 4, 75, 52, 33, 41, 26, 71, 64, 42, 6, 28, 8, 76, 54, 19, 66, 64)
line 97: nearestNeighbour (1,8,1,7,6,6,7,10,4,7,10,2,6,2,4,8,9,9)
(39, 4, 75, 52, 33, 41, 26, 71, 64, 42, 6, 28, 8, 76, 54, 19, 66, 64)
line 98: kNearestNeighbour 4 (9,1,6,5,9,8,2,4,4,6,9,2,6,9,10,9,7,3)
(39, 4, 75, 52, 33, 41, 26, 71, 64, 42, 6, 28, 8, 76, 54, 19, 66, 64)(2, 10, 91, 39, 3, 11, 69, 2, 86, 28, 6, 48, 78, 60, 80, 33, 16, 7)(62, 19, 51, 12, 84, 63, 71, 81, 11, 4, 61, 19, 61, 75, 1, 45, 5, 17)(30, 4, 51, 41, 98, 68, 99, 8, 73, 82, 44, 7, 5, 40, 21, 4, 13, 20)
line 99: nearestNeighbour (8,1,7,1,4,8,2,5,2,5,9,5,5,1,8,3,10,2)
(39, 4, 75, 52, 33, 41, 26, 71, 64, 42, 6, 28, 8, 76, 54, 19, 66, 64)
line 100: nearestNeighbour (9,10,3,3,8,5,2,9,10,1,9,7,1,3,10,1,4,7)
(39, 4, 75, 52, 33, 41, 26, 71, 64, 42, 6, 28, 8, 76, 54, 19, 66, 64)
line 101: nearestNeighbour (9,6,7,9,3,1,10,1,2,8,3,4,8,7,2,5,4,7)
(39, 4, 75, 52, 33, 41, 26, 71, 64, 42, 6, 28, 8, 76, 54, 19, 66, 64)
line 102: nearestNeighbour (3,7,6,2,8,5,1,3,6,5,4,9,5,1,10,7,9,7)
(39, 4, 75, 52, 33, 41, 26, 71, 64, 42, 6, 28, 8, 76, 54, 19, 66, 64)
line 103: nearestNeighbour (9,4,4,1,8,8,3,2,10,9,10,6,4,4,7,2,10,5)
(39, 4, 75, 52, 33, 41, 26, 71, 64, 42, 6, 28, 8, 76, 54, 19, 66, 64)
line 104: nearestNeighbour (8,6,4,9,9,2,3,2,8,7,10,3,2,1,1,4,7,8)
(39, 4, 75, 52, 33, 41, 26, 71, 64, 42, 6, 28, 8, 76, 54, 19, 66, 64)
line 105: kNearestNeighbour 2 (5,7,2,6,3,6,1,3,3,9,5,7,10,9,5,10,5,8)
(39, 4, 75, 52, 33, 41, 26, 71, 64, 42, 6, 28, 8, 76, 54, 19, 66, 64)(2, 10, 91, 39, 3, 11, 69, 2, 86, 28, 6, 48, 78, 60, 80, 33, 16, 7)
line 106: nearestNeighbour (8,8,10,4,3,7,10,4,4,10,1,10,6,9,3,1,6,8)
(39, 4, 75, 52, 33, 41, 26, 71, 64, 42, 6, 28, 8, 76, 54, 19, 66, 64)
line 107: kNearestNeighbour 10 (7,4,3,2,9,1,5,6,6,9,8,1,6,2,4,1,7,2)
(39, 4, 75, 52, 33, 41, 26, 71, 64, 42, 6, 28, 8, 76, 54, 19, 66, 64)(2, 10, 91, 39, 3, 11, 69, 2, 86, 28, 6, 48, 78, 60, 80, 33, 16, 7)(62, 19, 51, 12, 84, 63, 71, 81, 11, 4, 61, 19, 61, 75, 1, 45, 5, 17)(30, 4, 51, 41, 98, 68, 99, 8, 73, 82, 44, 7, 5, 40, 21, 4, 13, 20)(57, 7, 92, 2, 55, 26, 92, 6, 79, 44, 67, 67, 94, 12, 46, 60, 6, 54)(40, 18, 31, 58, 93, 52, 44, 49, 70, 68, 40, 45, 84, 100, 21, 46, 61, 46)(94, 91, 1, 69, 31, 14, 67, 61, 1, 26, 54, 86, 10, 95, 1, 30, 90, 20)(7, 28, 73, 85, 51, 16, 4, 98, 84, 9, 32, 84, 48, 68, 36, 42, 100, 33)(30, 1, 98, 73, 70, 46, 63, 19, 96, 3, 31, 68, 47, 5, 87, 85, 40, 40)(29, 26, 40, 35, 30, 58, 6, 85, 18, 70, 96, 97, 64, 77, 88, 75, 27, 19)
line 108: nearestNeighbour (10,10,4,4,3,2,2,10,8,3,7,10,8,5,7,5,3,2)
(39, 4, 75, 52, 33, 41, 26, 71, 64, 42, 6, 28, 8, 76, 54, 19, 66, 64)
line 109: kNearestNeighbour 3 (6,5,5,5,5,7,9,2,5,8,10,10,9,3,9,7,6,3)
(2, 10, 91, 39, 3, 11, 69, 2, 86, 28, 6, 48, 78, 60, 80, 33, 16, 7)(39, 4, 75, 52, 33, 41, 26, 71, 64, 42, 6, 28, 8, 76, 54, 19, 66, 64)(62, 19, 51, 12, 84, 63, 71, 81, 11, 4, 61, 19, 61, 75, 1, 45, 5, 17)
line 110: kNearestNeighbour 7 (2,7,6,7,7,4,3,4,6,8,10,8,7,5,3,5,10,4)
(39, 4, 75, 52, 33, 41, 26, 71, 64, 42, 6, 28, 8, 76, 54, 19, 66, 64)(2, 10, 91, 39, 3, 11, 69, 2, 86, 28, 6, 48, 78, 60, 80, 33, 16, 7)(62, 19, 51, 12, 84, 63, 71, 81, 11, 4, 61, 19, 61, 75, 1, 45, 5, 17)(30, 4, 51, 41, 98, 68, 99, 8, 73, 82, 44, 7, 5, 40, 21, 4, 13, 20)(40, 18, 31, 58, 93, 52, 44, 49, 70, 68, 40, 45, 84, 100, 21, 46, 61, 46)(57, 7, 92, 2, 55, 26, 92, 6, 79, 44, 67, 67, 94, 12, 46, 60, 6, 54)(94, 91, 1, 69, 31, 14, 67, 61, 1, 26, 54, 86, 10, 95, 1, 30, 90, 20)
line 111: nearestNeighbour (2,2,5,10,4,7,6,8,9,10,9,4,7,3,6,8,7,9)
(39, 4, 75, 52, 33, 41, 26, 71, 64, 42, 6, 28, 8, 76, 54, 19, 66, 64)
line 112: nearestNeighbour (8,4,6,1,2,1,1,2,6,6,1,1,1,8,8,2,2,2)
(39, 4, 75, 52, 33, 41, 26, 71, 64, 42, 6, 28, 8, 76, 54, 19, 66, 64)
line 113: kNearestNeighbour 3 (2,6,10,10,1,5,6,5,1,2,4,1,2,2,7,9,4,5)
(39, 4, 75, 52, 33, 41, 26, 71, 64, 42, 6, 28, 8, 76, 54, 19, 66, 64)(2, 10, 91, 39, 3, 11, 69, 2, 86, 28, 6, 48, 78, 60, 80, 33, 16, 7)(62, 19, 51, 12, 84, 63, 71, 81, 11, 4, 61, 19, 61, 75, 1, 45, 5, 17)
line 114: nearestNeighbour (10,10,6,3,2,5,9,10,5,5,5,2,2,3,3,5,1,5)
(39, 4, 75, 52, 33, 41, 26, 71, 64, 42, 6, 28, 8, 76, 54, 19, 66, 64)
line 115: kNearestNeighbour 5 (3,6,6,4,7,8,3,2,7,2,8,5,3,7,6,5,5,6)
(39, 4, 75, 52, 33, 41, 26, 71, 64, 42, 6, 28, 8, 76, 54, 19, 66, 64)(2, 10, 91, 39, 3, 11, 69, 2, 86, 28, 6, 48, 78, 60, 80, 33, 16, 7)(62, 19, 51, 12, 84, 63, 71, 81, 11, 4, 61, 19, 61, 75, 1, 45, 5, 17)(30, 4, 51, 41, 98, 68, 99, 8, 73, 82, 44, 7, 5, 40, 21, 4, 13, 20)(57, 7, 92, 2, 55, 26, 92, 6, 79, 44, 67, 67, 94, 12, 46, 60, 6, 54)
line 116: kNearestNeighbour 7 (2,10,5,7,4,8,5,6,8,8,4,3,1,7,5,9,6,7)
(39, 4, 75, 52, 33, 41, 26, 71, 64, 42, 6, 28, 8, 76, 54, 19, 66, 64)(2, 10, 91, 39, 3, 11, 69, 2, 86, 28, 6, 48, 78, 60, 80, 33, 16, 7)(30, 4, 51, 41, 98, 68, 99, 8, 73, 82, 44, 7, 5, 40, 21, 4, 13, 20)(62, 19, 51, 12, 84, 63, 71, 81, 11, 4, 61, 19, 61, 75, 1, 45, 5, 17)(40, 18, 31, 58, 93, 52, 44, 49, 70, 68, 40, 45, 84, 100, 21, 46, 61, 46)(57, 7, 92, 2, 55, 26, 92, 6, 79, 44, 67, 67, 94, 12, 46, 60, 6, 54)(94, 91, 1, 69, 31, 14, 67, 61, 1, 26, 54, 86, 10, 95, 1, 30, 90, 20)
line 117: nearestNeighbour (2,2,6,6,6,2,5,2,5,1,3,8,9,3,10,3,2,9)
(2, 10, 91, 39, 3, 11, 69, 2, 86, 28, 6, 48, 78, 60, 80, 33, 16, 7)
line 118: kNearestNeighbour 8 (4,9,1,2,5,7,7,4,9,6,6,5,3,8,3,9,10,2)
(39, 4, 75, 52, 33, 41, 26, 71, 64, 42, 6, 28, 8, 76, 54, 19, 66, 64)(2, 10, 91, 39, 3, 11, 69, 2, 86, 28, 6, 48, 78, 60, 80, 33, 16, 7)(62, 19, 51, 12, 84, 63, 71, 81, 11, 4, 61, 19, 61, 75, 1, 45, 5, 17)(30, 4, 51, 41, 98, 68, 99, 8, 73, 82, 44, 7, 5, 40, 21, 4, 13, 20)(40, 18, 31, 58, 93, 52, 44, 49, 70, 68, 40, 45, 84, 100, 21, 46, 61, 46)(57, 7, 92, 2, 55, 26, 92, 6, 79, 44, 67, 67, 94, 12, 46, 60, 6, 54)(94, 91, 1, 69, 31, 14, 67, 61, 1, 26, 54, 86, 10, 95, 1, 30, 90, 20)(7, 28, 73, 85, 51, 16, 4, 98, 84, 9, 32, 84, 48, 68, 36, 42, 100, 33)
line 119: kNearestNeighbour 8 (4,1,3,8,4,1,9,9,3,6,2,3,6,5,7,7,4,10)
(39, 4, 75, 52, 33, 41, 26, 71, 64, 42, 6, 28, 8, 76, 54, 19, 66, 64)(2, 10, 91, 39, 3, 11, 69, 2, 86, 28, 6, 48, 78, 60, 80, 33, 16, 7)(62, 19, 51, 12, 84, 63, 71, 81, 11, 4, 61, 19, 61, 75, 1, 45, 5, 17)(30, 4, 51, 41, 98, 68, 99, 8, 73, 82, 44, 7, 5, 40, 21, 4, 13, 20)(57, 7, 92, 2, 55, 26, 92, 6, 79, 44, 67, 67, 94, 12, 46, 60, 6, 54)(40, 18, 31, 58, 93, 52, 44, 49, 70, 68, 40, 45, 84, 100, 21, 46, 61, 46)(94, 91, 1, 69, 31, 14, 67, 61, 1, 26, 54, 86, 10, 95, 1, 30, 90, 20)(30, 1, 98, 73, 70, 46, 63, 19, 96, 3, 31, 68, 47, 5, 87, 85, 40, 40)
line 120: kNearestNeighbour 5 (9,6,1,5,1,8,8,9,4,8,4,3,4,2,5,2,8,3)
(39, 4, 75, 52, 33, 41, 26, 71, 64, 42, 6, 28, 8, 76, 54, 19, 66, 64)(2, 10, 91, 39, 3, 11, 69, 2, 86, 28, 6, 48, 78, 60, 80, 33, 16, 7)(62, 19, 51, 12, 84, 63, 71, 81, 11, 4, 61, 19, 61, 75, 1, 45, 5, 17)(30, 4, 51, 41, 98, 68, 99, 8, 73, 82, 44, 7, 5, 40, 21, 4, 13, 20)(57, 7, 92, 2, 55, 26, 92, 6, 79, 44, 67, 67, 94, 12, 46, 60, 6, 54)
line 121: kNearestNeighbour 9 (1,3,2,9,6,2,4,9,6,4,3,1,2,7,9,3,7,1)
(39, 4, 75, 52, 33, 41, 26, 71, 64, 42, 6, 28, 8, 76, 54, 19, 66, 64)(2, 10, 91, 39, 3, 11, 69, 2, 86, 28, 6, 48, 78, 60, 80, 33, 16, 7)(62, 19, 51, 12, 84, 63, 71, 81, 11, 4, 61, 19, 61, 75, 1, 45, 5, 17)(30, 4, 51, 41, 98, 68, 99, 8, 73, 82, 44, 7, 5, 40, 21, 4, 13, 20)(40, 18, 31, 58, 93, 52, 44, 49, 70, 68, 40, 45, 84, 100, 21, 46, 61, 46)(7, 28, 73, 85, 51, 16, 4, 98, 84, 9, 32, 84, 48, 68, 36, 42, 100, 33)(57, 7, 92, 2, 55, 26, 92, 6, 79, 44, 67, 67, 94, 12, 46, 60, 6, 54)(94, 91, 1, 69, 31, 14, 67, 61, 1, 26, 54, 86, 10, 95, 1, 30, 90, 20)(30, 1, 98, 73, 70, 46, 63, 19, 96, 3, 31, 68, 47, 5, 87, 85, 40, 40)
line 122: nearestNeighbour (4,4,10,6,7,1,3,6,9,8,9,3,5,1,4,3,5,3)
(39, 4, 75, 52, 33, 41, 26, 71, 64, 42, 6, 28, 8, 76, 54, 19, 66, 64)
line 123: nearestNeighbour (6,4,2,1,8,2,6,5,6,4,6,9,2,9,10,6,7,5)
(39, 4, 75, 52, 33, 41, 26, 71, 64, 42, 6, 28, 8, 76, 54, 19, 66, 64)
line 124: nearestNeighbour (1,5,2,2,3,9,8,8,2,7,1,10,7,7,10,4,3,9)
(39, 4, 75, 52, 33, 41, 26, 71, 64, 42, 6, 28, 8, 76, 54, 19, 66, 64)
line 125: nearestNeighbour (3,4,4,10,4,6,10,5,7,2,9,1,10,5,6,9,2,2)
(2, 10, 91, 39, 3, 11, 69, 2, 86, 28, 6, 48, 78, 60, 80, 33, 16, 7)
line 126: kNearestNeighbour 7 (9,10,2,7,5,6,3,7,4,8,6,10,5,9,9,9,7,6)
(39, 4, 75, 52, 33, 41, 26, 71, 64, 42, 6, 28, 8, 76, 54, 19, 66, 64)(2, 10, 91, 39, 3, 11, 69, 2, 86, 28, 6, 48, 78, 60, 80, 33, 16, 7)(62, 19, 51, 12, 84, 63, 71, 81, 11, 4, 61, 19, 61, 75, 1, 45, 5, 17)(30, 4, 51, 41, 98, 68, 99, 8, 73, 82, 44, 7, 5, 40, 21, 4, 13, 20)(40, 18, 31, 58, 93, 52, 44, 49, 70, 68, 40, 45, 84, 100, 21, 46, 61, 46)(94, 91, 1, 69, 31, 14, 67, 61, 1, 26, 54, 86, 10, 95, 1, 30, 90, 20)(57, 7, 92, 2, 55, 26, 92, 6, 79, 44, 67, 67, 94, 12, 46, 60, 6, 54)
line 127: nearestNeighbour (6,6,4,4,2,2,8,10,7,5,1,8,10,7,7,3,8,6)
(39, 4, 75, 52, 33, 41, 26, 71, 64, 42, 6, 28, 8, 76, 54, 19, 66, 64)
line 128: kNearestNeighbour 1 (5,3,4,9,3,4,7,5,1,8,2,7,3,3,10,4,7,1)
(39, 4, 75, 52, 33, 41, 26, 71, 64, 42, 6, 28, 8, 76, 54, 19, 66, 64)
line 129: nearestNeighbour (2,7,3,10,1,8,4,5,10,7,10,1,7,10,8,9,4,5)
(39, 4, 75, 52, 33, 41, 26, 71, 64, 42, 6, 28, 8, 76, 54, 19, 66, 64)
line 130: kNearestNeighbour 9 (10,10,5,2,2,5,4,8,4,8,6,8,9,1,10,6,9,6)
(39, 4, 75, 52, 33, 41, 26, 71, 64, 42, 6, 28, 8, 76, 54, 19, 66, 64)(2, 10, 91, 39, 3, 11, 69, 2, 86, 28, 6, 48, 78, 60, 80, 33, 16, 7)(62, 19, 51, 12, 84, 63, 71, 81, 11, 4, 61, 19, 61, 75, 1, 45, 5, 17)(30, 4, 51, 41, 98, 68, 99, 8, 73, 82, 44, 7, 5, 40, 21, 4, 13, 20)(57, 7, 92, 2, 55, 26, 92, 6, 79, 44, 67, 67, 94, 12, 46, 60, 6, 54)(40, 18, 31, 58, 93, 52, 44, 49, 70, 68, 40, 45, 84, 100, 21, 46, 61, 46)(94, 91, 1, 69, 31, 14, 67, 61, 1, 26, 54, 86, 10, 95, 1, 30, 90, 20)(7, 28, 73, 85, 51, 16, 4, 98, 84, 9, 32, 84, 48, 68, 36, 42, 100, 33)(30, 1, 98, 73, 70, 46, 63, 19, 96, 3, 31, 68, 47, 5, 87, 85, 40, 40)
line 131: kNearestNeighbour 3 (8,8,8,3,4,9,1,1,8,10,3,5,8,2,4,4,9,8)
(39, 4, 75, 52, 33, 41, 26, 71, 64, 42, 6, 28, 8, 76, 54, 19, 66, 64)(2, 10, 91, 39, 3, 11, 69, 2, 86, 28, 6, 48, 78, 60, 80, 33, 16, 7)(30, 4, 51, 41, 98, 68, 99, 8, 73, 82, 44, 7, 5, 40, 21, 4, 13, 20)
line 132: kNearestNeighbour 10 (9,9,6,1,5,1,4,8,7,6,7,6,10,7,6,6,3,7)
(39, 4, 75, 52, 33, 41, 26, 71, 64, 42, 6, 28, 8, 76, 54, 19, 66, 64)(2, 10, 91, 39, 3, 11, 69, 2, 86, 28, 6, 48, 78, 60, 80, 33, 16, 7)(62, 19, 51, 12, 84, 63, 71, 81, 11, 4, 61, 19, 61, 75, 1, 45, 5, 17)(30, 4, 51, 41, 98, 68, 99, 8, 73, 82, 44, 7, 5, 40, 21, 4, 13, 20)(57, 7, 92, 2, 55, 26, 92, 6, 79, 44, 67, 67, 94, 12, 46, 60, 6, 54)(40, 18, 31, 58, 93, 52, 44, 49, 70, 68, 40, 45, 84, 100, 21, 46, 61, 46)(94, 91, 1, 69, 31, 14, 67, 61, 1, 26, 54, 86, 10, 95, 1, 30, 90, 20)(7, 28, 73, 85, 51, 16, 4, 98, 84, 9, 32, 84, 48, 68, 36, 42, 100, 33)(30, 1, 98, 73, 70, 46, 63, 19, 96, 3, 31, 68, 47, 5, 87, 85, 40, 40)(29, 26, 40, 35, 30, 58, 6, 85, 18, 70, 96, 97, 64, 77, 88, 75, 27, 19)
line 133: nearestNeighbour (2,7,4,5,5,9,10,9,10,6,9,5,1,8,4,8,7,1)
(39, 4, 75, 52, 33, 41, 26, 71, 64, 42, 6, 28, 8, 76, 54, 19, 66, 64)
line 134: kNearestNeighbour 9 (6,3,7,3,10,4,7,4,8,10,10,6,4,7,5,8,8,2)
(39, 4, 75, 52, 33, 41, 26, 71, 64, 42, 6, 28, 8, 76, 54, 19, 66, 64)(2, 10, 91, 39, 3, 11, 69, 2, 86, 28, 6, 48, 78, 60, 80, 33, 16, 7)(30, 4, 51, 41, 98, 68, 99, 8, 73, 82, 44, 7, 5, 40, 21, 4, 13, 20)(62, 19, 51, 12, 84, 63, 71, 81, 11, 4, 61, 19, 61, 75, 1, 45, 5, 17)(57, 7, 92, 2, 55, 26, 92, 6, 79, 44, 67, 67, 94, 12, 46, 60, 6, 54)(40, 18, 31, 58, 93, 52, 44, 49, 70, 68, 40, 45, 84, 100, 21, 46, 61, 46)(94, 91, 1, 69, 31, 14, 67, 61, 1, 26, 54, 86, 10, 95, 1, 30, 90, 20)(30, 1, 98, 73, 70, 46, 63, 19, 96, 3, 31, 68, 47, 5, 87, 85, 40, 40)(7, 28, 73, 85, 51, 16, 4, 98, 84, 9, 32, 84, 48, 68, 36, 42, 100, 33)
line 135: kNearestNeighbour 5 (5,10,9,6,3,6,2,2,2,5,2,3,2,9,2,8,7,5)
(39, 4, 75, 52, 33, 41, 26, 71, 64, 42, 6, 28, 8, 76, 54, 19, 66, 64)(2, 10, 91, 39, 3, 11, 69, 2, 86, 28, 6, 48, 78, 60, 80, 33, 16, 7)(62, 19, 51, 12, 84, 63, 71, 81, 11, 4, 61, 19, 61, 75, 1, 45, 5, 17)(30, 4, 51, 41, 98, 68, 99, 8, 73, 82, 44, 7, 5, 40, 21, 4, 13, 20)(40, 18, 31, 58, 93, 52, 44, 49, 70, 68, 40, 45, 84, 100, 21, 46, 61, 46)
line 136: kNearestNeighbour 3 (4,3,9,2,3,1,5,4,4,6,2,8,3,6,5,10,3,6)
(39, 4, 75, 52, 33, 41, 26, 71, 64, 42, 6, 28, 8, 76, 54, 19, 66, 64)(2, 10, 91, 39, 3, 11, 69, 2, 86, 28, 6, 48, 78, 60, 80, 33, 16, 7)(62, 19, 51, 12, 84, 63, 71, 81, 11, 4, 61, 19, 61, 75, 1, 45, 5, 17)
line 137: kNearestNeighbour 9 (1,5,1,6,6,2,4,9,10,1,9,9,2,8,3,2,1,1)
