line 1: k=19
line 2: clear
line 3: buildTree 13
(3,8,50,74,20,71,34,90,79,84,41,69,57,38,31,27,52,80,38) (82,83,36,5,29,75,57,51,97,86,13,20,80,5,65,84,36,92,66) (38,69,15,34,80,93,73,33,26,79,98,24,27,89,28,87,28,23,30) (45,35,7,36,55,60,68,83,44,90,30,66,48,66,13,56,99,54,71) (90,75,53,97,71,61,6,75,99,84,78,78,10,84,90,12,11,37,81) (52,21,3,16,48,31,23,95,7,30,72,53,60,1,85,97,80,90,95) (80,63,90,50,58,28,45,1,75,13,96,8,79,23,17,68,82,86,49) (38,91,25,6,59,74,74,92,70,65,81,81,38,2,100,81,70,62,71) (74,29,71,98,64,63,48,67,79,38,37,51,41,24,71,57,26,81,19) (85,58,36,32,84,95,82,43,30,45,36,68,50,65,95,91,100,42,96) (21,87,36,67,73,68,60,25,24,25,11,52,69,81,85,3,15,33,95) (87,32,71,56,93,2,46,8,64,63,76,64,21,92,18,11,99,84,21) (87,50,66,66,76,38,25,18,23,19,48,93,18,57,39,22,2,79,25) 
line 4: nodeCount_height_leafCount
nodeCount=13;height=4;leafCount=6
line 5: inorderTraversal
(52, 21, 3, 16, 48, 31, 23, 95, 7, 30, 72, 53, 60, 1, 85, 97, 80, 90, 95) (3, 8, 50, 74, 20, 71, 34, 90, 79, 84, 41, 69, 57, 38, 31, 27, 52, 80, 38) (45, 35, 7, 36, 55, 60, 68, 83, 44, 90, 30, 66, 48, 66, 13, 56, 99, 54, 71) (38, 69, 15, 34, 80, 93, 73, 33, 26, 79, 98, 24, 27, 89, 28, 87, 28, 23, 30) (38, 91, 25, 6, 59, 74, 74, 92, 70, 65, 81, 81, 38, 2, 100, 81, 70, 62, 71) (21, 87, 36, 67, 73, 68, 60, 25, 24, 25, 11, 52, 69, 81, 85, 3, 15, 33, 95) (74, 29, 71, 98, 64, 63, 48, 67, 79, 38, 37, 51, 41, 24, 71, 57, 26, 81, 19) (87, 50, 66, 66, 76, 38, 25, 18, 23, 19, 48, 93, 18, 57, 39, 22, 2, 79, 25) (87, 32, 71, 56, 93, 2, 46, 8, 64, 63, 76, 64, 21, 92, 18, 11, 99, 84, 21) (85, 58, 36, 32, 84, 95, 82, 43, 30, 45, 36, 68, 50, 65, 95, 91, 100, 42, 96) (82, 83, 36, 5, 29, 75, 57, 51, 97, 86, 13, 20, 80, 5, 65, 84, 36, 92, 66) (90, 75, 53, 97, 71, 61, 6, 75, 99, 84, 78, 78, 10, 84, 90, 12, 11, 37, 81) (80, 63, 90, 50, 58, 28, 45, 1, 75, 13, 96, 8, 79, 23, 17, 68, 82, 86, 49) 
line 6: preorderTraversal
(74, 29, 71, 98, 64, 63, 48, 67, 79, 38, 37, 51, 41, 24, 71, 57, 26, 81, 19) (45, 35, 7, 36, 55, 60, 68, 83, 44, 90, 30, 66, 48, 66, 13, 56, 99, 54, 71) (52, 21, 3, 16, 48, 31, 23, 95, 7, 30, 72, 53, 60, 1, 85, 97, 80, 90, 95) (3, 8, 50, 74, 20, 71, 34, 90, 79, 84, 41, 69, 57, 38, 31, 27, 52, 80, 38) (38, 91, 25, 6, 59, 74, 74, 92, 70, 65, 81, 81, 38, 2, 100, 81, 70, 62, 71) (38, 69, 15, 34, 80, 93, 73, 33, 26, 79, 98, 24, 27, 89, 28, 87, 28, 23, 30) (21, 87, 36, 67, 73, 68, 60, 25, 24, 25, 11, 52, 69, 81, 85, 3, 15, 33, 95) (85, 58, 36, 32, 84, 95, 82, 43, 30, 45, 36, 68, 50, 65, 95, 91, 100, 42, 96) (87, 50, 66, 66, 76, 38, 25, 18, 23, 19, 48, 93, 18, 57, 39, 22, 2, 79, 25) (87, 32, 71, 56, 93, 2, 46, 8, 64, 63, 76, 64, 21, 92, 18, 11, 99, 84, 21) (90, 75, 53, 97, 71, 61, 6, 75, 99, 84, 78, 78, 10, 84, 90, 12, 11, 37, 81) (82, 83, 36, 5, 29, 75, 57, 51, 97, 86, 13, 20, 80, 5, 65, 84, 36, 92, 66) (80, 63, 90, 50, 58, 28, 45, 1, 75, 13, 96, 8, 79, 23, 17, 68, 82, 86, 49) 
line 7: postorderTraversal
(3, 8, 50, 74, 20, 71, 34, 90, 79, 84, 41, 69, 57, 38, 31, 27, 52, 80, 38) (52, 21, 3, 16, 48, 31, 23, 95, 7, 30, 72, 53, 60, 1, 85, 97, 80, 90, 95) (38, 69, 15, 34, 80, 93, 73, 33, 26, 79, 98, 24, 27, 89, 28, 87, 28, 23, 30) (21, 87, 36, 67, 73, 68, 60, 25, 24, 25, 11, 52, 69, 81, 85, 3, 15, 33, 95) (38, 91, 25, 6, 59, 74, 74, 92, 70, 65, 81, 81, 38, 2, 100, 81, 70, 62, 71) (45, 35, 7, 36, 55, 60, 68, 83, 44, 90, 30, 66, 48, 66, 13, 56, 99, 54, 71) (87, 32, 71, 56, 93, 2, 46, 8, 64, 63, 76, 64, 21, 92, 18, 11, 99, 84, 21) (87, 50, 66, 66, 76, 38, 25, 18, 23, 19, 48, 93, 18, 57, 39, 22, 2, 79, 25) (82, 83, 36, 5, 29, 75, 57, 51, 97, 86, 13, 20, 80, 5, 65, 84, 36, 92, 66) (80, 63, 90, 50, 58, 28, 45, 1, 75, 13, 96, 8, 79, 23, 17, 68, 82, 86, 49) (90, 75, 53, 97, 71, 61, 6, 75, 99, 84, 78, 78, 10, 84, 90, 12, 11, 37, 81) (85, 58, 36, 32, 84, 95, 82, 43, 30, 45, 36, 68, 50, 65, 95, 91, 100, 42, 96) (74, 29, 71, 98, 64, 63, 48, 67, 79, 38, 37, 51, 41, 24, 71, 57, 26, 81, 19) 
line 8: nearestNeighbour (2,1,1,9,2,7,8,2,9,5,4,1,5,5,5,2,8,7,8)
(87, 50, 66, 66, 76, 38, 25, 18, 23, 19, 48, 93, 18, 57, 39, 22, 2, 79, 25)
line 9: kNearestNeighbour 8 (9,8,3,8,4,3,8,1,6,5,3,5,2,7,5,4,9,5,9)
(87, 50, 66, 66, 76, 38, 25, 18, 23, 19, 48, 93, 18, 57, 39, 22, 2, 79, 25)(3, 8, 50, 74, 20, 71, 34, 90, 79, 84, 41, 69, 57, 38, 31, 27, 52, 80, 38)(21, 87, 36, 67, 73, 68, 60, 25, 24, 25, 11, 52, 69, 81, 85, 3, 15, 33, 95)(45, 35, 7, 36, 55, 60, 68, 83, 44, 90, 30, 66, 48, 66, 13, 56, 99, 54, 71)(74, 29, 71, 98, 64, 63, 48, 67, 79, 38, 37, 51, 41, 24, 71, 57, 26, 81, 19)(38, 69, 15, 34, 80, 93, 73, 33, 26, 79, 98, 24, 27, 89, 28, 87, 28, 23, 30)(52, 21, 3, 16, 48, 31, 23, 95, 7, 30, 72, 53, 60, 1, 85, 97, 80, 90, 95)(80, 63, 90, 50, 58, 28, 45, 1, 75, 13, 96, 8, 79, 23, 17, 68, 82, 86, 49)
line 10: nearestNeighbour (3,3,7,3,9,2,7,2,5,10,6,6,3,1,4,8,9,10,10)
(87, 50, 66, 66, 76, 38, 25, 18, 23, 19, 48, 93, 18, 57, 39, 22, 2, 79, 25)
line 11: nearestNeighbour (8,8,9,3,9,9,10,5,6,9,8,1,5,3,7,8,8,7,3)
(87, 50, 66, 66, 76, 38, 25, 18, 23, 19, 48, 93, 18, 57, 39, 22, 2, 79, 25)
line 12: kNearestNeighbour 2 (5,7,8,2,6,1,3,8,1,10,1,2,7,7,8,1,5,8,8)
(87, 50, 66, 66, 76, 38, 25, 18, 23, 19, 48, 93, 18, 57, 39, 22, 2, 79, 25)(3, 8, 50, 74, 20, 71, 34, 90, 79, 84, 41, 69, 57, 38, 31, 27, 52, 80, 38)
line 13: nearestNeighbour (2,10,8,5,1,7,10,2,1,5,2,1,3,7,9,2,1,5,5)
(87, 50, 66, 66, 76, 38, 25, 18, 23, 19, 48, 93, 18, 57, 39, 22, 2, 79, 25)
line 14: kNearestNeighbour 8 (2,1,2,5,9,2,5,2,10,2,10,8,10,7,4,6,6,5,9)
(87, 50, 66, 66, 76, 38, 25, 18, 23, 19, 48, 93, 18, 57, 39, 22, 2, 79, 25)(3, 8, 50, 74, 20, 71, 34, 90, 79, 84, 41, 69, 57, 38, 31, 27, 52, 80, 38)(21, 87, 36, 67, 73, 68, 60, 25, 24, 25, 11, 52, 69, 81, 85, 3, 15, 33, 95)(45, 35, 7, 36, 55, 60, 68, 83, 44, 90, 30, 66, 48, 66, 13, 56, 99, 54, 71)(38, 69, 15, 34, 80, 93, 73, 33, 26, 79, 98, 24, 27, 89, 28, 87, 28, 23, 30)(74, 29, 71, 98, 64, 63, 48, 67, 79, 38, 37, 51, 41, 24, 71, 57, 26, 81, 19)(52, 21, 3, 16, 48, 31, 23, 95, 7, 30, 72, 53, 60, 1, 85, 97, 80, 90, 95)(80, 63, 90, 50, 58, 28, 45, 1, 75, 13, 96, 8, 79, 23, 17, 68, 82, 86, 49)
line 15: kNearestNeighbour 8 (3,8,2,10,6,7,7,10,2,1,5,9,5,6,4,10,9,1,4)
(87, 50, 66, 66, 76, 38, 25, 18, 23, 19, 48, 93, 18, 57, 39, 22, 2, 79, 25)(3, 8, 50, 74, 20, 71, 34, 90, 79, 84, 41, 69, 57, 38, 31, 27, 52, 80, 38)(21, 87, 36, 67, 73, 68, 60, 25, 24, 25, 11, 52, 69, 81, 85, 3, 15, 33, 95)(45, 35, 7, 36, 55, 60, 68, 83, 44, 90, 30, 66, 48, 66, 13, 56, 99, 54, 71)(38, 69, 15, 34, 80, 93, 73, 33, 26, 79, 98, 24, 27, 89, 28, 87, 28, 23, 30)(74, 29, 71, 98, 64, 63, 48, 67, 79, 38, 37, 51, 41, 24, 71, 57, 26, 81, 19)(52, 21, 3, 16, 48, 31, 23, 95, 7, 30, 72, 53, 60, 1, 85, 97, 80, 90, 95)(80, 63, 90, 50, 58, 28, 45, 1, 75, 13, 96, 8, 79, 23, 17, 68, 82, 86, 49)
line 16: nearestNeighbour (1,1,2,10,7,1,5,8,7,4,6,10,4,2,7,5,3,10,10)
(87, 50, 66, 66, 76, 38, 25, 18, 23, 19, 48, 93, 18, 57, 39, 22, 2, 79, 25)
line 17: nearestNeighbour (6,9,9,10,3,6,9,6,2,5,9,10,10,8,2,8,10,10,1)
(87, 50, 66, 66, 76, 38, 25, 18, 23, 19, 48, 93, 18, 57, 39, 22, 2, 79, 25)
line 18: nearestNeighbour (4,1,3,8,8,6,5,3,5,6,10,4,1,5,10,4,9,10,2)
(87, 50, 66, 66, 76, 38, 25, 18, 23, 19, 48, 93, 18, 57, 39, 22, 2, 79, 25)
line 19: kNearestNeighbour 10 (4,6,8,9,1,3,3,9,9,5,6,10,6,5,9,7,10,4,2)
(87, 50, 66, 66, 76, 38, 25, 18, 23, 19, 48, 93, 18, 57, 39, 22, 2, 79, 25)(3, 8, 50, 74, 20, 71, 34, 90, 79, 84, 41, 69, 57, 38, 31, 27, 52, 80, 38)(21, 87, 36, 67, 73, 68, 60, 25, 24, 25, 11, 52, 69, 81, 85, 3, 15, 33, 95)(74, 29, 71, 98, 64, 63, 48, 67, 79, 38, 37, 51, 41, 24, 71, 57, 26, 81, 19)(45, 35, 7, 36, 55, 60, 68, 83, 44, 90, 30, 66, 48, 66, 13, 56, 99, 54, 71)(38, 69, 15, 34, 80, 93, 73, 33, 26, 79, 98, 24, 27, 89, 28, 87, 28, 23, 30)(52, 21, 3, 16, 48, 31, 23, 95, 7, 30, 72, 53, 60, 1, 85, 97, 80, 90, 95)(80, 63, 90, 50, 58, 28, 45, 1, 75, 13, 96, 8, 79, 23, 17, 68, 82, 86, 49)(87, 32, 71, 56, 93, 2, 46, 8, 64, 63, 76, 64, 21, 92, 18, 11, 99, 84, 21)(82, 83, 36, 5, 29, 75, 57, 51, 97, 86, 13, 20, 80, 5, 65, 84, 36, 92, 66)
line 20: kNearestNeighbour 6 (7,6,6,7,10,4,2,6,4,5,6,5,8,3,6,8,2,2,2)
(87, 50, 66, 66, 76, 38, 25, 18, 23, 19, 48, 93, 18, 57, 39, 22, 2, 79, 25)(3, 8, 50, 74, 20, 71, 34, 90, 79, 84, 41, 69, 57, 38, 31, 27, 52, 80, 38)(21, 87, 36, 67, 73, 68, 60, 25, 24, 25, 11, 52, 69, 81, 85, 3, 15, 33, 95)(74, 29, 71, 98, 64, 63, 48, 67, 79, 38, 37, 51, 41, 24, 71, 57, 26, 81, 19)(38, 69, 15, 34, 80, 93, 73, 33, 26, 79, 98, 24, 27, 89, 28, 87, 28, 23, 30)(45, 35, 7, 36, 55, 60, 68, 83, 44, 90, 30, 66, 48, 66, 13, 56, 99, 54, 71)
line 21: kNearestNeighbour 5 (3,6,3,8,8,7,1,9,4,1,10,9,7,9,2,4,1,4,6)
(87, 50, 66, 66, 76, 38, 25, 18, 23, 19, 48, 93, 18, 57, 39, 22, 2, 79, 25)(3, 8, 50, 74, 20, 71, 34, 90, 79, 84, 41, 69, 57, 38, 31, 27, 52, 80, 38)(21, 87, 36, 67, 73, 68, 60, 25, 24, 25, 11, 52, 69, 81, 85, 3, 15, 33, 95)(38, 69, 15, 34, 80, 93, 73, 33, 26, 79, 98, 24, 27, 89, 28, 87, 28, 23, 30)(74, 29, 71, 98, 64, 63, 48, 67, 79, 38, 37, 51, 41, 24, 71, 57, 26, 81, 19)
line 22: nearestNeighbour (8,3,4,2,3,2,6,4,5,1,8,3,8,7,3,10,4,3,5)
(87, 50, 66, 66, 76, 38, 25, 18, 23, 19, 48, 93, 18, 57, 39, 22, 2, 79, 25)
line 23: kNearestNeighbour 2 (5,4,7,10,3,5,2,8,4,3,8,5,4,1,10,1,7,4,2)
(87, 50, 66, 66, 76, 38, 25, 18, 23, 19, 48, 93, 18, 57, 39, 22, 2, 79, 25)(3, 8, 50, 74, 20, 71, 34, 90, 79, 84, 41, 69, 57, 38, 31, 27, 52, 80, 38)
line 24: nearestNeighbour (6,6,6,4,3,8,1,7,7,10,1,3,7,9,3,4,5,9,9)
(87, 50, 66, 66, 76, 38, 25, 18, 23, 19, 48, 93, 18, 57, 39, 22, 2, 79, 25)
line 25: kNearestNeighbour 9 (3,4,8,6,2,7,4,8,3,1,8,1,2,8,2,3,2,10,9)
(87, 50, 66, 66, 76, 38, 25, 18, 23, 19, 48, 93, 18, 57, 39, 22, 2, 79, 25)(3, 8, 50, 74, 20, 71, 34, 90, 79, 84, 41, 69, 57, 38, 31, 27, 52, 80, 38)(21, 87, 36, 67, 73, 68, 60, 25, 24, 25, 11, 52, 69, 81, 85, 3, 15, 33, 95)(74, 29, 71, 98, 64, 63, 48, 67, 79, 38, 37, 51, 41, 24, 71, 57, 26, 81, 19)(38, 69, 15, 34, 80, 93, 73, 33, 26, 79, 98, 24, 27, 89, 28, 87, 28, 23, 30)(45, 35, 7, 36, 55, 60, 68, 83, 44, 90, 30, 66, 48, 66, 13, 56, 99, 54, 71)(52, 21, 3, 16, 48, 31, 23, 95, 7, 30, 72, 53, 60, 1, 85, 97, 80, 90, 95)(80, 63, 90, 50, 58, 28, 45, 1, 75, 13, 96, 8, 79, 23, 17, 68, 82, 86, 49)(87, 32, 71, 56, 93, 2, 46, 8, 64, 63, 76, 64, 21, 92, 18, 11, 99, 84, 21)
line 26: kNearestNeighbour 9 (9,10,2,10,2,2,10,8,9,5,9,10,4,4,10,3,8,2,10)
(87, 50, 66, 66, 76, 38, 25, 18, 23, 19, 48, 93, 18, 57, 39, 22, 2, 79, 25)(3, 8, 50, 74, 20, 71, 34, 90, 79, 84, 41, 69, 57, 38, 31, 27, 52, 80, 38)(21, 87, 36, 67, 73, 68, 60, 25, 24, 25, 11, 52, 69, 81, 85, 3, 15, 33, 95)(74, 29, 71, 98, 64, 63, 48, 67, 79, 38, 37, 51, 41, 24, 71, 57, 26, 81, 19)(45, 35, 7, 36, 55, 60, 68, 83, 44, 90, 30, 66, 48, 66, 13, 56, 99, 54, 71)(38, 69, 15, 34, 80, 93, 73, 33, 26, 79, 98, 24, 27, 89, 28, 87, 28, 23, 30)(52, 21, 3, 16, 48, 31, 23, 95, 7, 30, 72, 53, 60, 1, 85, 97, 80, 90, 95)(80, 63, 90, 50, 58, 28, 45, 1, 75, 13, 96, 8, 79, 23, 17, 68, 82, 86, 49)(87, 32, 71, 56, 93, 2, 46, 8, 64, 63, 76, 64, 21, 92, 18, 11, 99, 84, 21)
line 27: kNearestNeighbour 1 (3,4,8,9,3,1,4,8,5,5,5,9,8,8,8,1,6,4,6)
(87, 50, 66, 66, 76, 38, 25, 18, 23, 19, 48, 93, 18, 57, 39, 22, 2, 79, 25)
line 28: nearestNeighbour (8,10,8,2,4,1,8,5,6,10,8,4,4,9,5,10,2,3,7)
(87, 50, 66, 66, 76, 38, 25, 18, 23, 19, 48, 93, 18, 57, 39, 22, 2, 79, 25)
line 29: kNearestNeighbour 8 (9,3,2,1,9,1,8,2,7,9,2,4,10,5,1,10,4,10,8)
(87, 50, 66, 66, 76, 38, 25, 18, 23, 19, 48, 93, 18, 57, 39, 22, 2, 79, 25)(3, 8, 50, 74, 20, 71, 34, 90, 79, 84, 41, 69, 57, 38, 31, 27, 52, 80, 38)(21, 87, 36, 67, 73, 68, 60, 25, 24, 25, 11, 52, 69, 81, 85, 3, 15, 33, 95)(45, 35, 7, 36, 55, 60, 68, 83, 44, 90, 30, 66, 48, 66, 13, 56, 99, 54, 71)(38, 69, 15, 34, 80, 93, 73, 33, 26, 79, 98, 24, 27, 89, 28, 87, 28, 23, 30)(74, 29, 71, 98, 64, 63, 48, 67, 79, 38, 37, 51, 41, 24, 71, 57, 26, 81, 19)(52, 21, 3, 16, 48, 31, 23, 95, 7, 30, 72, 53, 60, 1, 85, 97, 80, 90, 95)(80, 63, 90, 50, 58, 28, 45, 1, 75, 13, 96, 8, 79, 23, 17, 68, 82, 86, 49)
line 30: kNearestNeighbour 6 (10,10,9,1,8,5,1,6,1,3,7,10,6,9,9,10,3,4,4)
(87, 50, 66, 66, 76, 38, 25, 18, 23, 19, 48, 93, 18, 57, 39, 22, 2, 79, 25)(21, 87, 36, 67, 73, 68, 60, 25, 24, 25, 11, 52, 69, 81, 85, 3, 15, 33, 95)(3, 8, 50, 74, 20, 71, 34, 90, 79, 84, 41, 69, 57, 38, 31, 27, 52, 80, 38)(38, 69, 15, 34, 80, 93, 73, 33, 26, 79, 98, 24, 27, 89, 28, 87, 28, 23, 30)(74, 29, 71, 98, 64, 63, 48, 67, 79, 38, 37, 51, 41, 24, 71, 57, 26, 81, 19)(45, 35, 7, 36, 55, 60, 68, 83, 44, 90, 30, 66, 48, 66, 13, 56, 99, 54, 71)
line 31: nearestNeighbour (9,2,4,9,8,9,6,1,5,5,2,2,5,1,3,10,4,6,5)
(87, 50, 66, 66, 76, 38, 25, 18, 23, 19, 48, 93, 18, 57, 39, 22, 2, 79, 25)
line 32: nearestNeighbour (4,7,7,7,4,2,5,3,1,2,3,9,9,7,4,10,7,1,7)
(87, 50, 66, 66, 76, 38, 25, 18, 23, 19, 48, 93, 18, 57, 39, 22, 2, 79, 25)
line 33: nearestNeighbour (5,2,10,5,4,8,8,3,2,5,5,1,4,2,7,5,8,3,10)
(87, 50, 66, 66, 76, 38, 25, 18, 23, 19, 48, 93, 18, 57, 39, 22, 2, 79, 25)
line 34: nearestNeighbour (10,3,10,5,7,1,9,5,5,6,2,6,8,3,1,1,6,4,10)
(87, 50, 66, 66, 76, 38, 25, 18, 23, 19, 48, 93, 18, 57, 39, 22, 2, 79, 25)
line 35: nearestNeighbour (4,1,5,7,8,3,9,7,4,3,10,6,7,4,8,8,1,8,10)
(87, 50, 66, 66, 76, 38, 25, 18, 23, 19, 48, 93, 18, 57, 39, 22, 2, 79, 25)
line 36: nearestNeighbour (5,8,8,1,8,8,7,2,1,3,1,1,3,3,10,8,3,4,9)
(87, 50, 66, 66, 76, 38, 25, 18, 23, 19, 48, 93, 18, 57, 39, 22, 2, 79, 25)
line 37: kNearestNeighbour 7 (4,1,4,5,4,4,6,4,6,1,8,10,5,1,4,7,9,1,7)
(87, 50, 66, 66, 76, 38, 25, 18, 23, 19, 48, 93, 18, 57, 39, 22, 2, 79, 25)(3, 8, 50, 74, 20, 71, 34, 90, 79, 84, 41, 69, 57, 38, 31, 27, 52, 80, 38)(21, 87, 36, 67, 73, 68, 60, 25, 24, 25, 11, 52, 69, 81, 85, 3, 15, 33, 95)(45, 35, 7, 36, 55, 60, 68, 83, 44, 90, 30, 66, 48, 66, 13, 56, 99, 54, 71)(74, 29, 71, 98, 64, 63, 48, 67, 79, 38, 37, 51, 41, 24, 71, 57, 26, 81, 19)(38, 69, 15, 34, 80, 93, 73, 33, 26, 79, 98, 24, 27, 89, 28, 87, 28, 23, 30)(52, 21, 3, 16, 48, 31, 23, 95, 7, 30, 72, 53, 60, 1, 85, 97, 80, 90, 95)
line 38: nearestNeighbour (9,7,4,5,9,7,4,4,6,8,4,8,4,5,3,4,5,3,9)
(87, 50, 66, 66, 76, 38, 25, 18, 23, 19, 48, 93, 18, 57, 39, 22, 2, 79, 25)
line 39: kNearestNeighbour 9 (9,6,6,3,4,6,6,1,5,9,6,9,7,1,8,4,6,2,2)
(87, 50, 66, 66, 76, 38, 25, 18, 23, 19, 48, 93, 18, 57, 39, 22, 2, 79, 25)(3, 8, 50, 74, 20, 71, 34, 90, 79, 84, 41, 69, 57, 38, 31, 27, 52, 80, 38)(21, 87, 36, 67, 73, 68, 60, 25, 24, 25, 11, 52, 69, 81, 85, 3, 15, 33, 95)(74, 29, 71, 98, 64, 63, 48, 67, 79, 38, 37, 51, 41, 24, 71, 57, 26, 81, 19)(38, 69, 15, 34, 80, 93, 73, 33, 26, 79, 98, 24, 27, 89, 28, 87, 28, 23, 30)(45, 35, 7, 36, 55, 60, 68, 83, 44, 90, 30, 66, 48, 66, 13, 56, 99, 54, 71)(52, 21, 3, 16, 48, 31, 23, 95, 7, 30, 72, 53, 60, 1, 85, 97, 80, 90, 95)(80, 63, 90, 50, 58, 28, 45, 1, 75, 13, 96, 8, 79, 23, 17, 68, 82, 86, 49)(87, 32, 71, 56, 93, 2, 46, 8, 64, 63, 76, 64, 21, 92, 18, 11, 99, 84, 21)
line 40: kNearestNeighbour 10 (6,10,6,4,10,4,8,1,6,3,9,2,10,5,8,8,9,1,1)
(87, 50, 66, 66, 76, 38, 25, 18, 23, 19, 48, 93, 18, 57, 39, 22, 2, 79, 25)(21, 87, 36, 67, 73, 68, 60, 25, 24, 25, 11, 52, 69, 81, 85, 3, 15, 33, 95)(3, 8, 50, 74, 20, 71, 34, 90, 79, 84, 41, 69, 57, 38, 31, 27, 52, 80, 38)(38, 69, 15, 34, 80, 93, 73, 33, 26, 79, 98, 24, 27, 89, 28, 87, 28, 23, 30)(74, 29, 71, 98, 64, 63, 48, 67, 79, 38, 37, 51, 41, 24, 71, 57, 26, 81, 19)(45, 35, 7, 36, 55, 60, 68, 83, 44, 90, 30, 66, 48, 66, 13, 56, 99, 54, 71)(80, 63, 90, 50, 58, 28, 45, 1, 75, 13, 96, 8, 79, 23, 17, 68, 82, 86, 49)(52, 21, 3, 16, 48, 31, 23, 95, 7, 30, 72, 53, 60, 1, 85, 97, 80, 90, 95)(87, 32, 71, 56, 93, 2, 46, 8, 64, 63, 76, 64, 21, 92, 18, 11, 99, 84, 21)(82, 83, 36, 5, 29, 75, 57, 51, 97, 86, 13, 20, 80, 5, 65, 84, 36, 92, 66)
line 41: nearestNeighbour (1,7,3,2,2,2,6,10,2,9,8,4,9,1,3,8,7,4,7)
(87, 50, 66, 66, 76, 38, 25, 18, 23, 19, 48, 93, 18, 57, 39, 22, 2, 79, 25)
line 42: kNearestNeighbour 2 (2,6,8,9,3,9,9,9,5,6,10,2,2,10,8,7,2,5,4)
(87, 50, 66, 66, 76, 38, 25, 18, 23, 19, 48, 93, 18, 57, 39, 22, 2, 79, 25)(3, 8, 50, 74, 20, 71, 34, 90, 79, 84, 41, 69, 57, 38, 31, 27, 52, 80, 38)
line 43: nearestNeighbour (2,9,9,4,8,7,7,9,8,9,2,2,8,1,7,6,6,5,10)
(87, 50, 66, 66, 76, 38, 25, 18, 23, 19, 48, 93, 18, 57, 39, 22, 2, 79, 25)
line 44: kNearestNeighbour 2 (6,5,10,7,8,10,10,6,10,2,8,9,10,8,10,7,8,10,4)
(87, 50, 66, 66, 76, 38, 25, 18, 23, 19, 48, 93, 18, 57, 39, 22, 2, 79, 25)(3, 8, 50, 74, 20, 71, 34, 90, 79, 84, 41, 69, 57, 38, 31, 27, 52, 80, 38)
line 45: kNearestNeighbour 10 (10,8,9,4,10,9,6,3,6,3,10,5,8,1,10,2,7,10,4)
(87, 50, 66, 66, 76, 38, 25, 18, 23, 19, 48, 93, 18, 57, 39, 22, 2, 79, 25)(3, 8, 50, 74, 20, 71, 34, 90, 79, 84, 41, 69, 57, 38, 31, 27, 52, 80, 38)(21, 87, 36, 67, 73, 68, 60, 25, 24, 25, 11, 52, 69, 81, 85, 3, 15, 33, 95)(74, 29, 71, 98, 64, 63, 48, 67, 79, 38, 37, 51, 41, 24, 71, 57, 26, 81, 19)(38, 69, 15, 34, 80, 93, 73, 33, 26, 79, 98, 24, 27, 89, 28, 87, 28, 23, 30)(45, 35, 7, 36, 55, 60, 68, 83, 44, 90, 30, 66, 48, 66, 13, 56, 99, 54, 71)(80, 63, 90, 50, 58, 28, 45, 1, 75, 13, 96, 8, 79, 23, 17, 68, 82, 86, 49)(52, 21, 3, 16, 48, 31, 23, 95, 7, 30, 72, 53, 60, 1, 85, 97, 80, 90, 95)(87, 32, 71, 56, 93, 2, 46, 8, 64, 63, 76, 64, 21, 92, 18, 11, 99, 84, 21)(82, 83, 36, 5, 29, 75, 57, 51, 97, 86, 13, 20, 80, 5, 65, 84, 36, 92, 66)
line 46: nearestNeighbour (7,9,2,4,5,9,6,2,4,9,7,9,1,2,7,4,7,8,2)
(87, 50, 66, 66, 76, 38, 25, 18, 23, 19, 48, 93, 18, 57, 39, 22, 2, 79, 25)
line 47: kNearestNeighbour 6 (6,5,4,5,10,4,3,8,10,2,3,7,3,2,5,10,6,2,8)
(87, 50, 66, 66, 76, 38, 25, 18, 23, 19, 48, 93, 18, 57, 39, 22, 2, 79, 25)(3, 8, 50, 74, 20, 71, 34, 90, 79, 84, 41, 69, 57, 38, 31, 27, 52, 80, 38)(21, 87, 36, 67, 73, 68, 60, 25, 24, 25, 11, 52, 69, 81, 85, 3, 15, 33, 95)(74, 29, 71, 98, 64, 63, 48, 67, 79, 38, 37, 51, 41, 24, 71, 57, 26, 81, 19)(45, 35, 7, 36, 55, 60, 68, 83, 44, 90, 30, 66, 48, 66, 13, 56, 99, 54, 71)(38, 69, 15, 34, 80, 93, 73, 33, 26, 79, 98, 24, 27, 89, 28, 87, 28, 23, 30)
line 48: kNearestNeighbour 2 (4,2,5,9,4,8,3,2,5,5,4,6,8,1,7,1,7,8,6)
(87, 50, 66, 66, 76, 38, 25, 18, 23, 19, 48, 93, 18, 57, 39, 22, 2, 79, 25)(3, 8, 50, 74, 20, 71, 34, 90, 79, 84, 41, 69, 57, 38, 31, 27, 52, 80, 38)
line 49: kNearestNeighbour 3 (4,3,9,1,6,1,6,8,9,5,2,7,2,10,9,3,6,3,9)
(87, 50, 66, 66, 76, 38, 25, 18, 23, 19, 48, 93, 18, 57, 39, 22, 2, 79, 25)(3, 8, 50, 74, 20, 71, 34, 90, 79, 84, 41, 69, 57, 38, 31, 27, 52, 80, 38)(21, 87, 36, 67, 73, 68, 60, 25, 24, 25, 11, 52, 69, 81, 85, 3, 15, 33, 95)
line 50: kNearestNeighbour 9 (3,3,5,1,5,6,2,1,9,1,1,10,10,5,4,6,8,5,5)
(87, 50, 66, 66, 76, 38, 25, 18, 23, 19, 48, 93, 18, 57, 39, 22, 2, 79, 25)(3, 8, 50, 74, 20, 71, 34, 90, 79, 84, 41, 69, 57, 38, 31, 27, 52, 80, 38)(21, 87, 36, 67, 73, 68, 60, 25, 24, 25, 11, 52, 69, 81, 85, 3, 15, 33, 95)(45, 35, 7, 36, 55, 60, 68, 83, 44, 90, 30, 66, 48, 66, 13, 56, 99, 54, 71)(74, 29, 71, 98, 64, 63, 48, 67, 79, 38, 37, 51, 41, 24, 71, 57, 26, 81, 19)(38, 69, 15, 34, 80, 93, 73, 33, 26, 79, 98, 24, 27, 89, 28, 87, 28, 23, 30)(52, 21, 3, 16, 48, 31, 23, 95, 7, 30, 72, 53, 60, 1, 85, 97, 80, 90, 95)(80, 63, 90, 50, 58, 28, 45, 1, 75, 13, 96, 8, 79, 23, 17, 68, 82, 86, 49)(87, 32, 71, 56, 93, 2, 46, 8, 64, 63, 76, 64, 21, 92, 18, 11, 99, 84, 21)
line 51: nearestNeighbour (3,8,9,3,5,3,5,4,2,2,2,10,6,7,9,3,7,2,6)
(87, 50, 66, 66, 76, 38, 25, 18, 23, 19, 48, 93, 18, 57, 39, 22, 2, 79, 25)
line 52: kNearestNeighbour 6 (6,4,9,3,4,3,9,3,6,5,8,7,10,3,4,4,7,9,5)
(87, 50, 66, 66, 76, 38, 25, 18, 23, 19, 48, 93, 18, 57, 39, 22, 2, 79, 25)(3, 8, 50, 74, 20, 71, 34, 90, 79, 84, 41, 69, 57, 38, 31, 27, 52, 80, 38)(21, 87, 36, 67, 73, 68, 60, 25, 24, 25, 11, 52, 69, 81, 85, 3, 15, 33, 95)(74, 29, 71, 98, 64, 63, 48, 67, 79, 38, 37, 51, 41, 24, 71, 57, 26, 81, 19)(45, 35, 7, 36, 55, 60, 68, 83, 44, 90, 30, 66, 48, 66, 13, 56, 99, 54, 71)(38, 69, 15, 34, 80, 93, 73, 33, 26, 79, 98, 24, 27, 89, 28, 87, 28, 23, 30)
line 53: nearestNeighbour (3,2,2,7,10,3,2,4,6,10,6,6,10,5,4,2,7,3,2)
(87, 50, 66, 66, 76, 38, 25, 18, 23, 19, 48, 93, 18, 57, 39, 22, 2, 79, 25)
line 54: kNearestNeighbour 2 (1,10,7,2,3,2,8,9,3,9,6,9,4,4,9,6,9,3,8)
(87, 50, 66, 66, 76, 38, 25, 18, 23, 19, 48, 93, 18, 57, 39, 22, 2, 79, 25)(3, 8, 50, 74, 20, 71, 34, 90, 79, 84, 41, 69, 57, 38, 31, 27, 52, 80, 38)
line 55: nearestNeighbour (7,4,8,7,10,2,7,7,7,9,8,5,1,1,8,2,10,7,5)
(87, 50, 66, 66, 76, 38, 25, 18, 23, 19, 48, 93, 18, 57, 39, 22, 2, 79, 25)
line 56: kNearestNeighbour 1 (1,3,9,8,5,6,4,1,9,5,9,1,9,7,8,9,3,3,4)
(87, 50, 66, 66, 76, 38, 25, 18, 23, 19, 48, 93, 18, 57, 39, 22, 2, 79, 25)
line 57: kNearestNeighbour 9 (7,1,6,3,7,4,4,7,8,2,6,5,5,8,1,3,10,4,6)
(87, 50, 66, 66, 76, 38, 25, 18, 23, 19, 48, 93, 18, 57, 39, 22, 2, 79, 25)(3, 8, 50, 74, 20, 71, 34, 90, 79, 84, 41, 69, 57, 38, 31, 27, 52, 80, 38)(21, 87, 36, 67, 73, 68, 60, 25, 24, 25, 11, 52, 69, 81, 85, 3, 15, 33, 95)(45, 35, 7, 36, 55, 60, 68, 83, 44, 90, 30, 66, 48, 66, 13, 56, 99, 54, 71)(74, 29, 71, 98, 64, 63, 48, 67, 79, 38, 37, 51, 41, 24, 71, 57, 26, 81, 19)(38, 69, 15, 34, 80, 93, 73, 33, 26, 79, 98, 24, 27, 89, 28, 87, 28, 23, 30)(52, 21, 3, 16, 48, 31, 23, 95, 7, 30, 72, 53, 60, 1, 85, 97, 80, 90, 95)(80, 63, 90, 50, 58, 28, 45, 1, 75, 13, 96, 8, 79, 23, 17, 68, 82, 86, 49)(87, 32, 71, 56, 93, 2, 46, 8, 64, 63, 76, 64, 21, 92, 18, 11, 99, 84, 21)
line 58: kNearestNeighbour 7 (5,9,10,6,6,2,10,10,2,6,7,3,5,4,9,3,2,7,1)
(87, 50, 66, 66, 76, 38, 25, 18, 23, 19, 48, 93, 18, 57, 39, 22, 2, 79, 25)(3, 8, 50, 74, 20, 71, 34, 90, 79, 84, 41, 69, 57, 38, 31, 27, 52, 80, 38)(21, 87, 36, 67, 73, 68, 60, 25, 24, 25, 11, 52, 69, 81, 85, 3, 15, 33, 95)(74, 29, 71, 98, 64, 63, 48, 67, 79, 38, 37, 51, 41, 24, 71, 57, 26, 81, 19)(38, 69, 15, 34, 80, 93, 73, 33, 26, 79, 98, 24, 27, 89, 28, 87, 28, 23, 30)(45, 35, 7, 36, 55, 60, 68, 83, 44, 90, 30, 66, 48, 66, 13, 56, 99, 54, 71)(52, 21, 3, 16, 48, 31, 23, 95, 7, 30, 72, 53, 60, 1, 85, 97, 80, 90, 95)
line 59: nearestNeighbour (4,7,5,6,2,5,10,1,9,7,6,4,6,8,9,7,9,8,8)
(87, 50, 66, 66, 76, 38, 25, 18, 23, 19, 48, 93, 18, 57, 39, 22, 2, 79, 25)
line 60: kNearestNeighbour 8 (4,2,10,2,7,4,6,9,3,9,4,10,6,4,6,10,4,7,9)
(87, 50, 66, 66, 76, 38, 25, 18, 23, 19, 48, 93, 18, 57, 39, 22, 2, 79, 25)(3, 8, 50, 74, 20, 71, 34, 90, 79, 84, 41, 69, 57, 38, 31, 27, 52, 80, 38)(21, 87, 36, 67, 73, 68, 60, 25, 24, 25, 11, 52, 69, 81, 85, 3, 15, 33, 95)(45, 35, 7, 36, 55, 60, 68, 83, 44, 90, 30, 66, 48, 66, 13, 56, 99, 54, 71)(74, 29, 71, 98, 64, 63, 48, 67, 79, 38, 37, 51, 41, 24, 71, 57, 26, 81, 19)(38, 69, 15, 34, 80, 93, 73, 33, 26, 79, 98, 24, 27, 89, 28, 87, 28, 23, 30)(52, 21, 3, 16, 48, 31, 23, 95, 7, 30, 72, 53, 60, 1, 85, 97, 80, 90, 95)(80, 63, 90, 50, 58, 28, 45, 1, 75, 13, 96, 8, 79, 23, 17, 68, 82, 86, 49)
line 61: nearestNeighbour (10,3,10,7,10,5,10,1,5,4,4,1,5,5,7,3,9,6,10)
(87, 50, 66, 66, 76, 38, 25, 18, 23, 19, 48, 93, 18, 57, 39, 22, 2, 79, 25)
line 62: nearestNeighbour (8,4,4,1,7,3,5,2,4,6,4,9,8,3,4,5,9,1,3)
(87, 50, 66, 66, 76, 38, 25, 18, 23, 19, 48, 93, 18, 57, 39, 22, 2, 79, 25)
line 63: nearestNeighbour (10,1,7,9,10,4,5,9,9,1,9,1,7,10,9,10,5,3,4)
(87, 50, 66, 66, 76, 38, 25, 18, 23, 19, 48, 93, 18, 57, 39, 22, 2, 79, 25)
line 64: nearestNeighbour (2,10,2,2,2,1,10,3,6,9,8,2,9,4,1,1,7,3,4)
(87, 50, 66, 66, 76, 38, 25, 18, 23, 19, 48, 93, 18, 57, 39, 22, 2, 79, 25)
line 65: nearestNeighbour (2,4,2,8,9,1,6,3,8,8,9,9,1,4,3,3,7,9,7)
(87, 50, 66, 66, 76, 38, 25, 18, 23, 19, 48, 93, 18, 57, 39, 22, 2, 79, 25)
line 66: kNearestNeighbour 2 (9,6,5,7,6,8,4,6,1,10,6,10,10,6,4,2,5,5,4)
(87, 50, 66, 66, 76, 38, 25, 18, 23, 19, 48, 93, 18, 57, 39, 22, 2, 79, 25)(3, 8, 50, 74, 20, 71, 34, 90, 79, 84, 41, 69, 57, 38, 31, 27, 52, 80, 38)
line 67: nearestNeighbour (8,5,3,3,5,1,2,5,9,3,3,9,7,2,2,7,7,6,5)
(87, 50, 66, 66, 76, 38, 25, 18, 23, 19, 48, 93, 18, 57, 39, 22, 2, 79, 25)
line 68: kNearestNeighbour 9 (2,5,1,2,6,5,5,1,1,1,3,6,2,3,8,1,6,3,3)
(87, 50, 66, 66, 76, 38, 25, 18, 23, 19, 48, 93, 18, 57, 39, 22, 2, 79, 25)(21, 87, 36, 67, 73, 68, 60, 25, 24, 25, 11, 52, 69, 81, 85, 3, 15, 33, 95)(3, 8, 50, 74, 20, 71, 34, 90, 79, 84, 41, 69, 57, 38, 31, 27, 52, 80, 38)(38, 69, 15, 34, 80, 93, 73, 33, 26, 79, 98, 24, 27, 89, 28, 87, 28, 23, 30)(45, 35, 7, 36, 55, 60, 68, 83, 44, 90, 30, 66, 48, 66, 13, 56, 99, 54, 71)(74, 29, 71, 98, 64, 63, 48, 67, 79, 38, 37, 51, 41, 24, 71, 57, 26, 81, 19)(52, 21, 3, 16, 48, 31, 23, 95, 7, 30, 72, 53, 60, 1, 85, 97, 80, 90, 95)(80, 63, 90, 50, 58, 28, 45, 1, 75, 13, 96, 8, 79, 23, 17, 68, 82, 86, 49)(87, 32, 71, 56, 93, 2, 46, 8, 64, 63, 76, 64, 21, 92, 18, 11, 99, 84, 21)
line 69: nearestNeighbour (10,9,1,9,10,2,9,9,3,4,5,2,8,5,9,7,1,8,1)
(87, 50, 66, 66, 76, 38, 25, 18, 23, 19, 48, 93, 18, 57, 39, 22, 2, 79, 25)
line 70: kNearestNeighbour 2 (5,8,3,8,9,8,3,10,1,10,3,2,5,6,10,2,7,3,9)
(87, 50, 66, 66, 76, 38, 25, 18, 23, 19, 48, 93, 18, 57, 39, 22, 2, 79, 25)(3, 8, 50, 74, 20, 71, 34, 90, 79, 84, 41, 69, 57, 38, 31, 27, 52, 80, 38)
line 71: nearestNeighbour (9,2,8,5,9,3,2,10,6,6,10,6,7,4,6,1,4,9,10)
(87, 50, 66, 66, 76, 38, 25, 18, 23, 19, 48, 93, 18, 57, 39, 22, 2, 79, 25)
line 72: kNearestNeighbour 4 (6,7,5,4,7,2,5,1,1,6,4,9,10,8,5,5,5,1,2)
(87, 50, 66, 66, 76, 38, 25, 18, 23, 19, 48, 93, 18, 57, 39, 22, 2, 79, 25)(21, 87, 36, 67, 73, 68, 60, 25, 24, 25, 11, 52, 69, 81, 85, 3, 15, 33, 95)(3, 8, 50, 74, 20, 71, 34, 90, 79, 84, 41, 69, 57, 38, 31, 27, 52, 80, 38)(38, 69, 15, 34, 80, 93, 73, 33, 26, 79, 98, 24, 27, 89, 28, 87, 28, 23, 30)
line 73: nearestNeighbour (5,2,2,10,2,3,4,2,3,8,6,2,5,10,2,4,10,5,1)
(87, 50, 66, 66, 76, 38, 25, 18, 23, 19, 48, 93, 18, 57, 39, 22, 2, 79, 25)
line 74: nearestNeighbour (8,6,1,4,7,1,5,3,10,10,7,6,6,2,6,3,10,10,8)
(87, 50, 66, 66, 76, 38, 25, 18, 23, 19, 48, 93, 18, 57, 39, 22, 2, 79, 25)
line 75: kNearestNeighbour 9 (8,9,9,8,9,7,1,6,2,3,6,6,5,10,10,4,2,9,3)
(87, 50, 66, 66, 76, 38, 25, 18, 23, 19, 48, 93, 18, 57, 39, 22, 2, 79, 25)(21, 87, 36, 67, 73, 68, 60, 25, 24, 25, 11, 52, 69, 81, 85, 3, 15, 33, 95)(3, 8, 50, 74, 20, 71, 34, 90, 79, 84, 41, 69, 57, 38, 31, 27, 52, 80, 38)(74, 29, 71, 98, 64, 63, 48, 67, 79, 38, 37, 51, 41, 24, 71, 57, 26, 81, 19)(38, 69, 15, 34, 80, 93, 73, 33, 26, 79, 98, 24, 27, 89, 28, 87, 28, 23, 30)(45, 35, 7, 36, 55, 60, 68, 83, 44, 90, 30, 66, 48, 66, 13, 56, 99, 54, 71)(52, 21, 3, 16, 48, 31, 23, 95, 7, 30, 72, 53, 60, 1, 85, 97, 80, 90, 95)(80, 63, 90, 50, 58, 28, 45, 1, 75, 13, 96, 8, 79, 23, 17, 68, 82, 86, 49)(87, 32, 71, 56, 93, 2, 46, 8, 64, 63, 76, 64, 21, 92, 18, 11, 99, 84, 21)
line 76: kNearestNeighbour 10 (7,10,4,6,10,4,9,7,5,7,2,3,7,3,7,6,5,8,3)
(87, 50, 66, 66, 76, 38, 25, 18, 23, 19, 48, 93, 18, 57, 39, 22, 2, 79, 25)(3, 8, 50, 74, 20, 71, 34, 90, 79, 84, 41, 69, 57, 38, 31, 27, 52, 80, 38)(21, 87, 36, 67, 73, 68, 60, 25, 24, 25, 11, 52, 69, 81, 85, 3, 15, 33, 95)(74, 29, 71, 98, 64, 63, 48, 67, 79, 38, 37, 51, 41, 24, 71, 57, 26, 81, 19)(45, 35, 7, 36, 55, 60, 68, 83, 44, 90, 30, 66, 48, 66, 13, 56, 99, 54, 71)(38, 69, 15, 34, 80, 93, 73, 33, 26, 79, 98, 24, 27, 89, 28, 87, 28, 23, 30)(52, 21, 3, 16, 48, 31, 23, 95, 7, 30, 72, 53, 60, 1, 85, 97, 80, 90, 95)(80, 63, 90, 50, 58, 28, 45, 1, 75, 13, 96, 8, 79, 23, 17, 68, 82, 86, 49)(87, 32, 71, 56, 93, 2, 46, 8, 64, 63, 76, 64, 21, 92, 18, 11, 99, 84, 21)(82, 83, 36, 5, 29, 75, 57, 51, 97, 86, 13, 20, 80, 5, 65, 84, 36, 92, 66)
line 77: kNearestNeighbour 7 (7,9,9,4,6,2,2,2,6,6,1,3,10,5,4,9,8,10,3)
(87, 50, 66, 66, 76, 38, 25, 18, 23, 19, 48, 93, 18, 57, 39, 22, 2, 79, 25)(3, 8, 50, 74, 20, 71, 34, 90, 79, 84, 41, 69, 57, 38, 31, 27, 52, 80, 38)(21, 87, 36, 67, 73, 68, 60, 25, 24, 25, 11, 52, 69, 81, 85, 3, 15, 33, 95)(74, 29, 71, 98, 64, 63, 48, 67, 79, 38, 37, 51, 41, 24, 71, 57, 26, 81, 19)(45, 35, 7, 36, 55, 60, 68, 83, 44, 90, 30, 66, 48, 66, 13, 56, 99, 54, 71)(38, 69, 15, 34, 80, 93, 73, 33, 26, 79, 98, 24, 27, 89, 28, 87, 28, 23, 30)(80, 63, 90, 50, 58, 28, 45, 1, 75, 13, 96, 8, 79, 23, 17, 68, 82, 86, 49)
line 78: kNearestNeighbour 6 (7,9,9,4,9,2,3,3,7,2,8,10,5,10,3,8,3,4,9)
(87, 50, 66, 66, 76, 38, 25, 18, 23, 19, 48, 93, 18, 57, 39, 22, 2, 79, 25)(21, 87, 36, 67, 73, 68, 60, 25, 24, 25, 11, 52, 69, 81, 85, 3, 15, 33, 95)(3, 8, 50, 74, 20, 71, 34, 90, 79, 84, 41, 69, 57, 38, 31, 27, 52, 80, 38)(38, 69, 15, 34, 80, 93, 73, 33, 26, 79, 98, 24, 27, 89, 28, 87, 28, 23, 30)(74, 29, 71, 98, 64, 63, 48, 67, 79, 38, 37, 51, 41, 24, 71, 57, 26, 81, 19)(45, 35, 7, 36, 55, 60, 68, 83, 44, 90, 30, 66, 48, 66, 13, 56, 99, 54, 71)
line 79: nearestNeighbour (1,6,3,5,6,4,3,5,3,7,6,9,5,8,8,5,10,6,7)
(87, 50, 66, 66, 76, 38, 25, 18, 23, 19, 48, 93, 18, 57, 39, 22, 2, 79, 25)
line 80: kNearestNeighbour 2 (7,5,7,8,6,3,2,2,2,7,3,1,8,6,1,8,2,8,3)
(87, 50, 66, 66, 76, 38, 25, 18, 23, 19, 48, 93, 18, 57, 39, 22, 2, 79, 25)(3, 8, 50, 74, 20, 71, 34, 90, 79, 84, 41, 69, 57, 38, 31, 27, 52, 80, 38)
line 81: nearestNeighbour (9,8,9,4,4,10,2,4,10,6,10,9,10,3,1,9,1,3,5)
(87, 50, 66, 66, 76, 38, 25, 18, 23, 19, 48, 93, 18, 57, 39, 22, 2, 79, 25)
line 82: nearestNeighbour (9,8,5,8,6,10,3,4,8,10,4,3,10,1,5,2,1,2,4)
(87, 50, 66, 66, 76, 38, 25, 18, 23, 19, 48, 93, 18, 57, 39, 22, 2, 79, 25)
line 83: kNearestNeighbour 7 (2,3,9,2,9,6,4,9,7,4,5,5,6,6,6,6,6,10,3)
(87, 50, 66, 66, 76, 38, 25, 18, 23, 19, 48, 93, 18, 57, 39, 22, 2, 79, 25)(3, 8, 50, 74, 20, 71, 34, 90, 79, 84, 41, 69, 57, 38, 31, 27, 52, 80, 38)(21, 87, 36, 67, 73, 68, 60, 25, 24, 25, 11, 52, 69, 81, 85, 3, 15, 33, 95)(74, 29, 71, 98, 64, 63, 48, 67, 79, 38, 37, 51, 41, 24, 71, 57, 26, 81, 19)(45, 35, 7, 36, 55, 60, 68, 83, 44, 90, 30, 66, 48, 66, 13, 56, 99, 54, 71)(38, 69, 15, 34, 80, 93, 73, 33, 26, 79, 98, 24, 27, 89, 28, 87, 28, 23, 30)(52, 21, 3, 16, 48, 31, 23, 95, 7, 30, 72, 53, 60, 1, 85, 97, 80, 90, 95)
line 84: kNearestNeighbour 10 (6,7,2,10,4,1,6,7,1,10,9,1,10,2,5,5,4,2,6)
(87, 50, 66, 66, 76, 38, 25, 18, 23, 19, 48, 93, 18, 57, 39, 22, 2, 79, 25)(3, 8, 50, 74, 20, 71, 34, 90, 79, 84, 41, 69, 57, 38, 31, 27, 52, 80, 38)(21, 87, 36, 67, 73, 68, 60, 25, 24, 25, 11, 52, 69, 81, 85, 3, 15, 33, 95)(38, 69, 15, 34, 80, 93, 73, 33, 26, 79, 98, 24, 27, 89, 28, 87, 28, 23, 30)(45, 35, 7, 36, 55, 60, 68, 83, 44, 90, 30, 66, 48, 66, 13, 56, 99, 54, 71)(74, 29, 71, 98, 64, 63, 48, 67, 79, 38, 37, 51, 41, 24, 71, 57, 26, 81, 19)(52, 21, 3, 16, 48, 31, 23, 95, 7, 30, 72, 53, 60, 1, 85, 97, 80, 90, 95)(80, 63, 90, 50, 58, 28, 45, 1, 75, 13, 96, 8, 79, 23, 17, 68, 82, 86, 49)(87, 32, 71, 56, 93, 2, 46, 8, 64, 63, 76, 64, 21, 92, 18, 11, 99, 84, 21)(82, 83, 36, 5, 29, 75, 57, 51, 97, 86, 13, 20, 80, 5, 65, 84, 36, 92, 66)
line 85: nearestNeighbour (4,7,4,4,10,5,10,7,3,3,7,7,9,9,2,3,7,10,10)
(87, 50, 66, 66, 76, 38, 25, 18, 23, 19, 48, 93, 18, 57, 39, 22, 2, 79, 25)
line 86: kNearestNeighbour 4 (7,1,4,9,4,5,6,9,5,1,8,3,9,2,10,3,7,10,3)
(87, 50, 66, 66, 76, 38, 25, 18, 23, 19, 48, 93, 18, 57, 39, 22, 2, 79, 25)(3, 8, 50, 74, 20, 71, 34, 90, 79, 84, 41, 69, 57, 38, 31, 27, 52, 80, 38)(21, 87, 36, 67, 73, 68, 60, 25, 24, 25, 11, 52, 69, 81, 85, 3, 15, 33, 95)(74, 29, 71, 98, 64, 63, 48, 67, 79, 38, 37, 51, 41, 24, 71, 57, 26, 81, 19)
line 87: kNearestNeighbour 7 (2,4,6,4,10,4,1,1,10,4,1,6,1,1,10,6,7,7,10)
(87, 50, 66, 66, 76, 38, 25, 18, 23, 19, 48, 93, 18, 57, 39, 22, 2, 79, 25)(3, 8, 50, 74, 20, 71, 34, 90, 79, 84, 41, 69, 57, 38, 31, 27, 52, 80, 38)(21, 87, 36, 67, 73, 68, 60, 25, 24, 25, 11, 52, 69, 81, 85, 3, 15, 33, 95)(74, 29, 71, 98, 64, 63, 48, 67, 79, 38, 37, 51, 41, 24, 71, 57, 26, 81, 19)(45, 35, 7, 36, 55, 60, 68, 83, 44, 90, 30, 66, 48, 66, 13, 56, 99, 54, 71)(38, 69, 15, 34, 80, 93, 73, 33, 26, 79, 98, 24, 27, 89, 28, 87, 28, 23, 30)(52, 21, 3, 16, 48, 31, 23, 95, 7, 30, 72, 53, 60, 1, 85, 97, 80, 90, 95)
line 88: kNearestNeighbour 2 (7,7,8,7,5,5,3,6,9,7,1,2,2,2,5,2,4,7,10)
(87, 50, 66, 66, 76, 38, 25, 18, 23, 19, 48, 93, 18, 57, 39, 22, 2, 79, 25)(3, 8, 50, 74, 20, 71, 34, 90, 79, 84, 41, 69, 57, 38, 31, 27, 52, 80, 38)
line 89: nearestNeighbour (2,5,7,5,1,8,2,7,3,5,9,1,7,6,6,10,1,5,1)
(87, 50, 66, 66, 76, 38, 25, 18, 23, 19, 48, 93, 18, 57, 39, 22, 2, 79, 25)
line 90: kNearestNeighbour 10 (8,5,1,5,8,8,8,2,2,9,2,10,6,6,8,3,10,10,7)
(87, 50, 66, 66, 76, 38, 25, 18, 23, 19, 48, 93, 18, 57, 39, 22, 2, 79, 25)(3, 8, 50, 74, 20, 71, 34, 90, 79, 84, 41, 69, 57, 38, 31, 27, 52, 80, 38)(21, 87, 36, 67, 73, 68, 60, 25, 24, 25, 11, 52, 69, 81, 85, 3, 15, 33, 95)(45, 35, 7, 36, 55, 60, 68, 83, 44, 90, 30, 66, 48, 66, 13, 56, 99, 54, 71)(74, 29, 71, 98, 64, 63, 48, 67, 79, 38, 37, 51, 41, 24, 71, 57, 26, 81, 19)(38, 69, 15, 34, 80, 93, 73, 33, 26, 79, 98, 24, 27, 89, 28, 87, 28, 23, 30)(52, 21, 3, 16, 48, 31, 23, 95, 7, 30, 72, 53, 60, 1, 85, 97, 80, 90, 95)(80, 63, 90, 50, 58, 28, 45, 1, 75, 13, 96, 8, 79, 23, 17, 68, 82, 86, 49)(87, 32, 71, 56, 93, 2, 46, 8, 64, 63, 76, 64, 21, 92, 18, 11, 99, 84, 21)(82, 83, 36, 5, 29, 75, 57, 51, 97, 86, 13, 20, 80, 5, 65, 84, 36, 92, 66)
line 91: nearestNeighbour (5,9,4,7,2,6,10,9,7,7,10,5,4,10,6,9,5,5,8)
(87, 50, 66, 66, 76, 38, 25, 18, 23, 19, 48, 93, 18, 57, 39, 22, 2, 79, 25)
line 92: nearestNeighbour (1,7,10,1,5,3,5,10,1,5,7,9,4,9,8,1,6,1,8)
(87, 50, 66, 66, 76, 38, 25, 18, 23, 19, 48, 93, 18, 57, 39, 22, 2, 79, 25)
line 93: kNearestNeighbour 3 (1,8,1,9,4,1,6,8,10,2,6,7,9,4,8,4,5,3,6)
(87, 50, 66, 66, 76, 38, 25, 18, 23, 19, 48, 93, 18, 57, 39, 22, 2, 79, 25)(3, 8, 50, 74, 20, 71, 34, 90, 79, 84, 41, 69, 57, 38, 31, 27, 52, 80, 38)(21, 87, 36, 67, 73, 68, 60, 25, 24, 25, 11, 52, 69, 81, 85, 3, 15, 33, 95)
line 94: nearestNeighbour (3,2,2,9,5,5,5,2,7,2,9,9,1,3,8,1,7,7,9)
(87, 50, 66, 66, 76, 38, 25, 18, 23, 19, 48, 93, 18, 57, 39, 22, 2, 79, 25)
line 95: nearestNeighbour (9,2,4,10,6,8,3,3,3,9,8,4,3,10,2,4,10,6,2)
(87, 50, 66, 66, 76, 38, 25, 18, 23, 19, 48, 93, 18, 57, 39, 22, 2, 79, 25)
line 96: nearestNeighbour (8,4,7,7,8,1,5,8,8,10,6,5,8,1,1,3,7,4,5)
(87, 50, 66, 66, 76, 38, 25, 18, 23, 19, 48, 93, 18, 57, 39, 22, 2, 79, 25)
line 97: kNearestNeighbour 7 (3,2,5,8,1,4,8,4,9,9,1,7,3,4,6,3,1,1,8)
(87, 50, 66, 66, 76, 38, 25, 18, 23, 19, 48, 93, 18, 57, 39, 22, 2, 79, 25)(3, 8, 50, 74, 20, 71, 34, 90, 79, 84, 41, 69, 57, 38, 31, 27, 52, 80, 38)(21, 87, 36, 67, 73, 68, 60, 25, 24, 25, 11, 52, 69, 81, 85, 3, 15, 33, 95)(74, 29, 71, 98, 64, 63, 48, 67, 79, 38, 37, 51, 41, 24, 71, 57, 26, 81, 19)(45, 35, 7, 36, 55, 60, 68, 83, 44, 90, 30, 66, 48, 66, 13, 56, 99, 54, 71)(38, 69, 15, 34, 80, 93, 73, 33, 26, 79, 98, 24, 27, 89, 28, 87, 28, 23, 30)(52, 21, 3, 16, 48, 31, 23, 95, 7, 30, 72, 53, 60, 1, 85, 97, 80, 90, 95)
line 98: nearestNeighbour (5,7,4,1,5,10,7,3,4,7,1,5,5,8,1,2,1,9,10)
(87, 50, 66, 66, 76, 38, 25, 18, 23, 19, 48, 93, 18, 57, 39, 22, 2, 79, 25)
line 99: kNearestNeighbour 8 (10,2,10,4,4,9,7,10,7,6,3,1,9,2,4,9,4,2,3)
(87, 50, 66, 66, 76, 38, 25, 18, 23, 19, 48, 93, 18, 57, 39, 22, 2, 79, 25)(3, 8, 50, 74, 20, 71, 34, 90, 79, 84, 41, 69, 57, 38, 31, 27, 52, 80, 38)(21, 87, 36, 67, 73, 68, 60, 25, 24, 25, 11, 52, 69, 81, 85, 3, 15, 33, 95)(74, 29, 71, 98, 64, 63, 48, 67, 79, 38, 37, 51, 41, 24, 71, 57, 26, 81, 19)(45, 35, 7, 36, 55, 60, 68, 83, 44, 90, 30, 66, 48, 66, 13, 56, 99, 54, 71)(38, 69, 15, 34, 80, 93, 73, 33, 26, 79, 98, 24, 27, 89, 28, 87, 28, 23, 30)(52, 21, 3, 16, 48, 31, 23, 95, 7, 30, 72, 53, 60, 1, 85, 97, 80, 90, 95)(80, 63, 90, 50, 58, 28, 45, 1, 75, 13, 96, 8, 79, 23, 17, 68, 82, 86, 49)
line 100: kNearestNeighbour 8 (5,1,7,8,2,3,10,6,9,4,1,4,7,6,2,9,9,7,6)
(87, 50, 66, 66, 76, 38, 25, 18, 23, 19, 48, 93, 18, 57, 39, 22, 2, 79, 25)(3, 8, 50, 74, 20, 71, 34, 90, 79, 84, 41, 69, 57, 38, 31, 27, 52, 80, 38)(21, 87, 36, 67, 73, 68, 60, 25, 24, 25, 11, 52, 69, 81, 85, 3, 15, 33, 95)(45, 35, 7, 36, 55, 60, 68, 83, 44, 90, 30, 66, 48, 66, 13, 56, 99, 54, 71)(74, 29, 71, 98, 64, 63, 48, 67, 79, 38, 37, 51, 41, 24, 71, 57, 26, 81, 19)(38, 69, 15, 34, 80, 93, 73, 33, 26, 79, 98, 24, 27, 89, 28, 87, 28, 23, 30)(52, 21, 3, 16, 48, 31, 23, 95, 7, 30, 72, 53, 60, 1, 85, 97, 80, 90, 95)(80, 63, 90, 50, 58, 28, 45, 1, 75, 13, 96, 8, 79, 23, 17, 68, 82, 86, 49)
line 101: nearestNeighbour (10,4,7,6,6,7,5,2,3,6,4,4,9,5,6,3,5,1,3)
(87, 50, 66, 66, 76, 38, 25, 18, 23, 19, 48, 93, 18, 57, 39, 22, 2, 79, 25)
line 102: nearestNeighbour (3,3,8,1,1,5,1,9,4,10,8,10,3,9,6,9,2,5,9)
(87, 50, 66, 66, 76, 38, 25, 18, 23, 19, 48, 93, 18, 57, 39, 22, 2, 79, 25)
line 103: kNearestNeighbour 9 (1,1,7,1,7,6,2,10,2,6,10,9,3,5,1,3,2,6,2)
(87, 50, 66, 66, 76, 38, 25, 18, 23, 19, 48, 93, 18, 57, 39, 22, 2, 79, 25)(3, 8, 50, 74, 20, 71, 34, 90, 79, 84, 41, 69, 57, 38, 31, 27, 52, 80, 38)(21, 87, 36, 67, 73, 68, 60, 25, 24, 25, 11, 52, 69, 81, 85, 3, 15, 33, 95)(38, 69, 15, 34, 80, 93, 73, 33, 26, 79, 98, 24, 27, 89, 28, 87, 28, 23, 30)(45, 35, 7, 36, 55, 60, 68, 83, 44, 90, 30, 66, 48, 66, 13, 56, 99, 54, 71)(74, 29, 71, 98, 64, 63, 48, 67, 79, 38, 37, 51, 41, 24, 71, 57, 26, 81, 19)(52, 21, 3, 16, 48, 31, 23, 95, 7, 30, 72, 53, 60, 1, 85, 97, 80, 90, 95)(80, 63, 90, 50, 58, 28, 45, 1, 75, 13, 96, 8, 79, 23, 17, 68, 82, 86, 49)(87, 32, 71, 56, 93, 2, 46, 8, 64, 63, 76, 64, 21, 92, 18, 11, 99, 84, 21)
line 104: kNearestNeighbour 4 (4,1,1,8,10,7,6,10,6,8,3,8,9,5,7,1,5,2,6)
(87, 50, 66, 66, 76, 38, 25, 18, 23, 19, 48, 93, 18, 57, 39, 22, 2, 79, 25)(3, 8, 50, 74, 20, 71, 34, 90, 79, 84, 41, 69, 57, 38, 31, 27, 52, 80, 38)(21, 87, 36, 67, 73, 68, 60, 25, 24, 25, 11, 52, 69, 81, 85, 3, 15, 33, 95)(45, 35, 7, 36, 55, 60, 68, 83, 44, 90, 30, 66, 48, 66, 13, 56, 99, 54, 71)
line 105: kNearestNeighbour 9 (1,9,7,3,9,9,2,1,3,4,8,5,5,3,9,3,1,5,10)
(87, 50, 66, 66, 76, 38, 25, 18, 23, 19, 48, 93, 18, 57, 39, 22, 2, 79, 25)(21, 87, 36, 67, 73, 68, 60, 25, 24, 25, 11, 52, 69, 81, 85, 3, 15, 33, 95)(3, 8, 50, 74, 20, 71, 34, 90, 79, 84, 41, 69, 57, 38, 31, 27, 52, 80, 38)(38, 69, 15, 34, 80, 93, 73, 33, 26, 79, 98, 24, 27, 89, 28, 87, 28, 23, 30)(74, 29, 71, 98, 64, 63, 48, 67, 79, 38, 37, 51, 41, 24, 71, 57, 26, 81, 19)(45, 35, 7, 36, 55, 60, 68, 83, 44, 90, 30, 66, 48, 66, 13, 56, 99, 54, 71)(52, 21, 3, 16, 48, 31, 23, 95, 7, 30, 72, 53, 60, 1, 85, 97, 80, 90, 95)(80, 63, 90, 50, 58, 28, 45, 1, 75, 13, 96, 8, 79, 23, 17, 68, 82, 86, 49)(87, 32, 71, 56, 93, 2, 46, 8, 64, 63, 76, 64, 21, 92, 18, 11, 99, 84, 21)
line 106: nearestNeighbour (5,1,8,4,7,7,9,10,6,3,10,8,10,4,3,9,10,4,4)
(87, 50, 66, 66, 76, 38, 25, 18, 23, 19, 48, 93, 18, 57, 39, 22, 2, 79, 25)
line 107: nearestNeighbour (7,8,6,7,8,4,10,8,4,2,2,1,10,9,3,2,6,10,10)
(87, 50, 66, 66, 76, 38, 25, 18, 23, 19, 48, 93, 18, 57, 39, 22, 2, 79, 25)
line 108: kNearestNeighbour 3 (3,4,6,6,6,10,6,9,9,4,3,2,8,8,7,10,10,7,3)
(87, 50, 66, 66, 76, 38, 25, 18, 23, 19, 48, 93, 18, 57, 39, 22, 2, 79, 25)(3, 8, 50, 74, 20, 71, 34, 90, 79, 84, 41, 69, 57, 38, 31, 27, 52, 80, 38)(21, 87, 36, 67, 73, 68, 60, 25, 24, 25, 11, 52, 69, 81, 85, 3, 15, 33, 95)
line 109: kNearestNeighbour 2 (1,2,1,2,2,4,9,8,7,3,9,2,8,9,2,7,9,5,2)
(87, 50, 66, 66, 76, 38, 25, 18, 23, 19, 48, 93, 18, 57, 39, 22, 2, 79, 25)(3, 8, 50, 74, 20, 71, 34, 90, 79, 84, 41, 69, 57, 38, 31, 27, 52, 80, 38)
line 110: kNearestNeighbour 8 (4,8,5,4,9,1,2,5,4,7,4,7,2,2,4,6,5,2,7)
(87, 50, 66, 66, 76, 38, 25, 18, 23, 19, 48, 93, 18, 57, 39, 22, 2, 79, 25)(3, 8, 50, 74, 20, 71, 34, 90, 79, 84, 41, 69, 57, 38, 31, 27, 52, 80, 38)(21, 87, 36, 67, 73, 68, 60, 25, 24, 25, 11, 52, 69, 81, 85, 3, 15, 33, 95)(45, 35, 7, 36, 55, 60, 68, 83, 44, 90, 30, 66, 48, 66, 13, 56, 99, 54, 71)(38, 69, 15, 34, 80, 93, 73, 33, 26, 79, 98, 24, 27, 89, 28, 87, 28, 23, 30)(74, 29, 71, 98, 64, 63, 48, 67, 79, 38, 37, 51, 41, 24, 71, 57, 26, 81, 19)(52, 21, 3, 16, 48, 31, 23, 95, 7, 30, 72, 53, 60, 1, 85, 97, 80, 90, 95)(80, 63, 90, 50, 58, 28, 45, 1, 75, 13, 96, 8, 79, 23, 17, 68, 82, 86, 49)
line 111: nearestNeighbour (9,3,6,5,3,5,9,3,6,7,7,6,10,8,2,1,6,6,3)
(87, 50, 66, 66, 76, 38, 25, 18, 23, 19, 48, 93, 18, 57, 39, 22, 2, 79, 25)
line 112: kNearestNeighbour 6 (8,3,7,9,5,10,1,5,2,8,6,8,4,6,1,10,2,1,5)
(87, 50, 66, 66, 76, 38, 25, 18, 23, 19, 48, 93, 18, 57, 39, 22, 2, 79, 25)(3, 8, 50, 74, 20, 71, 34, 90, 79, 84, 41, 69, 57, 38, 31, 27, 52, 80, 38)(21, 87, 36, 67, 73, 68, 60, 25, 24, 25, 11, 52, 69, 81, 85, 3, 15, 33, 95)(38, 69, 15, 34, 80, 93, 73, 33, 26, 79, 98, 24, 27, 89, 28, 87, 28, 23, 30)(74, 29, 71, 98, 64, 63, 48, 67, 79, 38, 37, 51, 41, 24, 71, 57, 26, 81, 19)(45, 35, 7, 36, 55, 60, 68, 83, 44, 90, 30, 66, 48, 66, 13, 56, 99, 54, 71)
