line 1: k=19
line 2: clear
line 3: buildTree 16
(1,40,80,99,74,63,78,12,81,12,74,26,56,76,33,100,23,73,34) (78,42,64,24,38,52,55,83,39,100,1,60,16,79,96,6,25,19,57) (35,76,82,24,33,25,30,21,83,33,97,95,1,19,75,26,100,34,33) (52,36,19,80,20,25,59,39,22,62,90,29,49,69,17,36,84,71,31) (50,3,79,60,72,3,56,7,42,83,98,81,46,68,9,42,20,6,92) (37,37,49,87,69,92,58,9,23,84,97,85,57,46,36,1,13,33,79) (41,66,88,42,67,88,44,73,19,83,80,69,66,64,64,65,85,47,99) (72,5,52,74,93,73,63,43,23,51,42,37,19,26,29,16,31,32,1) (13,25,61,100,15,88,41,56,23,93,80,41,73,43,3,42,93,39,21) (58,60,60,41,2,30,19,37,44,47,45,2,21,30,22,59,73,82,48) (37,86,18,57,52,52,69,98,44,26,76,67,53,57,87,62,73,66,11) (20,24,79,32,50,96,81,9,63,9,12,54,79,22,95,82,16,55,35) (88,24,67,75,70,27,98,25,93,37,80,57,42,43,30,13,88,70,85) (82,70,45,60,52,2,43,42,64,60,83,11,96,100,47,13,63,69,40) (7,9,30,82,78,63,38,68,93,55,11,100,30,52,46,25,64,60,3) (26,10,59,17,2,80,65,40,82,39,55,100,72,70,38,12,11,99,87) 
line 4: nodeCount_height_leafCount
nodeCount=16;height=5;leafCount=7
line 5: inorderTraversal
(7, 9, 30, 82, 78, 63, 38, 68, 93, 55, 11, 100, 30, 52, 46, 25, 64, 60, 3) (26, 10, 59, 17, 2, 80, 65, 40, 82, 39, 55, 100, 72, 70, 38, 12, 11, 99, 87) (20, 24, 79, 32, 50, 96, 81, 9, 63, 9, 12, 54, 79, 22, 95, 82, 16, 55, 35) (13, 25, 61, 100, 15, 88, 41, 56, 23, 93, 80, 41, 73, 43, 3, 42, 93, 39, 21) (1, 40, 80, 99, 74, 63, 78, 12, 81, 12, 74, 26, 56, 76, 33, 100, 23, 73, 34) (35, 76, 82, 24, 33, 25, 30, 21, 83, 33, 97, 95, 1, 19, 75, 26, 100, 34, 33) (37, 37, 49, 87, 69, 92, 58, 9, 23, 84, 97, 85, 57, 46, 36, 1, 13, 33, 79) (52, 36, 19, 80, 20, 25, 59, 39, 22, 62, 90, 29, 49, 69, 17, 36, 84, 71, 31) (72, 5, 52, 74, 93, 73, 63, 43, 23, 51, 42, 37, 19, 26, 29, 16, 31, 32, 1) (50, 3, 79, 60, 72, 3, 56, 7, 42, 83, 98, 81, 46, 68, 9, 42, 20, 6, 92) (88, 24, 67, 75, 70, 27, 98, 25, 93, 37, 80, 57, 42, 43, 30, 13, 88, 70, 85) (78, 42, 64, 24, 38, 52, 55, 83, 39, 100, 1, 60, 16, 79, 96, 6, 25, 19, 57) (37, 86, 18, 57, 52, 52, 69, 98, 44, 26, 76, 67, 53, 57, 87, 62, 73, 66, 11) (82, 70, 45, 60, 52, 2, 43, 42, 64, 60, 83, 11, 96, 100, 47, 13, 63, 69, 40) (58, 60, 60, 41, 2, 30, 19, 37, 44, 47, 45, 2, 21, 30, 22, 59, 73, 82, 48) (41, 66, 88, 42, 67, 88, 44, 73, 19, 83, 80, 69, 66, 64, 64, 65, 85, 47, 99) 
line 6: preorderTraversal
(37, 37, 49, 87, 69, 92, 58, 9, 23, 84, 97, 85, 57, 46, 36, 1, 13, 33, 79) (20, 24, 79, 32, 50, 96, 81, 9, 63, 9, 12, 54, 79, 22, 95, 82, 16, 55, 35) (7, 9, 30, 82, 78, 63, 38, 68, 93, 55, 11, 100, 30, 52, 46, 25, 64, 60, 3) (26, 10, 59, 17, 2, 80, 65, 40, 82, 39, 55, 100, 72, 70, 38, 12, 11, 99, 87) (1, 40, 80, 99, 74, 63, 78, 12, 81, 12, 74, 26, 56, 76, 33, 100, 23, 73, 34) (13, 25, 61, 100, 15, 88, 41, 56, 23, 93, 80, 41, 73, 43, 3, 42, 93, 39, 21) (35, 76, 82, 24, 33, 25, 30, 21, 83, 33, 97, 95, 1, 19, 75, 26, 100, 34, 33) (78, 42, 64, 24, 38, 52, 55, 83, 39, 100, 1, 60, 16, 79, 96, 6, 25, 19, 57) (72, 5, 52, 74, 93, 73, 63, 43, 23, 51, 42, 37, 19, 26, 29, 16, 31, 32, 1) (52, 36, 19, 80, 20, 25, 59, 39, 22, 62, 90, 29, 49, 69, 17, 36, 84, 71, 31) (50, 3, 79, 60, 72, 3, 56, 7, 42, 83, 98, 81, 46, 68, 9, 42, 20, 6, 92) (88, 24, 67, 75, 70, 27, 98, 25, 93, 37, 80, 57, 42, 43, 30, 13, 88, 70, 85) (82, 70, 45, 60, 52, 2, 43, 42, 64, 60, 83, 11, 96, 100, 47, 13, 63, 69, 40) (37, 86, 18, 57, 52, 52, 69, 98, 44, 26, 76, 67, 53, 57, 87, 62, 73, 66, 11) (58, 60, 60, 41, 2, 30, 19, 37, 44, 47, 45, 2, 21, 30, 22, 59, 73, 82, 48) (41, 66, 88, 42, 67, 88, 44, 73, 19, 83, 80, 69, 66, 64, 64, 65, 85, 47, 99) 
line 7: postorderTraversal
(26, 10, 59, 17, 2, 80, 65, 40, 82, 39, 55, 100, 72, 70, 38, 12, 11, 99, 87) (7, 9, 30, 82, 78, 63, 38, 68, 93, 55, 11, 100, 30, 52, 46, 25, 64, 60, 3) (13, 25, 61, 100, 15, 88, 41, 56, 23, 93, 80, 41, 73, 43, 3, 42, 93, 39, 21) (35, 76, 82, 24, 33, 25, 30, 21, 83, 33, 97, 95, 1, 19, 75, 26, 100, 34, 33) (1, 40, 80, 99, 74, 63, 78, 12, 81, 12, 74, 26, 56, 76, 33, 100, 23, 73, 34) (20, 24, 79, 32, 50, 96, 81, 9, 63, 9, 12, 54, 79, 22, 95, 82, 16, 55, 35) (52, 36, 19, 80, 20, 25, 59, 39, 22, 62, 90, 29, 49, 69, 17, 36, 84, 71, 31) (88, 24, 67, 75, 70, 27, 98, 25, 93, 37, 80, 57, 42, 43, 30, 13, 88, 70, 85) (50, 3, 79, 60, 72, 3, 56, 7, 42, 83, 98, 81, 46, 68, 9, 42, 20, 6, 92) (72, 5, 52, 74, 93, 73, 63, 43, 23, 51, 42, 37, 19, 26, 29, 16, 31, 32, 1) (37, 86, 18, 57, 52, 52, 69, 98, 44, 26, 76, 67, 53, 57, 87, 62, 73, 66, 11) (41, 66, 88, 42, 67, 88, 44, 73, 19, 83, 80, 69, 66, 64, 64, 65, 85, 47, 99) (58, 60, 60, 41, 2, 30, 19, 37, 44, 47, 45, 2, 21, 30, 22, 59, 73, 82, 48) (82, 70, 45, 60, 52, 2, 43, 42, 64, 60, 83, 11, 96, 100, 47, 13, 63, 69, 40) (78, 42, 64, 24, 38, 52, 55, 83, 39, 100, 1, 60, 16, 79, 96, 6, 25, 19, 57) (37, 37, 49, 87, 69, 92, 58, 9, 23, 84, 97, 85, 57, 46, 36, 1, 13, 33, 79) 
line 8: kNearestNeighbour 1 (2,6,9,9,6,10,2,5,1,10,3,4,4,10,1,5,8,10,2)
(58, 60, 60, 41, 2, 30, 19, 37, 44, 47, 45, 2, 21, 30, 22, 59, 73, 82, 48)
line 9: kNearestNeighbour 1 (6,8,8,6,6,9,6,1,3,10,9,4,5,6,7,6,7,1,3)
(58, 60, 60, 41, 2, 30, 19, 37, 44, 47, 45, 2, 21, 30, 22, 59, 73, 82, 48)
line 10: nearestNeighbour (1,4,1,6,3,9,2,9,8,4,6,10,3,9,2,10,7,2,3)
(58, 60, 60, 41, 2, 30, 19, 37, 44, 47, 45, 2, 21, 30, 22, 59, 73, 82, 48)
line 11: kNearestNeighbour 2 (8,8,3,2,6,8,6,10,7,9,1,6,7,8,8,2,3,7,2)
(58, 60, 60, 41, 2, 30, 19, 37, 44, 47, 45, 2, 21, 30, 22, 59, 73, 82, 48)(72, 5, 52, 74, 93, 73, 63, 43, 23, 51, 42, 37, 19, 26, 29, 16, 31, 32, 1)
line 12: kNearestNeighbour 10 (7,3,5,2,9,2,6,4,7,1,10,4,9,1,1,4,3,3,3)
(58, 60, 60, 41, 2, 30, 19, 37, 44, 47, 45, 2, 21, 30, 22, 59, 73, 82, 48)(72, 5, 52, 74, 93, 73, 63, 43, 23, 51, 42, 37, 19, 26, 29, 16, 31, 32, 1)(52, 36, 19, 80, 20, 25, 59, 39, 22, 62, 90, 29, 49, 69, 17, 36, 84, 71, 31)(7, 9, 30, 82, 78, 63, 38, 68, 93, 55, 11, 100, 30, 52, 46, 25, 64, 60, 3)(20, 24, 79, 32, 50, 96, 81, 9, 63, 9, 12, 54, 79, 22, 95, 82, 16, 55, 35)(50, 3, 79, 60, 72, 3, 56, 7, 42, 83, 98, 81, 46, 68, 9, 42, 20, 6, 92)(35, 76, 82, 24, 33, 25, 30, 21, 83, 33, 97, 95, 1, 19, 75, 26, 100, 34, 33)(78, 42, 64, 24, 38, 52, 55, 83, 39, 100, 1, 60, 16, 79, 96, 6, 25, 19, 57)(13, 25, 61, 100, 15, 88, 41, 56, 23, 93, 80, 41, 73, 43, 3, 42, 93, 39, 21)(37, 37, 49, 87, 69, 92, 58, 9, 23, 84, 97, 85, 57, 46, 36, 1, 13, 33, 79)
line 13: nearestNeighbour (2,9,9,3,8,3,4,5,4,10,4,4,8,3,5,8,3,1,2)
(58, 60, 60, 41, 2, 30, 19, 37, 44, 47, 45, 2, 21, 30, 22, 59, 73, 82, 48)
line 14: kNearestNeighbour 3 (6,6,10,2,8,9,8,2,7,4,5,7,8,1,2,10,5,2,4)
(58, 60, 60, 41, 2, 30, 19, 37, 44, 47, 45, 2, 21, 30, 22, 59, 73, 82, 48)(72, 5, 52, 74, 93, 73, 63, 43, 23, 51, 42, 37, 19, 26, 29, 16, 31, 32, 1)(52, 36, 19, 80, 20, 25, 59, 39, 22, 62, 90, 29, 49, 69, 17, 36, 84, 71, 31)
line 15: nearestNeighbour (5,1,3,6,7,3,8,6,3,5,1,4,6,7,3,10,4,1,4)
(58, 60, 60, 41, 2, 30, 19, 37, 44, 47, 45, 2, 21, 30, 22, 59, 73, 82, 48)
line 16: kNearestNeighbour 4 (6,10,1,7,4,9,2,5,2,9,8,2,2,6,4,3,6,1,3)
(58, 60, 60, 41, 2, 30, 19, 37, 44, 47, 45, 2, 21, 30, 22, 59, 73, 82, 48)(72, 5, 52, 74, 93, 73, 63, 43, 23, 51, 42, 37, 19, 26, 29, 16, 31, 32, 1)(52, 36, 19, 80, 20, 25, 59, 39, 22, 62, 90, 29, 49, 69, 17, 36, 84, 71, 31)(7, 9, 30, 82, 78, 63, 38, 68, 93, 55, 11, 100, 30, 52, 46, 25, 64, 60, 3)
line 17: nearestNeighbour (8,8,10,1,6,2,10,6,7,3,6,9,1,8,7,7,8,9,7)
(58, 60, 60, 41, 2, 30, 19, 37, 44, 47, 45, 2, 21, 30, 22, 59, 73, 82, 48)
line 18: nearestNeighbour (8,3,3,4,8,4,3,6,1,4,8,4,3,1,10,1,3,8,4)
(58, 60, 60, 41, 2, 30, 19, 37, 44, 47, 45, 2, 21, 30, 22, 59, 73, 82, 48)
line 19: kNearestNeighbour 10 (3,7,6,5,2,4,5,3,7,6,4,6,4,6,5,2,1,3,4)
(58, 60, 60, 41, 2, 30, 19, 37, 44, 47, 45, 2, 21, 30, 22, 59, 73, 82, 48)(72, 5, 52, 74, 93, 73, 63, 43, 23, 51, 42, 37, 19, 26, 29, 16, 31, 32, 1)(52, 36, 19, 80, 20, 25, 59, 39, 22, 62, 90, 29, 49, 69, 17, 36, 84, 71, 31)(7, 9, 30, 82, 78, 63, 38, 68, 93, 55, 11, 100, 30, 52, 46, 25, 64, 60, 3)(20, 24, 79, 32, 50, 96, 81, 9, 63, 9, 12, 54, 79, 22, 95, 82, 16, 55, 35)(78, 42, 64, 24, 38, 52, 55, 83, 39, 100, 1, 60, 16, 79, 96, 6, 25, 19, 57)(35, 76, 82, 24, 33, 25, 30, 21, 83, 33, 97, 95, 1, 19, 75, 26, 100, 34, 33)(50, 3, 79, 60, 72, 3, 56, 7, 42, 83, 98, 81, 46, 68, 9, 42, 20, 6, 92)(13, 25, 61, 100, 15, 88, 41, 56, 23, 93, 80, 41, 73, 43, 3, 42, 93, 39, 21)(26, 10, 59, 17, 2, 80, 65, 40, 82, 39, 55, 100, 72, 70, 38, 12, 11, 99, 87)
line 20: kNearestNeighbour 1 (3,1,3,3,3,3,2,6,7,4,4,3,8,1,4,2,2,10,10)
(58, 60, 60, 41, 2, 30, 19, 37, 44, 47, 45, 2, 21, 30, 22, 59, 73, 82, 48)
line 21: nearestNeighbour (4,4,5,2,3,2,3,1,8,5,8,5,3,7,9,5,9,7,10)
(58, 60, 60, 41, 2, 30, 19, 37, 44, 47, 45, 2, 21, 30, 22, 59, 73, 82, 48)
line 22: kNearestNeighbour 10 (4,4,8,10,7,8,7,9,5,10,1,3,1,4,2,8,1,9,8)
(58, 60, 60, 41, 2, 30, 19, 37, 44, 47, 45, 2, 21, 30, 22, 59, 73, 82, 48)(72, 5, 52, 74, 93, 73, 63, 43, 23, 51, 42, 37, 19, 26, 29, 16, 31, 32, 1)(52, 36, 19, 80, 20, 25, 59, 39, 22, 62, 90, 29, 49, 69, 17, 36, 84, 71, 31)(7, 9, 30, 82, 78, 63, 38, 68, 93, 55, 11, 100, 30, 52, 46, 25, 64, 60, 3)(20, 24, 79, 32, 50, 96, 81, 9, 63, 9, 12, 54, 79, 22, 95, 82, 16, 55, 35)(78, 42, 64, 24, 38, 52, 55, 83, 39, 100, 1, 60, 16, 79, 96, 6, 25, 19, 57)(50, 3, 79, 60, 72, 3, 56, 7, 42, 83, 98, 81, 46, 68, 9, 42, 20, 6, 92)(13, 25, 61, 100, 15, 88, 41, 56, 23, 93, 80, 41, 73, 43, 3, 42, 93, 39, 21)(35, 76, 82, 24, 33, 25, 30, 21, 83, 33, 97, 95, 1, 19, 75, 26, 100, 34, 33)(37, 37, 49, 87, 69, 92, 58, 9, 23, 84, 97, 85, 57, 46, 36, 1, 13, 33, 79)
line 23: kNearestNeighbour 8 (6,5,2,10,7,7,6,8,6,10,1,7,1,10,4,2,8,7,7)
(58, 60, 60, 41, 2, 30, 19, 37, 44, 47, 45, 2, 21, 30, 22, 59, 73, 82, 48)(72, 5, 52, 74, 93, 73, 63, 43, 23, 51, 42, 37, 19, 26, 29, 16, 31, 32, 1)(52, 36, 19, 80, 20, 25, 59, 39, 22, 62, 90, 29, 49, 69, 17, 36, 84, 71, 31)(7, 9, 30, 82, 78, 63, 38, 68, 93, 55, 11, 100, 30, 52, 46, 25, 64, 60, 3)(78, 42, 64, 24, 38, 52, 55, 83, 39, 100, 1, 60, 16, 79, 96, 6, 25, 19, 57)(20, 24, 79, 32, 50, 96, 81, 9, 63, 9, 12, 54, 79, 22, 95, 82, 16, 55, 35)(50, 3, 79, 60, 72, 3, 56, 7, 42, 83, 98, 81, 46, 68, 9, 42, 20, 6, 92)(13, 25, 61, 100, 15, 88, 41, 56, 23, 93, 80, 41, 73, 43, 3, 42, 93, 39, 21)
line 24: nearestNeighbour (8,5,9,4,3,3,8,4,5,4,5,9,7,4,7,4,10,6,2)
(58, 60, 60, 41, 2, 30, 19, 37, 44, 47, 45, 2, 21, 30, 22, 59, 73, 82, 48)
line 25: nearestNeighbour (3,1,8,5,7,7,2,2,1,10,7,9,3,4,1,5,8,6,6)
(58, 60, 60, 41, 2, 30, 19, 37, 44, 47, 45, 2, 21, 30, 22, 59, 73, 82, 48)
line 26: kNearestNeighbour 10 (10,8,10,1,5,8,1,6,1,5,5,4,6,2,7,6,1,8,2)
(58, 60, 60, 41, 2, 30, 19, 37, 44, 47, 45, 2, 21, 30, 22, 59, 73, 82, 48)(72, 5, 52, 74, 93, 73, 63, 43, 23, 51, 42, 37, 19, 26, 29, 16, 31, 32, 1)(52, 36, 19, 80, 20, 25, 59, 39, 22, 62, 90, 29, 49, 69, 17, 36, 84, 71, 31)(20, 24, 79, 32, 50, 96, 81, 9, 63, 9, 12, 54, 79, 22, 95, 82, 16, 55, 35)(7, 9, 30, 82, 78, 63, 38, 68, 93, 55, 11, 100, 30, 52, 46, 25, 64, 60, 3)(78, 42, 64, 24, 38, 52, 55, 83, 39, 100, 1, 60, 16, 79, 96, 6, 25, 19, 57)(35, 76, 82, 24, 33, 25, 30, 21, 83, 33, 97, 95, 1, 19, 75, 26, 100, 34, 33)(50, 3, 79, 60, 72, 3, 56, 7, 42, 83, 98, 81, 46, 68, 9, 42, 20, 6, 92)(13, 25, 61, 100, 15, 88, 41, 56, 23, 93, 80, 41, 73, 43, 3, 42, 93, 39, 21)(26, 10, 59, 17, 2, 80, 65, 40, 82, 39, 55, 100, 72, 70, 38, 12, 11, 99, 87)
line 27: nearestNeighbour (4,2,9,9,2,5,5,1,3,7,9,5,8,6,4,4,10,10,2)
(58, 60, 60, 41, 2, 30, 19, 37, 44, 47, 45, 2, 21, 30, 22, 59, 73, 82, 48)
line 28: nearestNeighbour (10,1,6,5,1,1,3,8,10,1,3,8,6,5,4,6,3,1,10)
(58, 60, 60, 41, 2, 30, 19, 37, 44, 47, 45, 2, 21, 30, 22, 59, 73, 82, 48)
line 29: kNearestNeighbour 10 (1,1,7,6,5,5,4,3,1,5,9,8,10,4,1,2,6,1,4)
(58, 60, 60, 41, 2, 30, 19, 37, 44, 47, 45, 2, 21, 30, 22, 59, 73, 82, 48)(72, 5, 52, 74, 93, 73, 63, 43, 23, 51, 42, 37, 19, 26, 29, 16, 31, 32, 1)(52, 36, 19, 80, 20, 25, 59, 39, 22, 62, 90, 29, 49, 69, 17, 36, 84, 71, 31)(7, 9, 30, 82, 78, 63, 38, 68, 93, 55, 11, 100, 30, 52, 46, 25, 64, 60, 3)(20, 24, 79, 32, 50, 96, 81, 9, 63, 9, 12, 54, 79, 22, 95, 82, 16, 55, 35)(50, 3, 79, 60, 72, 3, 56, 7, 42, 83, 98, 81, 46, 68, 9, 42, 20, 6, 92)(13, 25, 61, 100, 15, 88, 41, 56, 23, 93, 80, 41, 73, 43, 3, 42, 93, 39, 21)(35, 76, 82, 24, 33, 25, 30, 21, 83, 33, 97, 95, 1, 19, 75, 26, 100, 34, 33)(78, 42, 64, 24, 38, 52, 55, 83, 39, 100, 1, 60, 16, 79, 96, 6, 25, 19, 57)(37, 37, 49, 87, 69, 92, 58, 9, 23, 84, 97, 85, 57, 46, 36, 1, 13, 33, 79)
line 30: nearestNeighbour (5,1,1,8,5,7,4,9,2,8,4,1,7,4,7,10,1,3,5)
(58, 60, 60, 41, 2, 30, 19, 37, 44, 47, 45, 2, 21, 30, 22, 59, 73, 82, 48)
line 31: nearestNeighbour (9,10,8,7,1,3,4,10,5,2,7,4,8,2,4,2,10,6,9)
(58, 60, 60, 41, 2, 30, 19, 37, 44, 47, 45, 2, 21, 30, 22, 59, 73, 82, 48)
line 32: kNearestNeighbour 8 (2,2,4,1,3,5,9,7,2,9,4,5,2,5,7,2,2,10,3)
(58, 60, 60, 41, 2, 30, 19, 37, 44, 47, 45, 2, 21, 30, 22, 59, 73, 82, 48)(72, 5, 52, 74, 93, 73, 63, 43, 23, 51, 42, 37, 19, 26, 29, 16, 31, 32, 1)(52, 36, 19, 80, 20, 25, 59, 39, 22, 62, 90, 29, 49, 69, 17, 36, 84, 71, 31)(7, 9, 30, 82, 78, 63, 38, 68, 93, 55, 11, 100, 30, 52, 46, 25, 64, 60, 3)(78, 42, 64, 24, 38, 52, 55, 83, 39, 100, 1, 60, 16, 79, 96, 6, 25, 19, 57)(20, 24, 79, 32, 50, 96, 81, 9, 63, 9, 12, 54, 79, 22, 95, 82, 16, 55, 35)(35, 76, 82, 24, 33, 25, 30, 21, 83, 33, 97, 95, 1, 19, 75, 26, 100, 34, 33)(50, 3, 79, 60, 72, 3, 56, 7, 42, 83, 98, 81, 46, 68, 9, 42, 20, 6, 92)
line 33: nearestNeighbour (9,5,2,3,9,2,8,8,2,7,1,6,4,3,10,5,4,7,6)
(58, 60, 60, 41, 2, 30, 19, 37, 44, 47, 45, 2, 21, 30, 22, 59, 73, 82, 48)
line 34: nearestNeighbour (4,7,10,4,10,4,9,6,6,4,8,2,1,5,2,1,4,8,7)
(58, 60, 60, 41, 2, 30, 19, 37, 44, 47, 45, 2, 21, 30, 22, 59, 73, 82, 48)
line 35: kNearestNeighbour 4 (5,4,6,2,6,3,10,9,2,3,10,5,10,8,2,7,7,10,10)
(58, 60, 60, 41, 2, 30, 19, 37, 44, 47, 45, 2, 21, 30, 22, 59, 73, 82, 48)(72, 5, 52, 74, 93, 73, 63, 43, 23, 51, 42, 37, 19, 26, 29, 16, 31, 32, 1)(52, 36, 19, 80, 20, 25, 59, 39, 22, 62, 90, 29, 49, 69, 17, 36, 84, 71, 31)(7, 9, 30, 82, 78, 63, 38, 68, 93, 55, 11, 100, 30, 52, 46, 25, 64, 60, 3)
line 36: nearestNeighbour (8,9,1,10,9,8,2,2,3,7,9,4,10,10,10,5,1,4,7)
(58, 60, 60, 41, 2, 30, 19, 37, 44, 47, 45, 2, 21, 30, 22, 59, 73, 82, 48)
line 37: nearestNeighbour (6,3,8,9,6,8,9,6,4,2,2,9,5,2,4,7,10,6,6)
(58, 60, 60, 41, 2, 30, 19, 37, 44, 47, 45, 2, 21, 30, 22, 59, 73, 82, 48)
line 38: nearestNeighbour (8,5,4,7,5,6,10,8,5,8,7,1,4,1,7,6,9,10,5)
(58, 60, 60, 41, 2, 30, 19, 37, 44, 47, 45, 2, 21, 30, 22, 59, 73, 82, 48)
line 39: nearestNeighbour (2,4,3,3,5,6,5,5,5,10,10,7,2,2,2,4,2,10,4)
(58, 60, 60, 41, 2, 30, 19, 37, 44, 47, 45, 2, 21, 30, 22, 59, 73, 82, 48)
line 40: nearestNeighbour (4,1,9,6,2,10,6,9,2,6,7,4,6,7,8,9,2,1,6)
(58, 60, 60, 41, 2, 30, 19, 37, 44, 47, 45, 2, 21, 30, 22, 59, 73, 82, 48)
line 41: nearestNeighbour (3,5,5,6,10,2,5,1,2,7,9,4,10,1,10,6,5,6,1)
(58, 60, 60, 41, 2, 30, 19, 37, 44, 47, 45, 2, 21, 30, 22, 59, 73, 82, 48)
line 42: kNearestNeighbour 7 (9,6,8,8,6,8,10,5,2,4,10,1,4,8,1,4,1,4,4)
(58, 60, 60, 41, 2, 30, 19, 37, 44, 47, 45, 2, 21, 30, 22, 59, 73, 82, 48)(72, 5, 52, 74, 93, 73, 63, 43, 23, 51, 42, 37, 19, 26, 29, 16, 31, 32, 1)(52, 36, 19, 80, 20, 25, 59, 39, 22, 62, 90, 29, 49, 69, 17, 36, 84, 71, 31)(7, 9, 30, 82, 78, 63, 38, 68, 93, 55, 11, 100, 30, 52, 46, 25, 64, 60, 3)(20, 24, 79, 32, 50, 96, 81, 9, 63, 9, 12, 54, 79, 22, 95, 82, 16, 55, 35)(78, 42, 64, 24, 38, 52, 55, 83, 39, 100, 1, 60, 16, 79, 96, 6, 25, 19, 57)(50, 3, 79, 60, 72, 3, 56, 7, 42, 83, 98, 81, 46, 68, 9, 42, 20, 6, 92)
line 43: nearestNeighbour (3,4,7,5,4,4,9,6,1,8,1,4,1,6,2,3,1,10,1)
(58, 60, 60, 41, 2, 30, 19, 37, 44, 47, 45, 2, 21, 30, 22, 59, 73, 82, 48)
line 44: nearestNeighbour (4,3,4,4,9,9,1,2,9,7,1,3,1,2,6,4,7,5,2)
(58, 60, 60, 41, 2, 30, 19, 37, 44, 47, 45, 2, 21, 30, 22, 59, 73, 82, 48)
line 45: nearestNeighbour (3,2,3,4,4,4,6,4,5,4,5,9,10,2,8,8,5,2,9)
(58, 60, 60, 41, 2, 30, 19, 37, 44, 47, 45, 2, 21, 30, 22, 59, 73, 82, 48)
line 46: kNearestNeighbour 5 (9,1,4,1,2,3,5,9,3,10,9,5,4,7,6,9,1,8,2)
(58, 60, 60, 41, 2, 30, 19, 37, 44, 47, 45, 2, 21, 30, 22, 59, 73, 82, 48)(72, 5, 52, 74, 93, 73, 63, 43, 23, 51, 42, 37, 19, 26, 29, 16, 31, 32, 1)(52, 36, 19, 80, 20, 25, 59, 39, 22, 62, 90, 29, 49, 69, 17, 36, 84, 71, 31)(7, 9, 30, 82, 78, 63, 38, 68, 93, 55, 11, 100, 30, 52, 46, 25, 64, 60, 3)(78, 42, 64, 24, 38, 52, 55, 83, 39, 100, 1, 60, 16, 79, 96, 6, 25, 19, 57)
line 47: nearestNeighbour (5,10,6,1,5,2,7,8,7,4,7,2,6,9,1,2,7,7,2)
(58, 60, 60, 41, 2, 30, 19, 37, 44, 47, 45, 2, 21, 30, 22, 59, 73, 82, 48)
line 48: nearestNeighbour (2,9,9,1,5,1,1,6,9,8,7,8,10,10,2,1,3,1,1)
(58, 60, 60, 41, 2, 30, 19, 37, 44, 47, 45, 2, 21, 30, 22, 59, 73, 82, 48)
line 49: nearestNeighbour (9,6,4,7,5,9,10,3,6,3,2,7,1,10,2,3,6,6,10)
(58, 60, 60, 41, 2, 30, 19, 37, 44, 47, 45, 2, 21, 30, 22, 59, 73, 82, 48)
line 50: kNearestNeighbour 2 (3,8,6,2,1,4,6,1,10,10,9,5,4,10,6,7,3,5,4)
(58, 60, 60, 41, 2, 30, 19, 37, 44, 47, 45, 2, 21, 30, 22, 59, 73, 82, 48)(72, 5, 52, 74, 93, 73, 63, 43, 23, 51, 42, 37, 19, 26, 29, 16, 31, 32, 1)
line 51: nearestNeighbour (7,2,3,8,7,3,5,9,6,5,4,7,1,2,4,4,3,5,1)
(58, 60, 60, 41, 2, 30, 19, 37, 44, 47, 45, 2, 21, 30, 22, 59, 73, 82, 48)
line 52: kNearestNeighbour 2 (4,4,4,1,5,8,5,4,4,3,5,9,10,4,1,10,3,8,10)
(58, 60, 60, 41, 2, 30, 19, 37, 44, 47, 45, 2, 21, 30, 22, 59, 73, 82, 48)(72, 5, 52, 74, 93, 73, 63, 43, 23, 51, 42, 37, 19, 26, 29, 16, 31, 32, 1)
line 53: kNearestNeighbour 5 (5,6,10,9,8,3,5,7,3,8,10,10,9,7,1,9,10,9,4)
(58, 60, 60, 41, 2, 30, 19, 37, 44, 47, 45, 2, 21, 30, 22, 59, 73, 82, 48)(72, 5, 52, 74, 93, 73, 63, 43, 23, 51, 42, 37, 19, 26, 29, 16, 31, 32, 1)(52, 36, 19, 80, 20, 25, 59, 39, 22, 62, 90, 29, 49, 69, 17, 36, 84, 71, 31)(7, 9, 30, 82, 78, 63, 38, 68, 93, 55, 11, 100, 30, 52, 46, 25, 64, 60, 3)(20, 24, 79, 32, 50, 96, 81, 9, 63, 9, 12, 54, 79, 22, 95, 82, 16, 55, 35)
line 54: kNearestNeighbour 9 (7,9,9,5,8,3,2,3,9,5,2,4,10,5,1,10,2,7,10)
(58, 60, 60, 41, 2, 30, 19, 37, 44, 47, 45, 2, 21, 30, 22, 59, 73, 82, 48)(72, 5, 52, 74, 93, 73, 63, 43, 23, 51, 42, 37, 19, 26, 29, 16, 31, 32, 1)(52, 36, 19, 80, 20, 25, 59, 39, 22, 62, 90, 29, 49, 69, 17, 36, 84, 71, 31)(20, 24, 79, 32, 50, 96, 81, 9, 63, 9, 12, 54, 79, 22, 95, 82, 16, 55, 35)(7, 9, 30, 82, 78, 63, 38, 68, 93, 55, 11, 100, 30, 52, 46, 25, 64, 60, 3)(78, 42, 64, 24, 38, 52, 55, 83, 39, 100, 1, 60, 16, 79, 96, 6, 25, 19, 57)(50, 3, 79, 60, 72, 3, 56, 7, 42, 83, 98, 81, 46, 68, 9, 42, 20, 6, 92)(35, 76, 82, 24, 33, 25, 30, 21, 83, 33, 97, 95, 1, 19, 75, 26, 100, 34, 33)(13, 25, 61, 100, 15, 88, 41, 56, 23, 93, 80, 41, 73, 43, 3, 42, 93, 39, 21)
line 55: kNearestNeighbour 4 (5,4,6,2,8,10,8,3,4,8,7,6,10,7,4,3,1,10,6)
(58, 60, 60, 41, 2, 30, 19, 37, 44, 47, 45, 2, 21, 30, 22, 59, 73, 82, 48)(72, 5, 52, 74, 93, 73, 63, 43, 23, 51, 42, 37, 19, 26, 29, 16, 31, 32, 1)(52, 36, 19, 80, 20, 25, 59, 39, 22, 62, 90, 29, 49, 69, 17, 36, 84, 71, 31)(20, 24, 79, 32, 50, 96, 81, 9, 63, 9, 12, 54, 79, 22, 95, 82, 16, 55, 35)
line 56: kNearestNeighbour 9 (5,3,7,3,4,5,7,8,9,7,10,3,1,3,5,4,4,1,6)
(58, 60, 60, 41, 2, 30, 19, 37, 44, 47, 45, 2, 21, 30, 22, 59, 73, 82, 48)(72, 5, 52, 74, 93, 73, 63, 43, 23, 51, 42, 37, 19, 26, 29, 16, 31, 32, 1)(52, 36, 19, 80, 20, 25, 59, 39, 22, 62, 90, 29, 49, 69, 17, 36, 84, 71, 31)(7, 9, 30, 82, 78, 63, 38, 68, 93, 55, 11, 100, 30, 52, 46, 25, 64, 60, 3)(78, 42, 64, 24, 38, 52, 55, 83, 39, 100, 1, 60, 16, 79, 96, 6, 25, 19, 57)(20, 24, 79, 32, 50, 96, 81, 9, 63, 9, 12, 54, 79, 22, 95, 82, 16, 55, 35)(35, 76, 82, 24, 33, 25, 30, 21, 83, 33, 97, 95, 1, 19, 75, 26, 100, 34, 33)(50, 3, 79, 60, 72, 3, 56, 7, 42, 83, 98, 81, 46, 68, 9, 42, 20, 6, 92)(13, 25, 61, 100, 15, 88, 41, 56, 23, 93, 80, 41, 73, 43, 3, 42, 93, 39, 21)
line 57: kNearestNeighbour 2 (2,1,5,6,4,4,5,5,1,5,6,4,6,4,2,8,6,8,3)
(58, 60, 60, 41, 2, 30, 19, 37, 44, 47, 45, 2, 21, 30, 22, 59, 73, 82, 48)(72, 5, 52, 74, 93, 73, 63, 43, 23, 51, 42, 37, 19, 26, 29, 16, 31, 32, 1)
line 58: nearestNeighbour (1,4,5,10,5,8,3,10,1,5,6,4,2,5,6,3,10,10,10)
(58, 60, 60, 41, 2, 30, 19, 37, 44, 47, 45, 2, 21, 30, 22, 59, 73, 82, 48)
line 59: kNearestNeighbour 7 (2,2,6,6,1,5,2,4,8,2,10,1,4,6,8,8,9,6,2)
(58, 60, 60, 41, 2, 30, 19, 37, 44, 47, 45, 2, 21, 30, 22, 59, 73, 82, 48)(72, 5, 52, 74, 93, 73, 63, 43, 23, 51, 42, 37, 19, 26, 29, 16, 31, 32, 1)(52, 36, 19, 80, 20, 25, 59, 39, 22, 62, 90, 29, 49, 69, 17, 36, 84, 71, 31)(7, 9, 30, 82, 78, 63, 38, 68, 93, 55, 11, 100, 30, 52, 46, 25, 64, 60, 3)(20, 24, 79, 32, 50, 96, 81, 9, 63, 9, 12, 54, 79, 22, 95, 82, 16, 55, 35)(35, 76, 82, 24, 33, 25, 30, 21, 83, 33, 97, 95, 1, 19, 75, 26, 100, 34, 33)(78, 42, 64, 24, 38, 52, 55, 83, 39, 100, 1, 60, 16, 79, 96, 6, 25, 19, 57)
line 60: nearestNeighbour (9,10,3,2,6,8,7,6,7,1,3,10,2,3,4,4,5,8,2)
(58, 60, 60, 41, 2, 30, 19, 37, 44, 47, 45, 2, 21, 30, 22, 59, 73, 82, 48)
line 61: nearestNeighbour (3,5,1,2,5,5,1,5,6,10,4,5,4,6,6,5,10,4,6)
(58, 60, 60, 41, 2, 30, 19, 37, 44, 47, 45, 2, 21, 30, 22, 59, 73, 82, 48)
line 62: nearestNeighbour (4,3,6,1,9,8,2,9,5,8,2,9,3,1,8,2,4,10,7)
(58, 60, 60, 41, 2, 30, 19, 37, 44, 47, 45, 2, 21, 30, 22, 59, 73, 82, 48)
line 63: kNearestNeighbour 8 (6,1,10,7,8,3,2,10,3,7,1,2,5,7,10,2,4,1,9)
(58, 60, 60, 41, 2, 30, 19, 37, 44, 47, 45, 2, 21, 30, 22, 59, 73, 82, 48)(72, 5, 52, 74, 93, 73, 63, 43, 23, 51, 42, 37, 19, 26, 29, 16, 31, 32, 1)(52, 36, 19, 80, 20, 25, 59, 39, 22, 62, 90, 29, 49, 69, 17, 36, 84, 71, 31)(78, 42, 64, 24, 38, 52, 55, 83, 39, 100, 1, 60, 16, 79, 96, 6, 25, 19, 57)(7, 9, 30, 82, 78, 63, 38, 68, 93, 55, 11, 100, 30, 52, 46, 25, 64, 60, 3)(20, 24, 79, 32, 50, 96, 81, 9, 63, 9, 12, 54, 79, 22, 95, 82, 16, 55, 35)(50, 3, 79, 60, 72, 3, 56, 7, 42, 83, 98, 81, 46, 68, 9, 42, 20, 6, 92)(35, 76, 82, 24, 33, 25, 30, 21, 83, 33, 97, 95, 1, 19, 75, 26, 100, 34, 33)
line 64: kNearestNeighbour 5 (1,8,1,8,9,5,5,3,5,3,3,8,2,8,9,5,10,7,6)
(58, 60, 60, 41, 2, 30, 19, 37, 44, 47, 45, 2, 21, 30, 22, 59, 73, 82, 48)(72, 5, 52, 74, 93, 73, 63, 43, 23, 51, 42, 37, 19, 26, 29, 16, 31, 32, 1)(52, 36, 19, 80, 20, 25, 59, 39, 22, 62, 90, 29, 49, 69, 17, 36, 84, 71, 31)(7, 9, 30, 82, 78, 63, 38, 68, 93, 55, 11, 100, 30, 52, 46, 25, 64, 60, 3)(20, 24, 79, 32, 50, 96, 81, 9, 63, 9, 12, 54, 79, 22, 95, 82, 16, 55, 35)
line 65: kNearestNeighbour 9 (1,2,2,8,10,9,10,1,1,6,5,7,4,8,2,10,10,4,6)
(58, 60, 60, 41, 2, 30, 19, 37, 44, 47, 45, 2, 21, 30, 22, 59, 73, 82, 48)(72, 5, 52, 74, 93, 73, 63, 43, 23, 51, 42, 37, 19, 26, 29, 16, 31, 32, 1)(52, 36, 19, 80, 20, 25, 59, 39, 22, 62, 90, 29, 49, 69, 17, 36, 84, 71, 31)(7, 9, 30, 82, 78, 63, 38, 68, 93, 55, 11, 100, 30, 52, 46, 25, 64, 60, 3)(20, 24, 79, 32, 50, 96, 81, 9, 63, 9, 12, 54, 79, 22, 95, 82, 16, 55, 35)(50, 3, 79, 60, 72, 3, 56, 7, 42, 83, 98, 81, 46, 68, 9, 42, 20, 6, 92)(13, 25, 61, 100, 15, 88, 41, 56, 23, 93, 80, 41, 73, 43, 3, 42, 93, 39, 21)(78, 42, 64, 24, 38, 52, 55, 83, 39, 100, 1, 60, 16, 79, 96, 6, 25, 19, 57)(35, 76, 82, 24, 33, 25, 30, 21, 83, 33, 97, 95, 1, 19, 75, 26, 100, 34, 33)
line 66: nearestNeighbour (9,1,3,6,3,3,10,10,3,8,8,7,6,7,2,9,3,8,1)
(58, 60, 60, 41, 2, 30, 19, 37, 44, 47, 45, 2, 21, 30, 22, 59, 73, 82, 48)
line 67: kNearestNeighbour 1 (10,3,7,9,10,8,6,1,9,1,2,4,10,8,7,4,2,4,3)
(58, 60, 60, 41, 2, 30, 19, 37, 44, 47, 45, 2, 21, 30, 22, 59, 73, 82, 48)
line 68: kNearestNeighbour 6 (8,10,1,9,1,7,5,7,5,6,3,4,7,3,6,2,4,3,4)
(58, 60, 60, 41, 2, 30, 19, 37, 44, 47, 45, 2, 21, 30, 22, 59, 73, 82, 48)(72, 5, 52, 74, 93, 73, 63, 43, 23, 51, 42, 37, 19, 26, 29, 16, 31, 32, 1)(52, 36, 19, 80, 20, 25, 59, 39, 22, 62, 90, 29, 49, 69, 17, 36, 84, 71, 31)(7, 9, 30, 82, 78, 63, 38, 68, 93, 55, 11, 100, 30, 52, 46, 25, 64, 60, 3)(78, 42, 64, 24, 38, 52, 55, 83, 39, 100, 1, 60, 16, 79, 96, 6, 25, 19, 57)(20, 24, 79, 32, 50, 96, 81, 9, 63, 9, 12, 54, 79, 22, 95, 82, 16, 55, 35)
line 69: nearestNeighbour (6,2,3,9,9,9,4,3,8,4,3,5,3,2,3,7,1,4,7)
(58, 60, 60, 41, 2, 30, 19, 37, 44, 47, 45, 2, 21, 30, 22, 59, 73, 82, 48)
line 70: kNearestNeighbour 1 (10,4,4,9,3,7,5,1,6,4,9,4,8,9,8,2,6,2,2)
(58, 60, 60, 41, 2, 30, 19, 37, 44, 47, 45, 2, 21, 30, 22, 59, 73, 82, 48)
line 71: kNearestNeighbour 2 (5,1,8,5,10,3,10,4,7,9,9,5,7,9,3,2,8,8,8)
(58, 60, 60, 41, 2, 30, 19, 37, 44, 47, 45, 2, 21, 30, 22, 59, 73, 82, 48)(72, 5, 52, 74, 93, 73, 63, 43, 23, 51, 42, 37, 19, 26, 29, 16, 31, 32, 1)
line 72: kNearestNeighbour 6 (5,4,6,9,6,7,6,6,9,9,5,7,8,5,8,5,8,8,3)
(58, 60, 60, 41, 2, 30, 19, 37, 44, 47, 45, 2, 21, 30, 22, 59, 73, 82, 48)(72, 5, 52, 74, 93, 73, 63, 43, 23, 51, 42, 37, 19, 26, 29, 16, 31, 32, 1)(52, 36, 19, 80, 20, 25, 59, 39, 22, 62, 90, 29, 49, 69, 17, 36, 84, 71, 31)(7, 9, 30, 82, 78, 63, 38, 68, 93, 55, 11, 100, 30, 52, 46, 25, 64, 60, 3)(20, 24, 79, 32, 50, 96, 81, 9, 63, 9, 12, 54, 79, 22, 95, 82, 16, 55, 35)(78, 42, 64, 24, 38, 52, 55, 83, 39, 100, 1, 60, 16, 79, 96, 6, 25, 19, 57)
line 73: nearestNeighbour (10,6,5,7,7,2,6,7,9,10,9,1,4,4,6,2,3,3,4)
(58, 60, 60, 41, 2, 30, 19, 37, 44, 47, 45, 2, 21, 30, 22, 59, 73, 82, 48)
line 74: kNearestNeighbour 8 (3,10,7,1,8,8,5,4,1,7,6,3,10,8,4,7,5,2,4)
(58, 60, 60, 41, 2, 30, 19, 37, 44, 47, 45, 2, 21, 30, 22, 59, 73, 82, 48)(72, 5, 52, 74, 93, 73, 63, 43, 23, 51, 42, 37, 19, 26, 29, 16, 31, 32, 1)(52, 36, 19, 80, 20, 25, 59, 39, 22, 62, 90, 29, 49, 69, 17, 36, 84, 71, 31)(20, 24, 79, 32, 50, 96, 81, 9, 63, 9, 12, 54, 79, 22, 95, 82, 16, 55, 35)(7, 9, 30, 82, 78, 63, 38, 68, 93, 55, 11, 100, 30, 52, 46, 25, 64, 60, 3)(78, 42, 64, 24, 38, 52, 55, 83, 39, 100, 1, 60, 16, 79, 96, 6, 25, 19, 57)(50, 3, 79, 60, 72, 3, 56, 7, 42, 83, 98, 81, 46, 68, 9, 42, 20, 6, 92)(35, 76, 82, 24, 33, 25, 30, 21, 83, 33, 97, 95, 1, 19, 75, 26, 100, 34, 33)
line 75: nearestNeighbour (9,7,10,6,5,10,4,5,5,10,9,5,7,2,8,7,3,2,10)
(58, 60, 60, 41, 2, 30, 19, 37, 44, 47, 45, 2, 21, 30, 22, 59, 73, 82, 48)
line 76: kNearestNeighbour 5 (2,1,2,3,2,4,8,3,3,1,3,6,5,1,4,3,8,9,5)
(58, 60, 60, 41, 2, 30, 19, 37, 44, 47, 45, 2, 21, 30, 22, 59, 73, 82, 48)(72, 5, 52, 74, 93, 73, 63, 43, 23, 51, 42, 37, 19, 26, 29, 16, 31, 32, 1)(52, 36, 19, 80, 20, 25, 59, 39, 22, 62, 90, 29, 49, 69, 17, 36, 84, 71, 31)(7, 9, 30, 82, 78, 63, 38, 68, 93, 55, 11, 100, 30, 52, 46, 25, 64, 60, 3)(20, 24, 79, 32, 50, 96, 81, 9, 63, 9, 12, 54, 79, 22, 95, 82, 16, 55, 35)
line 77: nearestNeighbour (10,5,9,2,5,4,1,8,9,2,1,5,2,4,6,8,5,3,7)
(58, 60, 60, 41, 2, 30, 19, 37, 44, 47, 45, 2, 21, 30, 22, 59, 73, 82, 48)
line 78: kNearestNeighbour 7 (5,4,7,2,5,3,3,2,6,4,3,10,6,3,6,1,10,7,10)
(58, 60, 60, 41, 2, 30, 19, 37, 44, 47, 45, 2, 21, 30, 22, 59, 73, 82, 48)(72, 5, 52, 74, 93, 73, 63, 43, 23, 51, 42, 37, 19, 26, 29, 16, 31, 32, 1)(52, 36, 19, 80, 20, 25, 59, 39, 22, 62, 90, 29, 49, 69, 17, 36, 84, 71, 31)(7, 9, 30, 82, 78, 63, 38, 68, 93, 55, 11, 100, 30, 52, 46, 25, 64, 60, 3)(20, 24, 79, 32, 50, 96, 81, 9, 63, 9, 12, 54, 79, 22, 95, 82, 16, 55, 35)(35, 76, 82, 24, 33, 25, 30, 21, 83, 33, 97, 95, 1, 19, 75, 26, 100, 34, 33)(78, 42, 64, 24, 38, 52, 55, 83, 39, 100, 1, 60, 16, 79, 96, 6, 25, 19, 57)
line 79: kNearestNeighbour 3 (4,1,6,1,6,9,5,3,7,1,2,6,2,9,7,9,6,8,8)
(58, 60, 60, 41, 2, 30, 19, 37, 44, 47, 45, 2, 21, 30, 22, 59, 73, 82, 48)(72, 5, 52, 74, 93, 73, 63, 43, 23, 51, 42, 37, 19, 26, 29, 16, 31, 32, 1)(52, 36, 19, 80, 20, 25, 59, 39, 22, 62, 90, 29, 49, 69, 17, 36, 84, 71, 31)
line 80: nearestNeighbour (3,9,9,9,8,6,9,5,2,5,10,8,4,9,6,2,2,3,7)
(58, 60, 60, 41, 2, 30, 19, 37, 44, 47, 45, 2, 21, 30, 22, 59, 73, 82, 48)
line 81: kNearestNeighbour 1 (8,1,8,7,2,2,8,10,6,4,3,2,4,10,1,4,2,1,7)
(58, 60, 60, 41, 2, 30, 19, 37, 44, 47, 45, 2, 21, 30, 22, 59, 73, 82, 48)
line 82: nearestNeighbour (2,1,7,5,9,9,5,8,10,5,5,8,1,1,4,7,3,2,4)
(58, 60, 60, 41, 2, 30, 19, 37, 44, 47, 45, 2, 21, 30, 22, 59, 73, 82, 48)
line 83: nearestNeighbour (4,1,2,2,1,4,2,3,10,5,5,7,7,9,5,7,9,6,6)
(58, 60, 60, 41, 2, 30, 19, 37, 44, 47, 45, 2, 21, 30, 22, 59, 73, 82, 48)
line 84: nearestNeighbour (2,3,1,6,1,3,6,9,4,4,5,5,1,6,1,1,5,3,3)
(58, 60, 60, 41, 2, 30, 19, 37, 44, 47, 45, 2, 21, 30, 22, 59, 73, 82, 48)
line 85: nearestNeighbour (5,1,4,7,7,2,7,3,1,3,7,4,4,6,9,3,8,3,10)
(58, 60, 60, 41, 2, 30, 19, 37, 44, 47, 45, 2, 21, 30, 22, 59, 73, 82, 48)
line 86: nearestNeighbour (7,2,4,7,1,9,10,5,6,10,8,1,4,4,1,1,6,8,1)
(58, 60, 60, 41, 2, 30, 19, 37, 44, 47, 45, 2, 21, 30, 22, 59, 73, 82, 48)
line 87: nearestNeighbour (1,9,4,10,4,6,2,5,3,8,10,2,1,9,10,4,4,4,9)
(58, 60, 60, 41, 2, 30, 19, 37, 44, 47, 45, 2, 21, 30, 22, 59, 73, 82, 48)
line 88: nearestNeighbour (10,7,10,6,3,2,8,6,10,6,7,6,6,4,2,10,6,8,2)
(58, 60, 60, 41, 2, 30, 19, 37, 44, 47, 45, 2, 21, 30, 22, 59, 73, 82, 48)
line 89: kNearestNeighbour 4 (7,6,5,5,2,5,2,5,10,10,6,10,8,5,5,4,2,4,6)
(58, 60, 60, 41, 2, 30, 19, 37, 44, 47, 45, 2, 21, 30, 22, 59, 73, 82, 48)(72, 5, 52, 74, 93, 73, 63, 43, 23, 51, 42, 37, 19, 26, 29, 16, 31, 32, 1)(52, 36, 19, 80, 20, 25, 59, 39, 22, 62, 90, 29, 49, 69, 17, 36, 84, 71, 31)(7, 9, 30, 82, 78, 63, 38, 68, 93, 55, 11, 100, 30, 52, 46, 25, 64, 60, 3)
line 90: kNearestNeighbour 1 (10,10,7,6,3,8,2,1,9,4,7,9,1,10,10,8,8,6,9)
(58, 60, 60, 41, 2, 30, 19, 37, 44, 47, 45, 2, 21, 30, 22, 59, 73, 82, 48)
line 91: kNearestNeighbour 9 (9,3,7,8,5,5,3,7,1,8,6,8,9,6,8,5,4,6,9)
(58, 60, 60, 41, 2, 30, 19, 37, 44, 47, 45, 2, 21, 30, 22, 59, 73, 82, 48)(72, 5, 52, 74, 93, 73, 63, 43, 23, 51, 42, 37, 19, 26, 29, 16, 31, 32, 1)(52, 36, 19, 80, 20, 25, 59, 39, 22, 62, 90, 29, 49, 69, 17, 36, 84, 71, 31)(7, 9, 30, 82, 78, 63, 38, 68, 93, 55, 11, 100, 30, 52, 46, 25, 64, 60, 3)(78, 42, 64, 24, 38, 52, 55, 83, 39, 100, 1, 60, 16, 79, 96, 6, 25, 19, 57)(20, 24, 79, 32, 50, 96, 81, 9, 63, 9, 12, 54, 79, 22, 95, 82, 16, 55, 35)(50, 3, 79, 60, 72, 3, 56, 7, 42, 83, 98, 81, 46, 68, 9, 42, 20, 6, 92)(35, 76, 82, 24, 33, 25, 30, 21, 83, 33, 97, 95, 1, 19, 75, 26, 100, 34, 33)(13, 25, 61, 100, 15, 88, 41, 56, 23, 93, 80, 41, 73, 43, 3, 42, 93, 39, 21)
line 92: kNearestNeighbour 5 (3,9,7,7,7,4,3,9,7,8,8,10,1,3,9,8,3,8,6)
(58, 60, 60, 41, 2, 30, 19, 37, 44, 47, 45, 2, 21, 30, 22, 59, 73, 82, 48)(72, 5, 52, 74, 93, 73, 63, 43, 23, 51, 42, 37, 19, 26, 29, 16, 31, 32, 1)(52, 36, 19, 80, 20, 25, 59, 39, 22, 62, 90, 29, 49, 69, 17, 36, 84, 71, 31)(7, 9, 30, 82, 78, 63, 38, 68, 93, 55, 11, 100, 30, 52, 46, 25, 64, 60, 3)(20, 24, 79, 32, 50, 96, 81, 9, 63, 9, 12, 54, 79, 22, 95, 82, 16, 55, 35)
line 93: kNearestNeighbour 8 (9,6,6,7,2,4,1,2,5,1,4,3,5,5,6,7,1,2,1)
(58, 60, 60, 41, 2, 30, 19, 37, 44, 47, 45, 2, 21, 30, 22, 59, 73, 82, 48)(72, 5, 52, 74, 93, 73, 63, 43, 23, 51, 42, 37, 19, 26, 29, 16, 31, 32, 1)(52, 36, 19, 80, 20, 25, 59, 39, 22, 62, 90, 29, 49, 69, 17, 36, 84, 71, 31)(20, 24, 79, 32, 50, 96, 81, 9, 63, 9, 12, 54, 79, 22, 95, 82, 16, 55, 35)(7, 9, 30, 82, 78, 63, 38, 68, 93, 55, 11, 100, 30, 52, 46, 25, 64, 60, 3)(78, 42, 64, 24, 38, 52, 55, 83, 39, 100, 1, 60, 16, 79, 96, 6, 25, 19, 57)(35, 76, 82, 24, 33, 25, 30, 21, 83, 33, 97, 95, 1, 19, 75, 26, 100, 34, 33)(50, 3, 79, 60, 72, 3, 56, 7, 42, 83, 98, 81, 46, 68, 9, 42, 20, 6, 92)
line 94: kNearestNeighbour 10 (2,6,3,1,1,7,6,1,10,2,8,3,8,2,3,10,3,6,5)
(58, 60, 60, 41, 2, 30, 19, 37, 44, 47, 45, 2, 21, 30, 22, 59, 73, 82, 48)(72, 5, 52, 74, 93, 73, 63, 43, 23, 51, 42, 37, 19, 26, 29, 16, 31, 32, 1)(52, 36, 19, 80, 20, 25, 59, 39, 22, 62, 90, 29, 49, 69, 17, 36, 84, 71, 31)(20, 24, 79, 32, 50, 96, 81, 9, 63, 9, 12, 54, 79, 22, 95, 82, 16, 55, 35)(7, 9, 30, 82, 78, 63, 38, 68, 93, 55, 11, 100, 30, 52, 46, 25, 64, 60, 3)(35, 76, 82, 24, 33, 25, 30, 21, 83, 33, 97, 95, 1, 19, 75, 26, 100, 34, 33)(78, 42, 64, 24, 38, 52, 55, 83, 39, 100, 1, 60, 16, 79, 96, 6, 25, 19, 57)(50, 3, 79, 60, 72, 3, 56, 7, 42, 83, 98, 81, 46, 68, 9, 42, 20, 6, 92)(13, 25, 61, 100, 15, 88, 41, 56, 23, 93, 80, 41, 73, 43, 3, 42, 93, 39, 21)(26, 10, 59, 17, 2, 80, 65, 40, 82, 39, 55, 100, 72, 70, 38, 12, 11, 99, 87)
line 95: nearestNeighbour (5,6,9,7,6,9,3,8,3,5,8,3,1,2,6,5,4,9,2)
(58, 60, 60, 41, 2, 30, 19, 37, 44, 47, 45, 2, 21, 30, 22, 59, 73, 82, 48)
line 96: nearestNeighbour (8,8,10,2,8,5,5,5,1,5,4,2,4,2,6,3,8,9,6)
(58, 60, 60, 41, 2, 30, 19, 37, 44, 47, 45, 2, 21, 30, 22, 59, 73, 82, 48)
line 97: kNearestNeighbour 5 (10,9,1,7,10,2,10,7,5,4,3,8,3,2,9,9,7,1,7)
(58, 60, 60, 41, 2, 30, 19, 37, 44, 47, 45, 2, 21, 30, 22, 59, 73, 82, 48)(72, 5, 52, 74, 93, 73, 63, 43, 23, 51, 42, 37, 19, 26, 29, 16, 31, 32, 1)(52, 36, 19, 80, 20, 25, 59, 39, 22, 62, 90, 29, 49, 69, 17, 36, 84, 71, 31)(7, 9, 30, 82, 78, 63, 38, 68, 93, 55, 11, 100, 30, 52, 46, 25, 64, 60, 3)(20, 24, 79, 32, 50, 96, 81, 9, 63, 9, 12, 54, 79, 22, 95, 82, 16, 55, 35)
line 98: kNearestNeighbour 1 (9,2,10,2,5,3,4,10,5,1,6,6,10,8,8,3,10,9,6)
(58, 60, 60, 41, 2, 30, 19, 37, 44, 47, 45, 2, 21, 30, 22, 59, 73, 82, 48)
line 99: kNearestNeighbour 3 (6,5,6,1,1,4,6,2,7,5,2,10,8,6,10,2,4,4,7)
(58, 60, 60, 41, 2, 30, 19, 37, 44, 47, 45, 2, 21, 30, 22, 59, 73, 82, 48)(72, 5, 52, 74, 93, 73, 63, 43, 23, 51, 42, 37, 19, 26, 29, 16, 31, 32, 1)(52, 36, 19, 80, 20, 25, 59, 39, 22, 62, 90, 29, 49, 69, 17, 36, 84, 71, 31)
line 100: nearestNeighbour (6,8,2,10,9,5,2,1,8,10,1,9,4,2,10,8,1,4,1)
(58, 60, 60, 41, 2, 30, 19, 37, 44, 47, 45, 2, 21, 30, 22, 59, 73, 82, 48)
line 101: nearestNeighbour (8,1,1,5,10,7,2,9,1,5,7,8,1,1,3,5,8,4,5)
(58, 60, 60, 41, 2, 30, 19, 37, 44, 47, 45, 2, 21, 30, 22, 59, 73, 82, 48)
line 102: kNearestNeighbour 6 (4,7,10,1,7,10,10,5,5,8,2,2,10,5,1,9,1,10,8)
(58, 60, 60, 41, 2, 30, 19, 37, 44, 47, 45, 2, 21, 30, 22, 59, 73, 82, 48)(72, 5, 52, 74, 93, 73, 63, 43, 23, 51, 42, 37, 19, 26, 29, 16, 31, 32, 1)(52, 36, 19, 80, 20, 25, 59, 39, 22, 62, 90, 29, 49, 69, 17, 36, 84, 71, 31)(20, 24, 79, 32, 50, 96, 81, 9, 63, 9, 12, 54, 79, 22, 95, 82, 16, 55, 35)(7, 9, 30, 82, 78, 63, 38, 68, 93, 55, 11, 100, 30, 52, 46, 25, 64, 60, 3)(78, 42, 64, 24, 38, 52, 55, 83, 39, 100, 1, 60, 16, 79, 96, 6, 25, 19, 57)
line 103: nearestNeighbour (8,3,1,10,4,9,6,2,8,9,3,7,2,7,1,8,10,6,9)
(58, 60, 60, 41, 2, 30, 19, 37, 44, 47, 45, 2, 21, 30, 22, 59, 73, 82, 48)
line 104: nearestNeighbour (7,5,10,10,8,2,9,7,8,6,8,4,4,7,8,8,5,5,10)
(58, 60, 60, 41, 2, 30, 19, 37, 44, 47, 45, 2, 21, 30, 22, 59, 73, 82, 48)
line 105: kNearestNeighbour 1 (6,2,7,8,10,5,1,7,5,6,7,3,7,6,9,8,7,4,9)
(58, 60, 60, 41, 2, 30, 19, 37, 44, 47, 45, 2, 21, 30, 22, 59, 73, 82, 48)
line 106: kNearestNeighbour 6 (7,5,9,2,4,1,6,5,2,1,2,8,6,1,6,7,9,10,6)
(58, 60, 60, 41, 2, 30, 19, 37, 44, 47, 45, 2, 21, 30, 22, 59, 73, 82, 48)(72, 5, 52, 74, 93, 73, 63, 43, 23, 51, 42, 37, 19, 26, 29, 16, 31, 32, 1)(52, 36, 19, 80, 20, 25, 59, 39, 22, 62, 90, 29, 49, 69, 17, 36, 84, 71, 31)(20, 24, 79, 32, 50, 96, 81, 9, 63, 9, 12, 54, 79, 22, 95, 82, 16, 55, 35)(7, 9, 30, 82, 78, 63, 38, 68, 93, 55, 11, 100, 30, 52, 46, 25, 64, 60, 3)(35, 76, 82, 24, 33, 25, 30, 21, 83, 33, 97, 95, 1, 19, 75, 26, 100, 34, 33)
line 107: nearestNeighbour (5,2,3,3,1,1,1,10,9,2,1,3,6,7,8,9,7,1,8)
(58, 60, 60, 41, 2, 30, 19, 37, 44, 47, 45, 2, 21, 30, 22, 59, 73, 82, 48)
line 108: kNearestNeighbour 5 (10,7,8,4,10,2,3,7,8,1,6,6,5,1,10,8,4,9,8)
(58, 60, 60, 41, 2, 30, 19, 37, 44, 47, 45, 2, 21, 30, 22, 59, 73, 82, 48)(72, 5, 52, 74, 93, 73, 63, 43, 23, 51, 42, 37, 19, 26, 29, 16, 31, 32, 1)(52, 36, 19, 80, 20, 25, 59, 39, 22, 62, 90, 29, 49, 69, 17, 36, 84, 71, 31)(20, 24, 79, 32, 50, 96, 81, 9, 63, 9, 12, 54, 79, 22, 95, 82, 16, 55, 35)(7, 9, 30, 82, 78, 63, 38, 68, 93, 55, 11, 100, 30, 52, 46, 25, 64, 60, 3)
line 109: nearestNeighbour (5,9,8,3,9,4,2,6,6,5,1,6,1,3,2,9,5,2,4)
(58, 60, 60, 41, 2, 30, 19, 37, 44, 47, 45, 2, 21, 30, 22, 59, 73, 82, 48)
line 110: nearestNeighbour (6,5,8,4,5,10,9,2,7,7,9,7,2,5,3,7,4,10,4)
(58, 60, 60, 41, 2, 30, 19, 37, 44, 47, 45, 2, 21, 30, 22, 59, 73, 82, 48)
line 111: kNearestNeighbour 4 (2,7,1,10,4,9,4,6,7,1,4,1,7,8,2,2,1,9,6)
(58, 60, 60, 41, 2, 30, 19, 37, 44, 47, 45, 2, 21, 30, 22, 59, 73, 82, 48)(72, 5, 52, 74, 93, 73, 63, 43, 23, 51, 42, 37, 19, 26, 29, 16, 31, 32, 1)(52, 36, 19, 80, 20, 25, 59, 39, 22, 62, 90, 29, 49, 69, 17, 36, 84, 71, 31)(7, 9, 30, 82, 78, 63, 38, 68, 93, 55, 11, 100, 30, 52, 46, 25, 64, 60, 3)
line 112: nearestNeighbour (1,3,7,4,4,5,5,10,1,3,3,2,1,5,10,2,8,7,7)
(58, 60, 60, 41, 2, 30, 19, 37, 44, 47, 45, 2, 21, 30, 22, 59, 73, 82, 48)
line 113: nearestNeighbour (8,8,7,10,6,4,2,10,8,9,6,2,10,1,10,10,2,7,9)
(58, 60, 60, 41, 2, 30, 19, 37, 44, 47, 45, 2, 21, 30, 22, 59, 73, 82, 48)
line 114: nearestNeighbour (5,8,2,2,8,10,3,1,7,6,2,5,10,2,1,10,1,3,1)
(58, 60, 60, 41, 2, 30, 19, 37, 44, 47, 45, 2, 21, 30, 22, 59, 73, 82, 48)
line 115: kNearestNeighbour 8 (8,4,1,8,2,7,10,3,4,8,1,4,2,9,5,3,10,3,4)
(58, 60, 60, 41, 2, 30, 19, 37, 44, 47, 45, 2, 21, 30, 22, 59, 73, 82, 48)(72, 5, 52, 74, 93, 73, 63, 43, 23, 51, 42, 37, 19, 26, 29, 16, 31, 32, 1)(52, 36, 19, 80, 20, 25, 59, 39, 22, 62, 90, 29, 49, 69, 17, 36, 84, 71, 31)(7, 9, 30, 82, 78, 63, 38, 68, 93, 55, 11, 100, 30, 52, 46, 25, 64, 60, 3)(78, 42, 64, 24, 38, 52, 55, 83, 39, 100, 1, 60, 16, 79, 96, 6, 25, 19, 57)(20, 24, 79, 32, 50, 96, 81, 9, 63, 9, 12, 54, 79, 22, 95, 82, 16, 55, 35)(13, 25, 61, 100, 15, 88, 41, 56, 23, 93, 80, 41, 73, 43, 3, 42, 93, 39, 21)(35, 76, 82, 24, 33, 25, 30, 21, 83, 33, 97, 95, 1, 19, 75, 26, 100, 34, 33)
line 116: kNearestNeighbour 5 (2,5,3,5,2,7,2,1,2,4,5,5,8,1,6,4,8,7,5)
(58, 60, 60, 41, 2, 30, 19, 37, 44, 47, 45, 2, 21, 30, 22, 59, 73, 82, 48)(72, 5, 52, 74, 93, 73, 63, 43, 23, 51, 42, 37, 19, 26, 29, 16, 31, 32, 1)(52, 36, 19, 80, 20, 25, 59, 39, 22, 62, 90, 29, 49, 69, 17, 36, 84, 71, 31)(7, 9, 30, 82, 78, 63, 38, 68, 93, 55, 11, 100, 30, 52, 46, 25, 64, 60, 3)(20, 24, 79, 32, 50, 96, 81, 9, 63, 9, 12, 54, 79, 22, 95, 82, 16, 55, 35)
line 117: nearestNeighbour (6,2,5,1,7,9,9,9,10,4,3,6,2,2,4,4,2,1,3)
(58, 60, 60, 41, 2, 30, 19, 37, 44, 47, 45, 2, 21, 30, 22, 59, 73, 82, 48)
line 118: nearestNeighbour (9,8,8,3,3,4,1,2,4,3,3,10,5,5,2,1,8,1,6)
(58, 60, 60, 41, 2, 30, 19, 37, 44, 47, 45, 2, 21, 30, 22, 59, 73, 82, 48)
line 119: kNearestNeighbour 3 (8,1,4,2,1,5,2,6,4,4,6,5,8,1,10,5,2,7,2)
(58, 60, 60, 41, 2, 30, 19, 37, 44, 47, 45, 2, 21, 30, 22, 59, 73, 82, 48)(72, 5, 52, 74, 93, 73, 63, 43, 23, 51, 42, 37, 19, 26, 29, 16, 31, 32, 1)(52, 36, 19, 80, 20, 25, 59, 39, 22, 62, 90, 29, 49, 69, 17, 36, 84, 71, 31)
line 120: nearestNeighbour (8,1,6,8,3,9,5,5,5,2,2,5,7,4,10,3,10,3,5)
(58, 60, 60, 41, 2, 30, 19, 37, 44, 47, 45, 2, 21, 30, 22, 59, 73, 82, 48)
line 121: nearestNeighbour (10,9,4,5,5,5,7,9,2,3,7,7,9,5,2,5,8,9,7)
(58, 60, 60, 41, 2, 30, 19, 37, 44, 47, 45, 2, 21, 30, 22, 59, 73, 82, 48)
line 122: nearestNeighbour (2,5,1,9,6,10,2,8,5,2,5,4,6,4,7,4,10,4,9)
(58, 60, 60, 41, 2, 30, 19, 37, 44, 47, 45, 2, 21, 30, 22, 59, 73, 82, 48)
line 123: kNearestNeighbour 1 (9,5,6,1,8,10,7,8,7,1,8,3,5,6,2,3,9,9,1)
(58, 60, 60, 41, 2, 30, 19, 37, 44, 47, 45, 2, 21, 30, 22, 59, 73, 82, 48)
line 124: nearestNeighbour (7,10,9,3,9,5,5,7,7,9,9,1,1,8,7,4,1,8,10)
(58, 60, 60, 41, 2, 30, 19, 37, 44, 47, 45, 2, 21, 30, 22, 59, 73, 82, 48)
line 125: nearestNeighbour (1,8,9,10,2,10,1,3,7,9,8,6,6,8,4,10,3,9,9)
(58, 60, 60, 41, 2, 30, 19, 37, 44, 47, 45, 2, 21, 30, 22, 59, 73, 82, 48)
line 126: nearestNeighbour (8,5,6,9,2,8,2,10,5,3,7,6,8,8,2,8,5,9,6)
(58, 60, 60, 41, 2, 30, 19, 37, 44, 47, 45, 2, 21, 30, 22, 59, 73, 82, 48)
line 127: nearestNeighbour (10,3,6,7,6,2,2,9,2,9,9,6,1,2,4,1,5,5,8)
(58, 60, 60, 41, 2, 30, 19, 37, 44, 47, 45, 2, 21, 30, 22, 59, 73, 82, 48)
line 128: kNearestNeighbour 8 (5,9,1,7,2,3,9,5,2,3,2,9,7,1,2,10,2,9,5)
(58, 60, 60, 41, 2, 30, 19, 37, 44, 47, 45, 2, 21, 30, 22, 59, 73, 82, 48)(72, 5, 52, 74, 93, 73, 63, 43, 23, 51, 42, 37, 19, 26, 29, 16, 31, 32, 1)(52, 36, 19, 80, 20, 25, 59, 39, 22, 62, 90, 29, 49, 69, 17, 36, 84, 71, 31)(7, 9, 30, 82, 78, 63, 38, 68, 93, 55, 11, 100, 30, 52, 46, 25, 64, 60, 3)(20, 24, 79, 32, 50, 96, 81, 9, 63, 9, 12, 54, 79, 22, 95, 82, 16, 55, 35)(78, 42, 64, 24, 38, 52, 55, 83, 39, 100, 1, 60, 16, 79, 96, 6, 25, 19, 57)(35, 76, 82, 24, 33, 25, 30, 21, 83, 33, 97, 95, 1, 19, 75, 26, 100, 34, 33)(50, 3, 79, 60, 72, 3, 56, 7, 42, 83, 98, 81, 46, 68, 9, 42, 20, 6, 92)
line 129: nearestNeighbour (8,1,4,6,8,3,9,9,1,10,8,5,9,10,1,4,1,4,2)
(58, 60, 60, 41, 2, 30, 19, 37, 44, 47, 45, 2, 21, 30, 22, 59, 73, 82, 48)
line 130: kNearestNeighbour 9 (9,2,3,10,5,2,6,10,6,9,1,6,5,5,4,9,7,5,2)
