line 1: k=14
line 2: clear
line 3: buildTree 20
(44,28,47,68,91,62,81,56,63,86,22,26,12,39) (66,8,1,42,11,22,33,29,3,74,70,26,54,36) (35,45,91,87,74,81,100,75,60,36,25,80,31,83) (50,55,7,86,52,21,44,96,59,6,68,49,63,9) (75,27,1,95,79,21,64,15,27,74,82,52,48,98) (28,33,54,36,99,52,73,3,12,42,72,10,24,22) (46,12,8,48,13,30,24,8,26,54,69,27,41,7) (98,6,2,28,30,98,60,89,71,81,75,21,94,79) (41,59,83,19,23,15,21,44,22,69,59,81,16,44) (93,30,35,63,42,40,72,12,73,16,65,71,100,44) (84,100,23,94,31,64,81,48,7,31,94,93,23,10) (95,6,9,19,1,83,72,8,35,36,39,42,28,23) (92,86,26,8,10,44,92,35,70,16,25,54,33,16) (21,32,65,37,32,14,2,61,99,6,4,39,29,84) (74,12,91,11,19,64,64,66,46,45,45,3,19,25) (1,22,79,37,86,73,78,9,16,24,31,37,47,57) (37,11,15,45,13,61,58,10,59,22,15,17,96,59) (39,42,86,64,95,91,33,79,66,65,93,37,2,96) (68,28,38,68,60,90,55,73,9,39,25,58,18,26) (16,13,48,51,16,20,90,41,73,41,53,1,37,15) 
line 4: nodeCount_height_leafCount
nodeCount=20;height=5;leafCount=8
line 5: inorderTraversal
(37, 11, 15, 45, 13, 61, 58, 10, 59, 22, 15, 17, 96, 59) (44, 28, 47, 68, 91, 62, 81, 56, 63, 86, 22, 26, 12, 39) (1, 22, 79, 37, 86, 73, 78, 9, 16, 24, 31, 37, 47, 57) (16, 13, 48, 51, 16, 20, 90, 41, 73, 41, 53, 1, 37, 15) (21, 32, 65, 37, 32, 14, 2, 61, 99, 6, 4, 39, 29, 84) (28, 33, 54, 36, 99, 52, 73, 3, 12, 42, 72, 10, 24, 22) (41, 59, 83, 19, 23, 15, 21, 44, 22, 69, 59, 81, 16, 44) (39, 42, 86, 64, 95, 91, 33, 79, 66, 65, 93, 37, 2, 96) (35, 45, 91, 87, 74, 81, 100, 75, 60, 36, 25, 80, 31, 83) (46, 12, 8, 48, 13, 30, 24, 8, 26, 54, 69, 27, 41, 7) (66, 8, 1, 42, 11, 22, 33, 29, 3, 74, 70, 26, 54, 36) (98, 6, 2, 28, 30, 98, 60, 89, 71, 81, 75, 21, 94, 79) (74, 12, 91, 11, 19, 64, 64, 66, 46, 45, 45, 3, 19, 25) (95, 6, 9, 19, 1, 83, 72, 8, 35, 36, 39, 42, 28, 23) (75, 27, 1, 95, 79, 21, 64, 15, 27, 74, 82, 52, 48, 98) (50, 55, 7, 86, 52, 21, 44, 96, 59, 6, 68, 49, 63, 9) (84, 100, 23, 94, 31, 64, 81, 48, 7, 31, 94, 93, 23, 10) (92, 86, 26, 8, 10, 44, 92, 35, 70, 16, 25, 54, 33, 16) (93, 30, 35, 63, 42, 40, 72, 12, 73, 16, 65, 71, 100, 44) (68, 28, 38, 68, 60, 90, 55, 73, 9, 39, 25, 58, 18, 26) 
line 6: preorderTraversal
(46, 12, 8, 48, 13, 30, 24, 8, 26, 54, 69, 27, 41, 7) (21, 32, 65, 37, 32, 14, 2, 61, 99, 6, 4, 39, 29, 84) (44, 28, 47, 68, 91, 62, 81, 56, 63, 86, 22, 26, 12, 39) (37, 11, 15, 45, 13, 61, 58, 10, 59, 22, 15, 17, 96, 59) (1, 22, 79, 37, 86, 73, 78, 9, 16, 24, 31, 37, 47, 57) (16, 13, 48, 51, 16, 20, 90, 41, 73, 41, 53, 1, 37, 15) (41, 59, 83, 19, 23, 15, 21, 44, 22, 69, 59, 81, 16, 44) (28, 33, 54, 36, 99, 52, 73, 3, 12, 42, 72, 10, 24, 22) (39, 42, 86, 64, 95, 91, 33, 79, 66, 65, 93, 37, 2, 96) (35, 45, 91, 87, 74, 81, 100, 75, 60, 36, 25, 80, 31, 83) (75, 27, 1, 95, 79, 21, 64, 15, 27, 74, 82, 52, 48, 98) (98, 6, 2, 28, 30, 98, 60, 89, 71, 81, 75, 21, 94, 79) (66, 8, 1, 42, 11, 22, 33, 29, 3, 74, 70, 26, 54, 36) (74, 12, 91, 11, 19, 64, 64, 66, 46, 45, 45, 3, 19, 25) (95, 6, 9, 19, 1, 83, 72, 8, 35, 36, 39, 42, 28, 23) (92, 86, 26, 8, 10, 44, 92, 35, 70, 16, 25, 54, 33, 16) (50, 55, 7, 86, 52, 21, 44, 96, 59, 6, 68, 49, 63, 9) (84, 100, 23, 94, 31, 64, 81, 48, 7, 31, 94, 93, 23, 10) (93, 30, 35, 63, 42, 40, 72, 12, 73, 16, 65, 71, 100, 44) (68, 28, 38, 68, 60, 90, 55, 73, 9, 39, 25, 58, 18, 26) 
line 7: postorderTraversal
(37, 11, 15, 45, 13, 61, 58, 10, 59, 22, 15, 17, 96, 59) (16, 13, 48, 51, 16, 20, 90, 41, 73, 41, 53, 1, 37, 15) (1, 22, 79, 37, 86, 73, 78, 9, 16, 24, 31, 37, 47, 57) (44, 28, 47, 68, 91, 62, 81, 56, 63, 86, 22, 26, 12, 39) (28, 33, 54, 36, 99, 52, 73, 3, 12, 42, 72, 10, 24, 22) (35, 45, 91, 87, 74, 81, 100, 75, 60, 36, 25, 80, 31, 83) (39, 42, 86, 64, 95, 91, 33, 79, 66, 65, 93, 37, 2, 96) (41, 59, 83, 19, 23, 15, 21, 44, 22, 69, 59, 81, 16, 44) (21, 32, 65, 37, 32, 14, 2, 61, 99, 6, 4, 39, 29, 84) (66, 8, 1, 42, 11, 22, 33, 29, 3, 74, 70, 26, 54, 36) (95, 6, 9, 19, 1, 83, 72, 8, 35, 36, 39, 42, 28, 23) (74, 12, 91, 11, 19, 64, 64, 66, 46, 45, 45, 3, 19, 25) (98, 6, 2, 28, 30, 98, 60, 89, 71, 81, 75, 21, 94, 79) (84, 100, 23, 94, 31, 64, 81, 48, 7, 31, 94, 93, 23, 10) (50, 55, 7, 86, 52, 21, 44, 96, 59, 6, 68, 49, 63, 9) (68, 28, 38, 68, 60, 90, 55, 73, 9, 39, 25, 58, 18, 26) (93, 30, 35, 63, 42, 40, 72, 12, 73, 16, 65, 71, 100, 44) (92, 86, 26, 8, 10, 44, 92, 35, 70, 16, 25, 54, 33, 16) (75, 27, 1, 95, 79, 21, 64, 15, 27, 74, 82, 52, 48, 98) (46, 12, 8, 48, 13, 30, 24, 8, 26, 54, 69, 27, 41, 7) 
line 8: nearestNeighbour (1,8,9,1,8,9,10,4,9,2,2,5,3,8)
(46, 12, 8, 48, 13, 30, 24, 8, 26, 54, 69, 27, 41, 7)
line 9: kNearestNeighbour 8 (6,1,2,2,9,8,8,2,9,8,3,2,5,5)
(46, 12, 8, 48, 13, 30, 24, 8, 26, 54, 69, 27, 41, 7)(66, 8, 1, 42, 11, 22, 33, 29, 3, 74, 70, 26, 54, 36)(16, 13, 48, 51, 16, 20, 90, 41, 73, 41, 53, 1, 37, 15)(37, 11, 15, 45, 13, 61, 58, 10, 59, 22, 15, 17, 96, 59)(95, 6, 9, 19, 1, 83, 72, 8, 35, 36, 39, 42, 28, 23)(28, 33, 54, 36, 99, 52, 73, 3, 12, 42, 72, 10, 24, 22)(21, 32, 65, 37, 32, 14, 2, 61, 99, 6, 4, 39, 29, 84)(74, 12, 91, 11, 19, 64, 64, 66, 46, 45, 45, 3, 19, 25)
line 10: kNearestNeighbour 1 (4,2,6,7,1,8,9,6,7,4,3,6,2,4)
(46, 12, 8, 48, 13, 30, 24, 8, 26, 54, 69, 27, 41, 7)
line 11: nearestNeighbour (3,1,4,5,5,9,5,2,3,2,2,10,6,5)
(46, 12, 8, 48, 13, 30, 24, 8, 26, 54, 69, 27, 41, 7)
line 12: kNearestNeighbour 2 (7,8,3,3,5,4,10,8,10,6,10,4,3,10)
(46, 12, 8, 48, 13, 30, 24, 8, 26, 54, 69, 27, 41, 7)(66, 8, 1, 42, 11, 22, 33, 29, 3, 74, 70, 26, 54, 36)
line 13: kNearestNeighbour 2 (4,3,6,7,9,2,7,10,9,9,1,1,10,5)
(46, 12, 8, 48, 13, 30, 24, 8, 26, 54, 69, 27, 41, 7)(66, 8, 1, 42, 11, 22, 33, 29, 3, 74, 70, 26, 54, 36)
line 14: kNearestNeighbour 4 (4,8,3,7,4,2,5,9,10,7,2,8,7,1)
(46, 12, 8, 48, 13, 30, 24, 8, 26, 54, 69, 27, 41, 7)(66, 8, 1, 42, 11, 22, 33, 29, 3, 74, 70, 26, 54, 36)(16, 13, 48, 51, 16, 20, 90, 41, 73, 41, 53, 1, 37, 15)(37, 11, 15, 45, 13, 61, 58, 10, 59, 22, 15, 17, 96, 59)
line 15: nearestNeighbour (1,1,1,1,10,4,4,6,2,9,4,8,3,9)
(46, 12, 8, 48, 13, 30, 24, 8, 26, 54, 69, 27, 41, 7)
line 16: kNearestNeighbour 1 (5,3,9,2,5,8,1,8,9,4,9,3,10,6)
(46, 12, 8, 48, 13, 30, 24, 8, 26, 54, 69, 27, 41, 7)
line 17: kNearestNeighbour 5 (1,7,1,8,2,2,5,3,5,8,8,5,9,8)
(46, 12, 8, 48, 13, 30, 24, 8, 26, 54, 69, 27, 41, 7)(66, 8, 1, 42, 11, 22, 33, 29, 3, 74, 70, 26, 54, 36)(16, 13, 48, 51, 16, 20, 90, 41, 73, 41, 53, 1, 37, 15)(37, 11, 15, 45, 13, 61, 58, 10, 59, 22, 15, 17, 96, 59)(95, 6, 9, 19, 1, 83, 72, 8, 35, 36, 39, 42, 28, 23)
line 18: nearestNeighbour (4,10,1,8,10,3,2,2,9,3,4,2,7,2)
(46, 12, 8, 48, 13, 30, 24, 8, 26, 54, 69, 27, 41, 7)
line 19: nearestNeighbour (4,1,7,2,4,9,7,9,8,5,7,7,1,10)
(46, 12, 8, 48, 13, 30, 24, 8, 26, 54, 69, 27, 41, 7)
line 20: kNearestNeighbour 2 (7,6,1,9,3,7,7,4,5,1,1,7,10,1)
(46, 12, 8, 48, 13, 30, 24, 8, 26, 54, 69, 27, 41, 7)(66, 8, 1, 42, 11, 22, 33, 29, 3, 74, 70, 26, 54, 36)
line 21: kNearestNeighbour 6 (10,4,5,4,6,7,10,6,3,6,4,6,10,5)
(46, 12, 8, 48, 13, 30, 24, 8, 26, 54, 69, 27, 41, 7)(66, 8, 1, 42, 11, 22, 33, 29, 3, 74, 70, 26, 54, 36)(16, 13, 48, 51, 16, 20, 90, 41, 73, 41, 53, 1, 37, 15)(37, 11, 15, 45, 13, 61, 58, 10, 59, 22, 15, 17, 96, 59)(95, 6, 9, 19, 1, 83, 72, 8, 35, 36, 39, 42, 28, 23)(28, 33, 54, 36, 99, 52, 73, 3, 12, 42, 72, 10, 24, 22)
line 22: kNearestNeighbour 9 (7,3,7,6,4,7,1,7,6,6,1,6,5,8)
(46, 12, 8, 48, 13, 30, 24, 8, 26, 54, 69, 27, 41, 7)(66, 8, 1, 42, 11, 22, 33, 29, 3, 74, 70, 26, 54, 36)(16, 13, 48, 51, 16, 20, 90, 41, 73, 41, 53, 1, 37, 15)(37, 11, 15, 45, 13, 61, 58, 10, 59, 22, 15, 17, 96, 59)(95, 6, 9, 19, 1, 83, 72, 8, 35, 36, 39, 42, 28, 23)(21, 32, 65, 37, 32, 14, 2, 61, 99, 6, 4, 39, 29, 84)(41, 59, 83, 19, 23, 15, 21, 44, 22, 69, 59, 81, 16, 44)(28, 33, 54, 36, 99, 52, 73, 3, 12, 42, 72, 10, 24, 22)(74, 12, 91, 11, 19, 64, 64, 66, 46, 45, 45, 3, 19, 25)
line 23: nearestNeighbour (1,9,9,3,7,5,2,2,10,7,10,5,6,9)
(46, 12, 8, 48, 13, 30, 24, 8, 26, 54, 69, 27, 41, 7)
line 24: nearestNeighbour (7,9,3,1,4,6,10,3,4,1,10,9,7,1)
(46, 12, 8, 48, 13, 30, 24, 8, 26, 54, 69, 27, 41, 7)
line 25: nearestNeighbour (3,1,7,6,10,5,4,1,9,1,2,9,3,1)
(46, 12, 8, 48, 13, 30, 24, 8, 26, 54, 69, 27, 41, 7)
line 26: kNearestNeighbour 5 (2,6,8,3,6,2,4,4,5,8,2,1,3,8)
(46, 12, 8, 48, 13, 30, 24, 8, 26, 54, 69, 27, 41, 7)(66, 8, 1, 42, 11, 22, 33, 29, 3, 74, 70, 26, 54, 36)(16, 13, 48, 51, 16, 20, 90, 41, 73, 41, 53, 1, 37, 15)(37, 11, 15, 45, 13, 61, 58, 10, 59, 22, 15, 17, 96, 59)(95, 6, 9, 19, 1, 83, 72, 8, 35, 36, 39, 42, 28, 23)
line 27: kNearestNeighbour 9 (8,2,4,3,10,3,1,3,7,7,5,1,9,5)
(46, 12, 8, 48, 13, 30, 24, 8, 26, 54, 69, 27, 41, 7)(66, 8, 1, 42, 11, 22, 33, 29, 3, 74, 70, 26, 54, 36)(16, 13, 48, 51, 16, 20, 90, 41, 73, 41, 53, 1, 37, 15)(37, 11, 15, 45, 13, 61, 58, 10, 59, 22, 15, 17, 96, 59)(95, 6, 9, 19, 1, 83, 72, 8, 35, 36, 39, 42, 28, 23)(21, 32, 65, 37, 32, 14, 2, 61, 99, 6, 4, 39, 29, 84)(28, 33, 54, 36, 99, 52, 73, 3, 12, 42, 72, 10, 24, 22)(41, 59, 83, 19, 23, 15, 21, 44, 22, 69, 59, 81, 16, 44)(74, 12, 91, 11, 19, 64, 64, 66, 46, 45, 45, 3, 19, 25)
line 28: kNearestNeighbour 7 (8,6,4,6,8,7,10,7,5,9,1,1,5,2)
(46, 12, 8, 48, 13, 30, 24, 8, 26, 54, 69, 27, 41, 7)(66, 8, 1, 42, 11, 22, 33, 29, 3, 74, 70, 26, 54, 36)(16, 13, 48, 51, 16, 20, 90, 41, 73, 41, 53, 1, 37, 15)(37, 11, 15, 45, 13, 61, 58, 10, 59, 22, 15, 17, 96, 59)(95, 6, 9, 19, 1, 83, 72, 8, 35, 36, 39, 42, 28, 23)(28, 33, 54, 36, 99, 52, 73, 3, 12, 42, 72, 10, 24, 22)(21, 32, 65, 37, 32, 14, 2, 61, 99, 6, 4, 39, 29, 84)
line 29: kNearestNeighbour 6 (10,9,4,4,8,5,3,8,1,6,7,5,1,5)
(46, 12, 8, 48, 13, 30, 24, 8, 26, 54, 69, 27, 41, 7)(66, 8, 1, 42, 11, 22, 33, 29, 3, 74, 70, 26, 54, 36)(16, 13, 48, 51, 16, 20, 90, 41, 73, 41, 53, 1, 37, 15)(95, 6, 9, 19, 1, 83, 72, 8, 35, 36, 39, 42, 28, 23)(37, 11, 15, 45, 13, 61, 58, 10, 59, 22, 15, 17, 96, 59)(28, 33, 54, 36, 99, 52, 73, 3, 12, 42, 72, 10, 24, 22)
line 30: kNearestNeighbour 5 (10,9,10,10,9,9,2,9,10,10,8,6,4,7)
(46, 12, 8, 48, 13, 30, 24, 8, 26, 54, 69, 27, 41, 7)(66, 8, 1, 42, 11, 22, 33, 29, 3, 74, 70, 26, 54, 36)(16, 13, 48, 51, 16, 20, 90, 41, 73, 41, 53, 1, 37, 15)(37, 11, 15, 45, 13, 61, 58, 10, 59, 22, 15, 17, 96, 59)(95, 6, 9, 19, 1, 83, 72, 8, 35, 36, 39, 42, 28, 23)
line 31: nearestNeighbour (1,9,3,2,5,6,10,9,3,7,9,3,9,5)
(46, 12, 8, 48, 13, 30, 24, 8, 26, 54, 69, 27, 41, 7)
line 32: kNearestNeighbour 6 (7,8,9,9,10,9,5,5,5,6,4,5,8,7)
(46, 12, 8, 48, 13, 30, 24, 8, 26, 54, 69, 27, 41, 7)(66, 8, 1, 42, 11, 22, 33, 29, 3, 74, 70, 26, 54, 36)(16, 13, 48, 51, 16, 20, 90, 41, 73, 41, 53, 1, 37, 15)(37, 11, 15, 45, 13, 61, 58, 10, 59, 22, 15, 17, 96, 59)(95, 6, 9, 19, 1, 83, 72, 8, 35, 36, 39, 42, 28, 23)(28, 33, 54, 36, 99, 52, 73, 3, 12, 42, 72, 10, 24, 22)
line 33: nearestNeighbour (7,2,4,7,7,3,5,7,6,1,4,8,2,10)
(46, 12, 8, 48, 13, 30, 24, 8, 26, 54, 69, 27, 41, 7)
line 34: nearestNeighbour (6,10,3,1,6,4,7,5,5,5,5,4,4,9)
(46, 12, 8, 48, 13, 30, 24, 8, 26, 54, 69, 27, 41, 7)
line 35: nearestNeighbour (5,4,8,7,9,3,2,5,3,10,8,10,8,1)
(46, 12, 8, 48, 13, 30, 24, 8, 26, 54, 69, 27, 41, 7)
line 36: kNearestNeighbour 6 (1,1,1,7,4,3,2,6,6,9,6,3,6,1)
(46, 12, 8, 48, 13, 30, 24, 8, 26, 54, 69, 27, 41, 7)(66, 8, 1, 42, 11, 22, 33, 29, 3, 74, 70, 26, 54, 36)(16, 13, 48, 51, 16, 20, 90, 41, 73, 41, 53, 1, 37, 15)(37, 11, 15, 45, 13, 61, 58, 10, 59, 22, 15, 17, 96, 59)(95, 6, 9, 19, 1, 83, 72, 8, 35, 36, 39, 42, 28, 23)(21, 32, 65, 37, 32, 14, 2, 61, 99, 6, 4, 39, 29, 84)
line 37: nearestNeighbour (4,1,2,1,1,5,9,10,3,4,8,4,7,3)
(46, 12, 8, 48, 13, 30, 24, 8, 26, 54, 69, 27, 41, 7)
line 38: nearestNeighbour (7,1,3,9,1,4,2,3,4,5,4,2,5,1)
(46, 12, 8, 48, 13, 30, 24, 8, 26, 54, 69, 27, 41, 7)
line 39: nearestNeighbour (9,5,7,7,8,4,7,5,4,7,9,8,6,1)
(46, 12, 8, 48, 13, 30, 24, 8, 26, 54, 69, 27, 41, 7)
line 40: kNearestNeighbour 6 (4,4,3,9,8,8,10,10,6,4,10,5,7,2)
(46, 12, 8, 48, 13, 30, 24, 8, 26, 54, 69, 27, 41, 7)(66, 8, 1, 42, 11, 22, 33, 29, 3, 74, 70, 26, 54, 36)(16, 13, 48, 51, 16, 20, 90, 41, 73, 41, 53, 1, 37, 15)(37, 11, 15, 45, 13, 61, 58, 10, 59, 22, 15, 17, 96, 59)(95, 6, 9, 19, 1, 83, 72, 8, 35, 36, 39, 42, 28, 23)(28, 33, 54, 36, 99, 52, 73, 3, 12, 42, 72, 10, 24, 22)
line 41: kNearestNeighbour 1 (2,10,10,2,4,1,5,10,5,4,9,4,5,3)
(46, 12, 8, 48, 13, 30, 24, 8, 26, 54, 69, 27, 41, 7)
line 42: nearestNeighbour (4,1,6,8,1,8,3,4,4,6,6,10,8,5)
(46, 12, 8, 48, 13, 30, 24, 8, 26, 54, 69, 27, 41, 7)
line 43: nearestNeighbour (10,3,5,6,10,9,3,10,5,6,10,8,4,6)
(46, 12, 8, 48, 13, 30, 24, 8, 26, 54, 69, 27, 41, 7)
line 44: nearestNeighbour (5,6,6,6,8,4,10,5,5,7,5,1,6,7)
(46, 12, 8, 48, 13, 30, 24, 8, 26, 54, 69, 27, 41, 7)
line 45: kNearestNeighbour 7 (8,2,10,8,5,10,8,6,6,6,1,5,2,10)
(46, 12, 8, 48, 13, 30, 24, 8, 26, 54, 69, 27, 41, 7)(66, 8, 1, 42, 11, 22, 33, 29, 3, 74, 70, 26, 54, 36)(16, 13, 48, 51, 16, 20, 90, 41, 73, 41, 53, 1, 37, 15)(37, 11, 15, 45, 13, 61, 58, 10, 59, 22, 15, 17, 96, 59)(95, 6, 9, 19, 1, 83, 72, 8, 35, 36, 39, 42, 28, 23)(21, 32, 65, 37, 32, 14, 2, 61, 99, 6, 4, 39, 29, 84)(28, 33, 54, 36, 99, 52, 73, 3, 12, 42, 72, 10, 24, 22)
line 46: nearestNeighbour (3,5,10,10,4,1,9,4,4,7,1,4,2,6)
(46, 12, 8, 48, 13, 30, 24, 8, 26, 54, 69, 27, 41, 7)
line 47: kNearestNeighbour 8 (7,3,2,10,2,5,10,6,3,7,2,5,2,7)
(46, 12, 8, 48, 13, 30, 24, 8, 26, 54, 69, 27, 41, 7)(66, 8, 1, 42, 11, 22, 33, 29, 3, 74, 70, 26, 54, 36)(16, 13, 48, 51, 16, 20, 90, 41, 73, 41, 53, 1, 37, 15)(37, 11, 15, 45, 13, 61, 58, 10, 59, 22, 15, 17, 96, 59)(95, 6, 9, 19, 1, 83, 72, 8, 35, 36, 39, 42, 28, 23)(21, 32, 65, 37, 32, 14, 2, 61, 99, 6, 4, 39, 29, 84)(28, 33, 54, 36, 99, 52, 73, 3, 12, 42, 72, 10, 24, 22)(41, 59, 83, 19, 23, 15, 21, 44, 22, 69, 59, 81, 16, 44)
line 48: kNearestNeighbour 7 (3,10,3,5,5,9,8,2,6,3,5,10,9,4)
(46, 12, 8, 48, 13, 30, 24, 8, 26, 54, 69, 27, 41, 7)(66, 8, 1, 42, 11, 22, 33, 29, 3, 74, 70, 26, 54, 36)(16, 13, 48, 51, 16, 20, 90, 41, 73, 41, 53, 1, 37, 15)(37, 11, 15, 45, 13, 61, 58, 10, 59, 22, 15, 17, 96, 59)(95, 6, 9, 19, 1, 83, 72, 8, 35, 36, 39, 42, 28, 23)(28, 33, 54, 36, 99, 52, 73, 3, 12, 42, 72, 10, 24, 22)(21, 32, 65, 37, 32, 14, 2, 61, 99, 6, 4, 39, 29, 84)
line 49: kNearestNeighbour 5 (10,6,7,3,9,9,4,10,2,10,8,2,1,7)
(46, 12, 8, 48, 13, 30, 24, 8, 26, 54, 69, 27, 41, 7)(66, 8, 1, 42, 11, 22, 33, 29, 3, 74, 70, 26, 54, 36)(16, 13, 48, 51, 16, 20, 90, 41, 73, 41, 53, 1, 37, 15)(95, 6, 9, 19, 1, 83, 72, 8, 35, 36, 39, 42, 28, 23)(37, 11, 15, 45, 13, 61, 58, 10, 59, 22, 15, 17, 96, 59)
line 50: nearestNeighbour (9,8,8,5,1,8,7,3,4,1,3,5,6,3)
(46, 12, 8, 48, 13, 30, 24, 8, 26, 54, 69, 27, 41, 7)
line 51: nearestNeighbour (9,8,2,7,3,8,9,10,4,1,8,5,8,10)
(46, 12, 8, 48, 13, 30, 24, 8, 26, 54, 69, 27, 41, 7)
line 52: kNearestNeighbour 9 (9,3,1,1,7,3,1,6,9,3,10,8,1,4)
(46, 12, 8, 48, 13, 30, 24, 8, 26, 54, 69, 27, 41, 7)(66, 8, 1, 42, 11, 22, 33, 29, 3, 74, 70, 26, 54, 36)(16, 13, 48, 51, 16, 20, 90, 41, 73, 41, 53, 1, 37, 15)(95, 6, 9, 19, 1, 83, 72, 8, 35, 36, 39, 42, 28, 23)(37, 11, 15, 45, 13, 61, 58, 10, 59, 22, 15, 17, 96, 59)(21, 32, 65, 37, 32, 14, 2, 61, 99, 6, 4, 39, 29, 84)(41, 59, 83, 19, 23, 15, 21, 44, 22, 69, 59, 81, 16, 44)(28, 33, 54, 36, 99, 52, 73, 3, 12, 42, 72, 10, 24, 22)(74, 12, 91, 11, 19, 64, 64, 66, 46, 45, 45, 3, 19, 25)
line 53: kNearestNeighbour 3 (1,9,3,6,1,5,4,6,4,4,2,3,1,10)
(46, 12, 8, 48, 13, 30, 24, 8, 26, 54, 69, 27, 41, 7)(66, 8, 1, 42, 11, 22, 33, 29, 3, 74, 70, 26, 54, 36)(16, 13, 48, 51, 16, 20, 90, 41, 73, 41, 53, 1, 37, 15)
line 54: nearestNeighbour (7,3,7,5,6,7,1,8,6,9,3,2,8,4)
(46, 12, 8, 48, 13, 30, 24, 8, 26, 54, 69, 27, 41, 7)
line 55: nearestNeighbour (9,5,7,6,3,6,2,1,6,7,1,9,2,2)
(46, 12, 8, 48, 13, 30, 24, 8, 26, 54, 69, 27, 41, 7)
line 56: kNearestNeighbour 6 (10,9,6,10,10,10,7,8,6,1,7,8,2,1)
(46, 12, 8, 48, 13, 30, 24, 8, 26, 54, 69, 27, 41, 7)(66, 8, 1, 42, 11, 22, 33, 29, 3, 74, 70, 26, 54, 36)(16, 13, 48, 51, 16, 20, 90, 41, 73, 41, 53, 1, 37, 15)(95, 6, 9, 19, 1, 83, 72, 8, 35, 36, 39, 42, 28, 23)(37, 11, 15, 45, 13, 61, 58, 10, 59, 22, 15, 17, 96, 59)(28, 33, 54, 36, 99, 52, 73, 3, 12, 42, 72, 10, 24, 22)
line 57: kNearestNeighbour 2 (2,2,6,10,9,2,10,1,8,7,4,6,1,7)
(46, 12, 8, 48, 13, 30, 24, 8, 26, 54, 69, 27, 41, 7)(66, 8, 1, 42, 11, 22, 33, 29, 3, 74, 70, 26, 54, 36)
line 58: nearestNeighbour (1,4,5,6,6,10,9,3,7,9,3,7,1,4)
(46, 12, 8, 48, 13, 30, 24, 8, 26, 54, 69, 27, 41, 7)
line 59: kNearestNeighbour 3 (4,6,4,5,7,4,4,9,3,1,4,1,4,7)
(46, 12, 8, 48, 13, 30, 24, 8, 26, 54, 69, 27, 41, 7)(66, 8, 1, 42, 11, 22, 33, 29, 3, 74, 70, 26, 54, 36)(16, 13, 48, 51, 16, 20, 90, 41, 73, 41, 53, 1, 37, 15)
line 60: kNearestNeighbour 3 (3,6,5,3,10,10,2,2,9,9,10,7,8,10)
(46, 12, 8, 48, 13, 30, 24, 8, 26, 54, 69, 27, 41, 7)(66, 8, 1, 42, 11, 22, 33, 29, 3, 74, 70, 26, 54, 36)(16, 13, 48, 51, 16, 20, 90, 41, 73, 41, 53, 1, 37, 15)
line 61: kNearestNeighbour 10 (7,9,7,2,7,4,7,5,6,8,4,10,7,9)
(46, 12, 8, 48, 13, 30, 24, 8, 26, 54, 69, 27, 41, 7)(66, 8, 1, 42, 11, 22, 33, 29, 3, 74, 70, 26, 54, 36)(16, 13, 48, 51, 16, 20, 90, 41, 73, 41, 53, 1, 37, 15)(37, 11, 15, 45, 13, 61, 58, 10, 59, 22, 15, 17, 96, 59)(95, 6, 9, 19, 1, 83, 72, 8, 35, 36, 39, 42, 28, 23)(21, 32, 65, 37, 32, 14, 2, 61, 99, 6, 4, 39, 29, 84)(41, 59, 83, 19, 23, 15, 21, 44, 22, 69, 59, 81, 16, 44)(28, 33, 54, 36, 99, 52, 73, 3, 12, 42, 72, 10, 24, 22)(74, 12, 91, 11, 19, 64, 64, 66, 46, 45, 45, 3, 19, 25)(1, 22, 79, 37, 86, 73, 78, 9, 16, 24, 31, 37, 47, 57)
line 62: kNearestNeighbour 6 (1,1,9,1,5,4,1,5,5,2,6,4,10,2)
(46, 12, 8, 48, 13, 30, 24, 8, 26, 54, 69, 27, 41, 7)(66, 8, 1, 42, 11, 22, 33, 29, 3, 74, 70, 26, 54, 36)(16, 13, 48, 51, 16, 20, 90, 41, 73, 41, 53, 1, 37, 15)(37, 11, 15, 45, 13, 61, 58, 10, 59, 22, 15, 17, 96, 59)(95, 6, 9, 19, 1, 83, 72, 8, 35, 36, 39, 42, 28, 23)(21, 32, 65, 37, 32, 14, 2, 61, 99, 6, 4, 39, 29, 84)
line 63: kNearestNeighbour 3 (5,7,3,8,5,9,5,1,5,7,6,2,6,10)
(46, 12, 8, 48, 13, 30, 24, 8, 26, 54, 69, 27, 41, 7)(66, 8, 1, 42, 11, 22, 33, 29, 3, 74, 70, 26, 54, 36)(16, 13, 48, 51, 16, 20, 90, 41, 73, 41, 53, 1, 37, 15)
line 64: nearestNeighbour (3,2,4,5,4,2,6,6,7,6,1,7,10,9)
(46, 12, 8, 48, 13, 30, 24, 8, 26, 54, 69, 27, 41, 7)
line 65: nearestNeighbour (4,7,8,6,2,10,6,8,1,1,9,7,6,10)
(46, 12, 8, 48, 13, 30, 24, 8, 26, 54, 69, 27, 41, 7)
line 66: kNearestNeighbour 2 (1,10,6,4,10,10,6,10,7,9,2,10,3,10)
(46, 12, 8, 48, 13, 30, 24, 8, 26, 54, 69, 27, 41, 7)(66, 8, 1, 42, 11, 22, 33, 29, 3, 74, 70, 26, 54, 36)
line 67: kNearestNeighbour 8 (1,4,6,5,8,9,9,8,3,3,2,10,8,9)
(46, 12, 8, 48, 13, 30, 24, 8, 26, 54, 69, 27, 41, 7)(66, 8, 1, 42, 11, 22, 33, 29, 3, 74, 70, 26, 54, 36)(16, 13, 48, 51, 16, 20, 90, 41, 73, 41, 53, 1, 37, 15)(37, 11, 15, 45, 13, 61, 58, 10, 59, 22, 15, 17, 96, 59)(95, 6, 9, 19, 1, 83, 72, 8, 35, 36, 39, 42, 28, 23)(21, 32, 65, 37, 32, 14, 2, 61, 99, 6, 4, 39, 29, 84)(28, 33, 54, 36, 99, 52, 73, 3, 12, 42, 72, 10, 24, 22)(41, 59, 83, 19, 23, 15, 21, 44, 22, 69, 59, 81, 16, 44)
line 68: kNearestNeighbour 10 (9,2,2,5,6,5,2,7,4,7,8,5,9,2)
(46, 12, 8, 48, 13, 30, 24, 8, 26, 54, 69, 27, 41, 7)(66, 8, 1, 42, 11, 22, 33, 29, 3, 74, 70, 26, 54, 36)(16, 13, 48, 51, 16, 20, 90, 41, 73, 41, 53, 1, 37, 15)(37, 11, 15, 45, 13, 61, 58, 10, 59, 22, 15, 17, 96, 59)(95, 6, 9, 19, 1, 83, 72, 8, 35, 36, 39, 42, 28, 23)(28, 33, 54, 36, 99, 52, 73, 3, 12, 42, 72, 10, 24, 22)(21, 32, 65, 37, 32, 14, 2, 61, 99, 6, 4, 39, 29, 84)(41, 59, 83, 19, 23, 15, 21, 44, 22, 69, 59, 81, 16, 44)(74, 12, 91, 11, 19, 64, 64, 66, 46, 45, 45, 3, 19, 25)(1, 22, 79, 37, 86, 73, 78, 9, 16, 24, 31, 37, 47, 57)
line 69: kNearestNeighbour 3 (4,3,10,1,9,3,8,10,10,8,10,6,8,1)
(46, 12, 8, 48, 13, 30, 24, 8, 26, 54, 69, 27, 41, 7)(66, 8, 1, 42, 11, 22, 33, 29, 3, 74, 70, 26, 54, 36)(16, 13, 48, 51, 16, 20, 90, 41, 73, 41, 53, 1, 37, 15)
line 70: kNearestNeighbour 2 (9,4,10,10,1,4,9,2,8,8,6,8,8,10)
(46, 12, 8, 48, 13, 30, 24, 8, 26, 54, 69, 27, 41, 7)(66, 8, 1, 42, 11, 22, 33, 29, 3, 74, 70, 26, 54, 36)
line 71: kNearestNeighbour 6 (2,2,2,2,3,7,3,8,6,10,1,1,9,1)
(46, 12, 8, 48, 13, 30, 24, 8, 26, 54, 69, 27, 41, 7)(66, 8, 1, 42, 11, 22, 33, 29, 3, 74, 70, 26, 54, 36)(16, 13, 48, 51, 16, 20, 90, 41, 73, 41, 53, 1, 37, 15)(37, 11, 15, 45, 13, 61, 58, 10, 59, 22, 15, 17, 96, 59)(95, 6, 9, 19, 1, 83, 72, 8, 35, 36, 39, 42, 28, 23)(21, 32, 65, 37, 32, 14, 2, 61, 99, 6, 4, 39, 29, 84)
line 72: nearestNeighbour (7,3,2,2,1,4,8,4,10,2,4,4,7,8)
(46, 12, 8, 48, 13, 30, 24, 8, 26, 54, 69, 27, 41, 7)
line 73: nearestNeighbour (1,3,2,8,4,9,9,8,3,4,9,6,2,10)
(46, 12, 8, 48, 13, 30, 24, 8, 26, 54, 69, 27, 41, 7)
line 74: kNearestNeighbour 4 (10,1,5,9,10,5,2,8,3,3,5,1,4,7)
(46, 12, 8, 48, 13, 30, 24, 8, 26, 54, 69, 27, 41, 7)(66, 8, 1, 42, 11, 22, 33, 29, 3, 74, 70, 26, 54, 36)(16, 13, 48, 51, 16, 20, 90, 41, 73, 41, 53, 1, 37, 15)(37, 11, 15, 45, 13, 61, 58, 10, 59, 22, 15, 17, 96, 59)
line 75: kNearestNeighbour 7 (2,4,4,3,7,7,2,9,7,6,2,10,6,4)
(46, 12, 8, 48, 13, 30, 24, 8, 26, 54, 69, 27, 41, 7)(66, 8, 1, 42, 11, 22, 33, 29, 3, 74, 70, 26, 54, 36)(16, 13, 48, 51, 16, 20, 90, 41, 73, 41, 53, 1, 37, 15)(37, 11, 15, 45, 13, 61, 58, 10, 59, 22, 15, 17, 96, 59)(95, 6, 9, 19, 1, 83, 72, 8, 35, 36, 39, 42, 28, 23)(21, 32, 65, 37, 32, 14, 2, 61, 99, 6, 4, 39, 29, 84)(41, 59, 83, 19, 23, 15, 21, 44, 22, 69, 59, 81, 16, 44)
line 76: kNearestNeighbour 5 (2,2,9,5,2,1,2,3,8,8,10,4,6,5)
(46, 12, 8, 48, 13, 30, 24, 8, 26, 54, 69, 27, 41, 7)(66, 8, 1, 42, 11, 22, 33, 29, 3, 74, 70, 26, 54, 36)(16, 13, 48, 51, 16, 20, 90, 41, 73, 41, 53, 1, 37, 15)(37, 11, 15, 45, 13, 61, 58, 10, 59, 22, 15, 17, 96, 59)(95, 6, 9, 19, 1, 83, 72, 8, 35, 36, 39, 42, 28, 23)
line 77: kNearestNeighbour 5 (7,5,6,4,10,7,6,5,7,5,5,2,6,3)
(46, 12, 8, 48, 13, 30, 24, 8, 26, 54, 69, 27, 41, 7)(66, 8, 1, 42, 11, 22, 33, 29, 3, 74, 70, 26, 54, 36)(16, 13, 48, 51, 16, 20, 90, 41, 73, 41, 53, 1, 37, 15)(37, 11, 15, 45, 13, 61, 58, 10, 59, 22, 15, 17, 96, 59)(95, 6, 9, 19, 1, 83, 72, 8, 35, 36, 39, 42, 28, 23)
line 78: nearestNeighbour (10,5,2,7,8,5,8,4,2,7,2,3,2,3)
(46, 12, 8, 48, 13, 30, 24, 8, 26, 54, 69, 27, 41, 7)
line 79: kNearestNeighbour 3 (9,8,2,4,8,5,10,5,9,4,7,6,7,10)
(46, 12, 8, 48, 13, 30, 24, 8, 26, 54, 69, 27, 41, 7)(66, 8, 1, 42, 11, 22, 33, 29, 3, 74, 70, 26, 54, 36)(16, 13, 48, 51, 16, 20, 90, 41, 73, 41, 53, 1, 37, 15)
line 80: kNearestNeighbour 5 (1,7,4,3,4,2,3,6,2,8,9,6,7,9)
(46, 12, 8, 48, 13, 30, 24, 8, 26, 54, 69, 27, 41, 7)(66, 8, 1, 42, 11, 22, 33, 29, 3, 74, 70, 26, 54, 36)(16, 13, 48, 51, 16, 20, 90, 41, 73, 41, 53, 1, 37, 15)(37, 11, 15, 45, 13, 61, 58, 10, 59, 22, 15, 17, 96, 59)(95, 6, 9, 19, 1, 83, 72, 8, 35, 36, 39, 42, 28, 23)
line 81: kNearestNeighbour 10 (4,7,1,3,10,4,9,1,9,4,6,2,3,1)
(46, 12, 8, 48, 13, 30, 24, 8, 26, 54, 69, 27, 41, 7)(66, 8, 1, 42, 11, 22, 33, 29, 3, 74, 70, 26, 54, 36)(16, 13, 48, 51, 16, 20, 90, 41, 73, 41, 53, 1, 37, 15)(37, 11, 15, 45, 13, 61, 58, 10, 59, 22, 15, 17, 96, 59)(95, 6, 9, 19, 1, 83, 72, 8, 35, 36, 39, 42, 28, 23)(28, 33, 54, 36, 99, 52, 73, 3, 12, 42, 72, 10, 24, 22)(21, 32, 65, 37, 32, 14, 2, 61, 99, 6, 4, 39, 29, 84)(41, 59, 83, 19, 23, 15, 21, 44, 22, 69, 59, 81, 16, 44)(74, 12, 91, 11, 19, 64, 64, 66, 46, 45, 45, 3, 19, 25)(1, 22, 79, 37, 86, 73, 78, 9, 16, 24, 31, 37, 47, 57)
line 82: nearestNeighbour (9,8,10,5,3,5,1,2,9,8,5,7,2,8)
(46, 12, 8, 48, 13, 30, 24, 8, 26, 54, 69, 27, 41, 7)
line 83: kNearestNeighbour 1 (4,3,9,7,6,5,10,8,9,8,9,9,3,10)
(46, 12, 8, 48, 13, 30, 24, 8, 26, 54, 69, 27, 41, 7)
line 84: kNearestNeighbour 8 (10,1,8,5,9,7,10,4,2,5,9,6,2,1)
(46, 12, 8, 48, 13, 30, 24, 8, 26, 54, 69, 27, 41, 7)(66, 8, 1, 42, 11, 22, 33, 29, 3, 74, 70, 26, 54, 36)(16, 13, 48, 51, 16, 20, 90, 41, 73, 41, 53, 1, 37, 15)(95, 6, 9, 19, 1, 83, 72, 8, 35, 36, 39, 42, 28, 23)(37, 11, 15, 45, 13, 61, 58, 10, 59, 22, 15, 17, 96, 59)(28, 33, 54, 36, 99, 52, 73, 3, 12, 42, 72, 10, 24, 22)(41, 59, 83, 19, 23, 15, 21, 44, 22, 69, 59, 81, 16, 44)(74, 12, 91, 11, 19, 64, 64, 66, 46, 45, 45, 3, 19, 25)
line 85: nearestNeighbour (4,7,2,10,2,5,8,6,3,9,2,9,1,8)
(46, 12, 8, 48, 13, 30, 24, 8, 26, 54, 69, 27, 41, 7)
line 86: kNearestNeighbour 7 (4,8,9,10,5,2,2,8,2,1,8,6,6,3)
(46, 12, 8, 48, 13, 30, 24, 8, 26, 54, 69, 27, 41, 7)(66, 8, 1, 42, 11, 22, 33, 29, 3, 74, 70, 26, 54, 36)(16, 13, 48, 51, 16, 20, 90, 41, 73, 41, 53, 1, 37, 15)(37, 11, 15, 45, 13, 61, 58, 10, 59, 22, 15, 17, 96, 59)(95, 6, 9, 19, 1, 83, 72, 8, 35, 36, 39, 42, 28, 23)(21, 32, 65, 37, 32, 14, 2, 61, 99, 6, 4, 39, 29, 84)(41, 59, 83, 19, 23, 15, 21, 44, 22, 69, 59, 81, 16, 44)
line 87: kNearestNeighbour 7 (5,7,5,1,7,2,9,8,8,8,1,2,4,6)
(46, 12, 8, 48, 13, 30, 24, 8, 26, 54, 69, 27, 41, 7)(66, 8, 1, 42, 11, 22, 33, 29, 3, 74, 70, 26, 54, 36)(16, 13, 48, 51, 16, 20, 90, 41, 73, 41, 53, 1, 37, 15)(37, 11, 15, 45, 13, 61, 58, 10, 59, 22, 15, 17, 96, 59)(95, 6, 9, 19, 1, 83, 72, 8, 35, 36, 39, 42, 28, 23)(21, 32, 65, 37, 32, 14, 2, 61, 99, 6, 4, 39, 29, 84)(28, 33, 54, 36, 99, 52, 73, 3, 12, 42, 72, 10, 24, 22)
line 88: nearestNeighbour (3,4,10,3,3,9,9,2,3,8,10,2,2,3)
(46, 12, 8, 48, 13, 30, 24, 8, 26, 54, 69, 27, 41, 7)
line 89: nearestNeighbour (3,3,4,8,10,8,9,7,10,2,4,7,5,1)
(46, 12, 8, 48, 13, 30, 24, 8, 26, 54, 69, 27, 41, 7)
line 90: kNearestNeighbour 7 (7,4,9,10,3,4,3,3,6,6,3,7,10,4)
(46, 12, 8, 48, 13, 30, 24, 8, 26, 54, 69, 27, 41, 7)(66, 8, 1, 42, 11, 22, 33, 29, 3, 74, 70, 26, 54, 36)(16, 13, 48, 51, 16, 20, 90, 41, 73, 41, 53, 1, 37, 15)(37, 11, 15, 45, 13, 61, 58, 10, 59, 22, 15, 17, 96, 59)(95, 6, 9, 19, 1, 83, 72, 8, 35, 36, 39, 42, 28, 23)(21, 32, 65, 37, 32, 14, 2, 61, 99, 6, 4, 39, 29, 84)(41, 59, 83, 19, 23, 15, 21, 44, 22, 69, 59, 81, 16, 44)
line 91: kNearestNeighbour 5 (1,9,5,8,6,8,8,10,10,8,6,5,9,2)
(46, 12, 8, 48, 13, 30, 24, 8, 26, 54, 69, 27, 41, 7)(66, 8, 1, 42, 11, 22, 33, 29, 3, 74, 70, 26, 54, 36)(16, 13, 48, 51, 16, 20, 90, 41, 73, 41, 53, 1, 37, 15)(37, 11, 15, 45, 13, 61, 58, 10, 59, 22, 15, 17, 96, 59)(95, 6, 9, 19, 1, 83, 72, 8, 35, 36, 39, 42, 28, 23)
line 92: nearestNeighbour (7,8,3,6,1,9,9,5,10,10,6,7,9,6)
(46, 12, 8, 48, 13, 30, 24, 8, 26, 54, 69, 27, 41, 7)
line 93: nearestNeighbour (5,7,4,9,2,9,2,10,10,9,3,4,7,9)
(46, 12, 8, 48, 13, 30, 24, 8, 26, 54, 69, 27, 41, 7)
line 94: kNearestNeighbour 9 (9,5,10,8,9,4,9,7,6,3,3,8,9,3)
(46, 12, 8, 48, 13, 30, 24, 8, 26, 54, 69, 27, 41, 7)(66, 8, 1, 42, 11, 22, 33, 29, 3, 74, 70, 26, 54, 36)(16, 13, 48, 51, 16, 20, 90, 41, 73, 41, 53, 1, 37, 15)(37, 11, 15, 45, 13, 61, 58, 10, 59, 22, 15, 17, 96, 59)(95, 6, 9, 19, 1, 83, 72, 8, 35, 36, 39, 42, 28, 23)(21, 32, 65, 37, 32, 14, 2, 61, 99, 6, 4, 39, 29, 84)(28, 33, 54, 36, 99, 52, 73, 3, 12, 42, 72, 10, 24, 22)(41, 59, 83, 19, 23, 15, 21, 44, 22, 69, 59, 81, 16, 44)(74, 12, 91, 11, 19, 64, 64, 66, 46, 45, 45, 3, 19, 25)
line 95: kNearestNeighbour 4 (10,5,2,6,8,6,2,6,7,4,10,7,9,4)
(46, 12, 8, 48, 13, 30, 24, 8, 26, 54, 69, 27, 41, 7)(66, 8, 1, 42, 11, 22, 33, 29, 3, 74, 70, 26, 54, 36)(16, 13, 48, 51, 16, 20, 90, 41, 73, 41, 53, 1, 37, 15)(37, 11, 15, 45, 13, 61, 58, 10, 59, 22, 15, 17, 96, 59)
line 96: nearestNeighbour (3,2,10,10,4,8,1,2,7,7,5,2,9,1)
(46, 12, 8, 48, 13, 30, 24, 8, 26, 54, 69, 27, 41, 7)
line 97: kNearestNeighbour 1 (5,7,2,2,3,1,10,2,5,10,10,8,8,4)
(46, 12, 8, 48, 13, 30, 24, 8, 26, 54, 69, 27, 41, 7)
line 98: kNearestNeighbour 6 (7,2,6,2,5,8,10,10,3,3,2,2,7,4)
(46, 12, 8, 48, 13, 30, 24, 8, 26, 54, 69, 27, 41, 7)(66, 8, 1, 42, 11, 22, 33, 29, 3, 74, 70, 26, 54, 36)(16, 13, 48, 51, 16, 20, 90, 41, 73, 41, 53, 1, 37, 15)(37, 11, 15, 45, 13, 61, 58, 10, 59, 22, 15, 17, 96, 59)(95, 6, 9, 19, 1, 83, 72, 8, 35, 36, 39, 42, 28, 23)(21, 32, 65, 37, 32, 14, 2, 61, 99, 6, 4, 39, 29, 84)
line 99: kNearestNeighbour 5 (6,1,3,6,8,5,2,6,10,1,6,9,6,7)
(46, 12, 8, 48, 13, 30, 24, 8, 26, 54, 69, 27, 41, 7)(66, 8, 1, 42, 11, 22, 33, 29, 3, 74, 70, 26, 54, 36)(16, 13, 48, 51, 16, 20, 90, 41, 73, 41, 53, 1, 37, 15)(37, 11, 15, 45, 13, 61, 58, 10, 59, 22, 15, 17, 96, 59)(95, 6, 9, 19, 1, 83, 72, 8, 35, 36, 39, 42, 28, 23)
line 100: kNearestNeighbour 10 (6,5,8,1,8,3,6,6,6,5,6,1,2,3)
(46, 12, 8, 48, 13, 30, 24, 8, 26, 54, 69, 27, 41, 7)(66, 8, 1, 42, 11, 22, 33, 29, 3, 74, 70, 26, 54, 36)(16, 13, 48, 51, 16, 20, 90, 41, 73, 41, 53, 1, 37, 15)(37, 11, 15, 45, 13, 61, 58, 10, 59, 22, 15, 17, 96, 59)(95, 6, 9, 19, 1, 83, 72, 8, 35, 36, 39, 42, 28, 23)(28, 33, 54, 36, 99, 52, 73, 3, 12, 42, 72, 10, 24, 22)(21, 32, 65, 37, 32, 14, 2, 61, 99, 6, 4, 39, 29, 84)(41, 59, 83, 19, 23, 15, 21, 44, 22, 69, 59, 81, 16, 44)(74, 12, 91, 11, 19, 64, 64, 66, 46, 45, 45, 3, 19, 25)(1, 22, 79, 37, 86, 73, 78, 9, 16, 24, 31, 37, 47, 57)
line 101: nearestNeighbour (9,3,10,8,2,3,1,6,2,9,1,8,1,6)
(46, 12, 8, 48, 13, 30, 24, 8, 26, 54, 69, 27, 41, 7)
line 102: kNearestNeighbour 6 (8,6,5,4,6,7,1,6,8,3,4,8,1,4)
(46, 12, 8, 48, 13, 30, 24, 8, 26, 54, 69, 27, 41, 7)(66, 8, 1, 42, 11, 22, 33, 29, 3, 74, 70, 26, 54, 36)(16, 13, 48, 51, 16, 20, 90, 41, 73, 41, 53, 1, 37, 15)(95, 6, 9, 19, 1, 83, 72, 8, 35, 36, 39, 42, 28, 23)(37, 11, 15, 45, 13, 61, 58, 10, 59, 22, 15, 17, 96, 59)(21, 32, 65, 37, 32, 14, 2, 61, 99, 6, 4, 39, 29, 84)
line 103: kNearestNeighbour 2 (5,6,7,5,4,10,6,2,1,2,1,3,10,7)
(46, 12, 8, 48, 13, 30, 24, 8, 26, 54, 69, 27, 41, 7)(66, 8, 1, 42, 11, 22, 33, 29, 3, 74, 70, 26, 54, 36)
line 104: kNearestNeighbour 3 (1,6,7,5,10,6,1,1,7,8,7,2,1,10)
(46, 12, 8, 48, 13, 30, 24, 8, 26, 54, 69, 27, 41, 7)(66, 8, 1, 42, 11, 22, 33, 29, 3, 74, 70, 26, 54, 36)(16, 13, 48, 51, 16, 20, 90, 41, 73, 41, 53, 1, 37, 15)
line 105: kNearestNeighbour 9 (3,10,2,3,4,3,4,10,2,4,3,7,6,1)
(46, 12, 8, 48, 13, 30, 24, 8, 26, 54, 69, 27, 41, 7)(66, 8, 1, 42, 11, 22, 33, 29, 3, 74, 70, 26, 54, 36)(16, 13, 48, 51, 16, 20, 90, 41, 73, 41, 53, 1, 37, 15)(37, 11, 15, 45, 13, 61, 58, 10, 59, 22, 15, 17, 96, 59)(95, 6, 9, 19, 1, 83, 72, 8, 35, 36, 39, 42, 28, 23)(21, 32, 65, 37, 32, 14, 2, 61, 99, 6, 4, 39, 29, 84)(41, 59, 83, 19, 23, 15, 21, 44, 22, 69, 59, 81, 16, 44)(28, 33, 54, 36, 99, 52, 73, 3, 12, 42, 72, 10, 24, 22)(74, 12, 91, 11, 19, 64, 64, 66, 46, 45, 45, 3, 19, 25)
line 106: nearestNeighbour (9,2,5,2,4,2,1,7,2,9,7,9,8,6)
(46, 12, 8, 48, 13, 30, 24, 8, 26, 54, 69, 27, 41, 7)
line 107: kNearestNeighbour 3 (6,9,5,9,8,4,8,8,5,9,6,3,5,2)
(46, 12, 8, 48, 13, 30, 24, 8, 26, 54, 69, 27, 41, 7)(66, 8, 1, 42, 11, 22, 33, 29, 3, 74, 70, 26, 54, 36)(16, 13, 48, 51, 16, 20, 90, 41, 73, 41, 53, 1, 37, 15)
line 108: nearestNeighbour (7,8,6,3,9,5,8,2,9,1,8,4,1,8)
(46, 12, 8, 48, 13, 30, 24, 8, 26, 54, 69, 27, 41, 7)
line 109: kNearestNeighbour 6 (1,8,4,8,5,9,7,6,5,10,4,9,10,6)
(46, 12, 8, 48, 13, 30, 24, 8, 26, 54, 69, 27, 41, 7)(66, 8, 1, 42, 11, 22, 33, 29, 3, 74, 70, 26, 54, 36)(16, 13, 48, 51, 16, 20, 90, 41, 73, 41, 53, 1, 37, 15)(37, 11, 15, 45, 13, 61, 58, 10, 59, 22, 15, 17, 96, 59)(95, 6, 9, 19, 1, 83, 72, 8, 35, 36, 39, 42, 28, 23)(21, 32, 65, 37, 32, 14, 2, 61, 99, 6, 4, 39, 29, 84)
line 110: kNearestNeighbour 1 (2,7,3,6,3,3,7,6,10,4,6,2,3,6)
(46, 12, 8, 48, 13, 30, 24, 8, 26, 54, 69, 27, 41, 7)
line 111: nearestNeighbour (7,10,4,2,4,5,4,4,2,8,2,7,3,8)
(46, 12, 8, 48, 13, 30, 24, 8, 26, 54, 69, 27, 41, 7)
line 112: kNearestNeighbour 7 (3,2,5,10,4,7,3,8,2,3,10,7,4,6)
(46, 12, 8, 48, 13, 30, 24, 8, 26, 54, 69, 27, 41, 7)(66, 8, 1, 42, 11, 22, 33, 29, 3, 74, 70, 26, 54, 36)(16, 13, 48, 51, 16, 20, 90, 41, 73, 41, 53, 1, 37, 15)(37, 11, 15, 45, 13, 61, 58, 10, 59, 22, 15, 17, 96, 59)(95, 6, 9, 19, 1, 83, 72, 8, 35, 36, 39, 42, 28, 23)(21, 32, 65, 37, 32, 14, 2, 61, 99, 6, 4, 39, 29, 84)(28, 33, 54, 36, 99, 52, 73, 3, 12, 42, 72, 10, 24, 22)
line 113: kNearestNeighbour 7 (2,1,3,10,6,7,8,5,2,6,7,10,6,10)
(46, 12, 8, 48, 13, 30, 24, 8, 26, 54, 69, 27, 41, 7)(66, 8, 1, 42, 11, 22, 33, 29, 3, 74, 70, 26, 54, 36)(16, 13, 48, 51, 16, 20, 90, 41, 73, 41, 53, 1, 37, 15)(37, 11, 15, 45, 13, 61, 58, 10, 59, 22, 15, 17, 96, 59)(95, 6, 9, 19, 1, 83, 72, 8, 35, 36, 39, 42, 28, 23)(28, 33, 54, 36, 99, 52, 73, 3, 12, 42, 72, 10, 24, 22)(21, 32, 65, 37, 32, 14, 2, 61, 99, 6, 4, 39, 29, 84)
line 114: kNearestNeighbour 4 (3,5,2,4,2,7,5,8,3,4,3,10,1,8)
(46, 12, 8, 48, 13, 30, 24, 8, 26, 54, 69, 27, 41, 7)(66, 8, 1, 42, 11, 22, 33, 29, 3, 74, 70, 26, 54, 36)(16, 13, 48, 51, 16, 20, 90, 41, 73, 41, 53, 1, 37, 15)(37, 11, 15, 45, 13, 61, 58, 10, 59, 22, 15, 17, 96, 59)
line 115: nearestNeighbour (5,6,5,10,1,10,7,5,10,5,8,3,5,7)
(46, 12, 8, 48, 13, 30, 24, 8, 26, 54, 69, 27, 41, 7)
line 116: kNearestNeighbour 8 (9,3,5,4,1,7,4,9,6,4,10,9,3,1)
(46, 12, 8, 48, 13, 30, 24, 8, 26, 54, 69, 27, 41, 7)(66, 8, 1, 42, 11, 22, 33, 29, 3, 74, 70, 26, 54, 36)(16, 13, 48, 51, 16, 20, 90, 41, 73, 41, 53, 1, 37, 15)(95, 6, 9, 19, 1, 83, 72, 8, 35, 36, 39, 42, 28, 23)(37, 11, 15, 45, 13, 61, 58, 10, 59, 22, 15, 17, 96, 59)(21, 32, 65, 37, 32, 14, 2, 61, 99, 6, 4, 39, 29, 84)(41, 59, 83, 19, 23, 15, 21, 44, 22, 69, 59, 81, 16, 44)(28, 33, 54, 36, 99, 52, 73, 3, 12, 42, 72, 10, 24, 22)
line 117: kNearestNeighbour 6 (9,4,4,4,10,2,3,2,7,3,9,1,2,2)
(46, 12, 8, 48, 13, 30, 24, 8, 26, 54, 69, 27, 41, 7)(66, 8, 1, 42, 11, 22, 33, 29, 3, 74, 70, 26, 54, 36)(16, 13, 48, 51, 16, 20, 90, 41, 73, 41, 53, 1, 37, 15)(37, 11, 15, 45, 13, 61, 58, 10, 59, 22, 15, 17, 96, 59)(95, 6, 9, 19, 1, 83, 72, 8, 35, 36, 39, 42, 28, 23)(28, 33, 54, 36, 99, 52, 73, 3, 12, 42, 72, 10, 24, 22)
line 118: kNearestNeighbour 10 (6,4,8,9,4,5,9,2,6,8,8,9,7,4)
(46, 12, 8, 48, 13, 30, 24, 8, 26, 54, 69, 27, 41, 7)(66, 8, 1, 42, 11, 22, 33, 29, 3, 74, 70, 26, 54, 36)(16, 13, 48, 51, 16, 20, 90, 41, 73, 41, 53, 1, 37, 15)(37, 11, 15, 45, 13, 61, 58, 10, 59, 22, 15, 17, 96, 59)(95, 6, 9, 19, 1, 83, 72, 8, 35, 36, 39, 42, 28, 23)(28, 33, 54, 36, 99, 52, 73, 3, 12, 42, 72, 10, 24, 22)(41, 59, 83, 19, 23, 15, 21, 44, 22, 69, 59, 81, 16, 44)(21, 32, 65, 37, 32, 14, 2, 61, 99, 6, 4, 39, 29, 84)(74, 12, 91, 11, 19, 64, 64, 66, 46, 45, 45, 3, 19, 25)(1, 22, 79, 37, 86, 73, 78, 9, 16, 24, 31, 37, 47, 57)
line 119: kNearestNeighbour 9 (10,3,3,2,10,8,9,7,1,7,8,7,2,10)
(46, 12, 8, 48, 13, 30, 24, 8, 26, 54, 69, 27, 41, 7)(66, 8, 1, 42, 11, 22, 33, 29, 3, 74, 70, 26, 54, 36)(16, 13, 48, 51, 16, 20, 90, 41, 73, 41, 53, 1, 37, 15)(95, 6, 9, 19, 1, 83, 72, 8, 35, 36, 39, 42, 28, 23)(37, 11, 15, 45, 13, 61, 58, 10, 59, 22, 15, 17, 96, 59)(28, 33, 54, 36, 99, 52, 73, 3, 12, 42, 72, 10, 24, 22)(41, 59, 83, 19, 23, 15, 21, 44, 22, 69, 59, 81, 16, 44)(21, 32, 65, 37, 32, 14, 2, 61, 99, 6, 4, 39, 29, 84)(74, 12, 91, 11, 19, 64, 64, 66, 46, 45, 45, 3, 19, 25)
line 120: nearestNeighbour (5,3,7,9,1,8,6,4,5,8,1,4,1,5)
(46, 12, 8, 48, 13, 30, 24, 8, 26, 54, 69, 27, 41, 7)
line 121: kNearestNeighbour 8 (7,3,10,3,7,5,3,7,3,5,10,3,1,1)
(46, 12, 8, 48, 13, 30, 24, 8, 26, 54, 69, 27, 41, 7)(66, 8, 1, 42, 11, 22, 33, 29, 3, 74, 70, 26, 54, 36)(16, 13, 48, 51, 16, 20, 90, 41, 73, 41, 53, 1, 37, 15)(95, 6, 9, 19, 1, 83, 72, 8, 35, 36, 39, 42, 28, 23)(37, 11, 15, 45, 13, 61, 58, 10, 59, 22, 15, 17, 96, 59)(28, 33, 54, 36, 99, 52, 73, 3, 12, 42, 72, 10, 24, 22)(41, 59, 83, 19, 23, 15, 21, 44, 22, 69, 59, 81, 16, 44)(21, 32, 65, 37, 32, 14, 2, 61, 99, 6, 4, 39, 29, 84)
line 122: nearestNeighbour (10,7,10,3,4,5,7,8,7,10,5,3,5,7)
(46, 12, 8, 48, 13, 30, 24, 8, 26, 54, 69, 27, 41, 7)
line 123: kNearestNeighbour 10 (6,1,10,2,2,7,8,6,1,3,8,8,1,2)
(46, 12, 8, 48, 13, 30, 24, 8, 26, 54, 69, 27, 41, 7)(66, 8, 1, 42, 11, 22, 33, 29, 3, 74, 70, 26, 54, 36)(16, 13, 48, 51, 16, 20, 90, 41, 73, 41, 53, 1, 37, 15)(95, 6, 9, 19, 1, 83, 72, 8, 35, 36, 39, 42, 28, 23)(37, 11, 15, 45, 13, 61, 58, 10, 59, 22, 15, 17, 96, 59)(28, 33, 54, 36, 99, 52, 73, 3, 12, 42, 72, 10, 24, 22)(41, 59, 83, 19, 23, 15, 21, 44, 22, 69, 59, 81, 16, 44)(21, 32, 65, 37, 32, 14, 2, 61, 99, 6, 4, 39, 29, 84)(74, 12, 91, 11, 19, 64, 64, 66, 46, 45, 45, 3, 19, 25)(1, 22, 79, 37, 86, 73, 78, 9, 16, 24, 31, 37, 47, 57)
line 124: nearestNeighbour (10,9,7,10,7,2,10,4,2,1,2,6,6,10)
(46, 12, 8, 48, 13, 30, 24, 8, 26, 54, 69, 27, 41, 7)
line 125: nearestNeighbour (4,1,3,9,7,2,2,1,4,7,7,7,5,3)
(46, 12, 8, 48, 13, 30, 24, 8, 26, 54, 69, 27, 41, 7)
line 126: nearestNeighbour (8,8,3,9,4,1,7,7,1,5,1,2,6,2)
(46, 12, 8, 48, 13, 30, 24, 8, 26, 54, 69, 27, 41, 7)
line 127: kNearestNeighbour 4 (10,4,6,9,5,9,4,10,7,7,2,7,9,9)
(46, 12, 8, 48, 13, 30, 24, 8, 26, 54, 69, 27, 41, 7)(66, 8, 1, 42, 11, 22, 33, 29, 3, 74, 70, 26, 54, 36)(37, 11, 15, 45, 13, 61, 58, 10, 59, 22, 15, 17, 96, 59)(16, 13, 48, 51, 16, 20, 90, 41, 73, 41, 53, 1, 37, 15)
line 128: nearestNeighbour (1,2,7,5,10,9,2,4,4,6,9,7,6,8)
(46, 12, 8, 48, 13, 30, 24, 8, 26, 54, 69, 27, 41, 7)
line 129: kNearestNeighbour 5 (1,10,7,10,5,8,9,5,3,6,2,6,2,10)
(46, 12, 8, 48, 13, 30, 24, 8, 26, 54, 69, 27, 41, 7)(66, 8, 1, 42, 11, 22, 33, 29, 3, 74, 70, 26, 54, 36)(16, 13, 48, 51, 16, 20, 90, 41, 73, 41, 53, 1, 37, 15)(37, 11, 15, 45, 13, 61, 58, 10, 59, 22, 15, 17, 96, 59)(95, 6, 9, 19, 1, 83, 72, 8, 35, 36, 39, 42, 28, 23)
line 130: kNearestNeighbour 5 (10,3,4,9,7,4,7,4,9,5,3,6,3,8)
(46, 12, 8, 48, 13, 30, 24, 8, 26, 54, 69, 27, 41, 7)(66, 8, 1, 42, 11, 22, 33, 29, 3, 74, 70, 26, 54, 36)(16, 13, 48, 51, 16, 20, 90, 41, 73, 41, 53, 1, 37, 15)(37, 11, 15, 45, 13, 61, 58, 10, 59, 22, 15, 17, 96, 59)(95, 6, 9, 19, 1, 83, 72, 8, 35, 36, 39, 42, 28, 23)
line 131: kNearestNeighbour 5 (1,5,6,3,5,7,5,5,9,1,2,5,9,2)
(46, 12, 8, 48, 13, 30, 24, 8, 26, 54, 69, 27, 41, 7)(66, 8, 1, 42, 11, 22, 33, 29, 3, 74, 70, 26, 54, 36)(16, 13, 48, 51, 16, 20, 90, 41, 73, 41, 53, 1, 37, 15)(37, 11, 15, 45, 13, 61, 58, 10, 59, 22, 15, 17, 96, 59)(95, 6, 9, 19, 1, 83, 72, 8, 35, 36, 39, 42, 28, 23)
line 132: kNearestNeighbour 8 (3,9,4,10,8,7,10,8,3,5,6,2,4,10)
(46, 12, 8, 48, 13, 30, 24, 8, 26, 54, 69, 27, 41, 7)(66, 8, 1, 42, 11, 22, 33, 29, 3, 74, 70, 26, 54, 36)(16, 13, 48, 51, 16, 20, 90, 41, 73, 41, 53, 1, 37, 15)(37, 11, 15, 45, 13, 61, 58, 10, 59, 22, 15, 17, 96, 59)(95, 6, 9, 19, 1, 83, 72, 8, 35, 36, 39, 42, 28, 23)(28, 33, 54, 36, 99, 52, 73, 3, 12, 42, 72, 10, 24, 22)(21, 32, 65, 37, 32, 14, 2, 61, 99, 6, 4, 39, 29, 84)(41, 59, 83, 19, 23, 15, 21, 44, 22, 69, 59, 81, 16, 44)
line 133: kNearestNeighbour 5 (5,10,8,4,1,10,6,4,1,3,1,10,10,9)
(46, 12, 8, 48, 13, 30, 24, 8, 26, 54, 69, 27, 41, 7)(66, 8, 1, 42, 11, 22, 33, 29, 3, 74, 70, 26, 54, 36)(37, 11, 15, 45, 13, 61, 58, 10, 59, 22, 15, 17, 96, 59)(16, 13, 48, 51, 16, 20, 90, 41, 73, 41, 53, 1, 37, 15)(95, 6, 9, 19, 1, 83, 72, 8, 35, 36, 39, 42, 28, 23)
line 134: kNearestNeighbour 3 (7,2,5,10,3,2,2,4,1,4,9,10,7,9)
(46, 12, 8, 48, 13, 30, 24, 8, 26, 54, 69, 27, 41, 7)(66, 8, 1, 42, 11, 22, 33, 29, 3, 74, 70, 26, 54, 36)(16, 13, 48, 51, 16, 20, 90, 41, 73, 41, 53, 1, 37, 15)
line 135: kNearestNeighbour 8 (1,9,1,4,8,3,9,2,9,8,2,1,10,1)
(46, 12, 8, 48, 13, 30, 24, 8, 26, 54, 69, 27, 41, 7)(66, 8, 1, 42, 11, 22, 33, 29, 3, 74, 70, 26, 54, 36)(16, 13, 48, 51, 16, 20, 90, 41, 73, 41, 53, 1, 37, 15)(37, 11, 15, 45, 13, 61, 58, 10, 59, 22, 15, 17, 96, 59)(95, 6, 9, 19, 1, 83, 72, 8, 35, 36, 39, 42, 28, 23)(28, 33, 54, 36, 99, 52, 73, 3, 12, 42, 72, 10, 24, 22)(21, 32, 65, 37, 32, 14, 2, 61, 99, 6, 4, 39, 29, 84)(41, 59, 83, 19, 23, 15, 21, 44, 22, 69, 59, 81, 16, 44)
line 136: kNearestNeighbour 6 (1,2,1,1,7,10,1,8,9,9,8,6,2,8)
(46, 12, 8, 48, 13, 30, 24, 8, 26, 54, 69, 27, 41, 7)(66, 8, 1, 42, 11, 22, 33, 29, 3, 74, 70, 26, 54, 36)(16, 13, 48, 51, 16, 20, 90, 41, 73, 41, 53, 1, 37, 15)(37, 11, 15, 45, 13, 61, 58, 10, 59, 22, 15, 17, 96, 59)(95, 6, 9, 19, 1, 83, 72, 8, 35, 36, 39, 42, 28, 23)(21, 32, 65, 37, 32, 14, 2, 61, 99, 6, 4, 39, 29, 84)
line 137: kNearestNeighbour 2 (1,10,2,9,6,4,10,7,2,5,1,9,10,5)
(46, 12, 8, 48, 13, 30, 24, 8, 26, 54, 69, 27, 41, 7)(66, 8, 1, 42, 11, 22, 33, 29, 3, 74, 70, 26, 54, 36)
line 138: kNearestNeighbour 3 (9,6,9,4,2,6,10,4,4,2,3,8,10,3)
(46, 12, 8, 48, 13, 30, 24, 8, 26, 54, 69, 27, 41, 7)(66, 8, 1, 42, 11, 22, 33, 29, 3, 74, 70, 26, 54, 36)(16, 13, 48, 51, 16, 20, 90, 41, 73, 41, 53, 1, 37, 15)
line 139: kNearestNeighbour 1 (4,2,5,7,10,5,5,2,2,6,6,6,7,1)
(46, 12, 8, 48, 13, 30, 24, 8, 26, 54, 69, 27, 41, 7)
line 140: nearestNeighbour (8,6,1,7,6,7,5,2,8,9,8,1,1,4)
(46, 12, 8, 48, 13, 30, 24, 8, 26, 54, 69, 27, 41, 7)
line 141: nearestNeighbour (6,10,6,9,4,5,2,8,1,5,1,5,2,5)
(46, 12, 8, 48, 13, 30, 24, 8, 26, 54, 69, 27, 41, 7)
line 142: nearestNeighbour (2,4,3,9,2,7,8,4,2,7,10,9,7,1)
(46, 12, 8, 48, 13, 30, 24, 8, 26, 54, 69, 27, 41, 7)
line 143: kNearestNeighbour 3 (6,10,4,6,10,5,4,5,10,10,7,7,9,9)
