line 1: k=12
line 2: clear
line 3: buildTree 20
(36,50,84,25,26,19,96,73,18,25,48,98) (57,83,80,67,61,19,67,81,60,22,79,75) (79,95,29,24,43,68,55,37,1,76,57,26) (74,20,34,36,97,38,60,74,53,18,58,77) (47,38,53,81,99,58,77,26,98,76,38,43) (89,63,71,9,25,62,6,11,86,5,47,9) (44,99,12,36,84,31,12,9,67,7,88,9) (29,81,76,33,85,86,85,54,49,74,21,64) (93,2,45,64,44,62,29,18,99,17,42,85) (60,44,29,69,24,73,25,56,18,39,100,29) (51,76,64,57,88,67,45,84,25,53,54,83) (82,20,75,1,57,52,69,11,34,6,2,11) (44,81,43,11,21,92,5,57,21,42,6,70) (97,37,85,73,86,80,49,52,13,48,70,81) (24,86,12,62,16,95,14,2,34,96,93,87) (75,65,30,21,38,82,49,37,58,76,44,91) (61,12,46,54,6,68,50,36,85,50,46,77) (84,93,68,26,54,14,94,44,2,12,6,69) (62,4,49,100,3,8,95,35,18,62,56,3) (26,62,25,88,15,19,65,34,93,64,43,97) 
line 4: nodeCount_height_leafCount
nodeCount=20;height=5;leafCount=9
line 5: inorderTraversal
(26, 62, 25, 88, 15, 19, 65, 34, 93, 64, 43, 97) (47, 38, 53, 81, 99, 58, 77, 26, 98, 76, 38, 43) (36, 50, 84, 25, 26, 19, 96, 73, 18, 25, 48, 98) (51, 76, 64, 57, 88, 67, 45, 84, 25, 53, 54, 83) (29, 81, 76, 33, 85, 86, 85, 54, 49, 74, 21, 64) (24, 86, 12, 62, 16, 95, 14, 2, 34, 96, 93, 87) (44, 81, 43, 11, 21, 92, 5, 57, 21, 42, 6, 70) (44, 99, 12, 36, 84, 31, 12, 9, 67, 7, 88, 9) (57, 83, 80, 67, 61, 19, 67, 81, 60, 22, 79, 75) (60, 44, 29, 69, 24, 73, 25, 56, 18, 39, 100, 29) (93, 2, 45, 64, 44, 62, 29, 18, 99, 17, 42, 85) (61, 12, 46, 54, 6, 68, 50, 36, 85, 50, 46, 77) (62, 4, 49, 100, 3, 8, 95, 35, 18, 62, 56, 3) (74, 20, 34, 36, 97, 38, 60, 74, 53, 18, 58, 77) (75, 65, 30, 21, 38, 82, 49, 37, 58, 76, 44, 91) (79, 95, 29, 24, 43, 68, 55, 37, 1, 76, 57, 26) (84, 93, 68, 26, 54, 14, 94, 44, 2, 12, 6, 69) (82, 20, 75, 1, 57, 52, 69, 11, 34, 6, 2, 11) (89, 63, 71, 9, 25, 62, 6, 11, 86, 5, 47, 9) (97, 37, 85, 73, 86, 80, 49, 52, 13, 48, 70, 81) 
line 6: preorderTraversal
(60, 44, 29, 69, 24, 73, 25, 56, 18, 39, 100, 29) (29, 81, 76, 33, 85, 86, 85, 54, 49, 74, 21, 64) (47, 38, 53, 81, 99, 58, 77, 26, 98, 76, 38, 43) (26, 62, 25, 88, 15, 19, 65, 34, 93, 64, 43, 97) (36, 50, 84, 25, 26, 19, 96, 73, 18, 25, 48, 98) (51, 76, 64, 57, 88, 67, 45, 84, 25, 53, 54, 83) (24, 86, 12, 62, 16, 95, 14, 2, 34, 96, 93, 87) (44, 99, 12, 36, 84, 31, 12, 9, 67, 7, 88, 9) (44, 81, 43, 11, 21, 92, 5, 57, 21, 42, 6, 70) (57, 83, 80, 67, 61, 19, 67, 81, 60, 22, 79, 75) (74, 20, 34, 36, 97, 38, 60, 74, 53, 18, 58, 77) (61, 12, 46, 54, 6, 68, 50, 36, 85, 50, 46, 77) (93, 2, 45, 64, 44, 62, 29, 18, 99, 17, 42, 85) (62, 4, 49, 100, 3, 8, 95, 35, 18, 62, 56, 3) (84, 93, 68, 26, 54, 14, 94, 44, 2, 12, 6, 69) (75, 65, 30, 21, 38, 82, 49, 37, 58, 76, 44, 91) (79, 95, 29, 24, 43, 68, 55, 37, 1, 76, 57, 26) (89, 63, 71, 9, 25, 62, 6, 11, 86, 5, 47, 9) (82, 20, 75, 1, 57, 52, 69, 11, 34, 6, 2, 11) (97, 37, 85, 73, 86, 80, 49, 52, 13, 48, 70, 81) 
line 7: postorderTraversal
(26, 62, 25, 88, 15, 19, 65, 34, 93, 64, 43, 97) (51, 76, 64, 57, 88, 67, 45, 84, 25, 53, 54, 83) (36, 50, 84, 25, 26, 19, 96, 73, 18, 25, 48, 98) (47, 38, 53, 81, 99, 58, 77, 26, 98, 76, 38, 43) (44, 81, 43, 11, 21, 92, 5, 57, 21, 42, 6, 70) (57, 83, 80, 67, 61, 19, 67, 81, 60, 22, 79, 75) (44, 99, 12, 36, 84, 31, 12, 9, 67, 7, 88, 9) (24, 86, 12, 62, 16, 95, 14, 2, 34, 96, 93, 87) (29, 81, 76, 33, 85, 86, 85, 54, 49, 74, 21, 64) (93, 2, 45, 64, 44, 62, 29, 18, 99, 17, 42, 85) (62, 4, 49, 100, 3, 8, 95, 35, 18, 62, 56, 3) (61, 12, 46, 54, 6, 68, 50, 36, 85, 50, 46, 77) (79, 95, 29, 24, 43, 68, 55, 37, 1, 76, 57, 26) (75, 65, 30, 21, 38, 82, 49, 37, 58, 76, 44, 91) (82, 20, 75, 1, 57, 52, 69, 11, 34, 6, 2, 11) (97, 37, 85, 73, 86, 80, 49, 52, 13, 48, 70, 81) (89, 63, 71, 9, 25, 62, 6, 11, 86, 5, 47, 9) (84, 93, 68, 26, 54, 14, 94, 44, 2, 12, 6, 69) (74, 20, 34, 36, 97, 38, 60, 74, 53, 18, 58, 77) (60, 44, 29, 69, 24, 73, 25, 56, 18, 39, 100, 29) 
line 8: nearestNeighbour (9,9,2,8,4,7,4,5,3,6,3,5)
(82, 20, 75, 1, 57, 52, 69, 11, 34, 6, 2, 11)
line 9: nearestNeighbour (5,9,3,3,10,3,4,7,2,9,10,1)
(82, 20, 75, 1, 57, 52, 69, 11, 34, 6, 2, 11)
line 10: nearestNeighbour (5,6,9,3,6,6,5,8,6,3,8,6)
(82, 20, 75, 1, 57, 52, 69, 11, 34, 6, 2, 11)
line 11: nearestNeighbour (10,5,1,2,1,6,6,1,5,2,7,6)
(82, 20, 75, 1, 57, 52, 69, 11, 34, 6, 2, 11)
line 12: nearestNeighbour (9,7,2,3,8,8,7,1,3,2,10,8)
(82, 20, 75, 1, 57, 52, 69, 11, 34, 6, 2, 11)
line 13: kNearestNeighbour 6 (9,10,1,1,1,6,5,1,1,4,2,9)
(82, 20, 75, 1, 57, 52, 69, 11, 34, 6, 2, 11)(44, 81, 43, 11, 21, 92, 5, 57, 21, 42, 6, 70)(89, 63, 71, 9, 25, 62, 6, 11, 86, 5, 47, 9)(60, 44, 29, 69, 24, 73, 25, 56, 18, 39, 100, 29)(44, 99, 12, 36, 84, 31, 12, 9, 67, 7, 88, 9)(61, 12, 46, 54, 6, 68, 50, 36, 85, 50, 46, 77)
line 14: kNearestNeighbour 5 (9,10,4,3,5,10,1,6,7,2,4,2)
(82, 20, 75, 1, 57, 52, 69, 11, 34, 6, 2, 11)(44, 81, 43, 11, 21, 92, 5, 57, 21, 42, 6, 70)(89, 63, 71, 9, 25, 62, 6, 11, 86, 5, 47, 9)(60, 44, 29, 69, 24, 73, 25, 56, 18, 39, 100, 29)(44, 99, 12, 36, 84, 31, 12, 9, 67, 7, 88, 9)
line 15: nearestNeighbour (9,5,10,10,9,8,2,8,4,4,6,9)
(82, 20, 75, 1, 57, 52, 69, 11, 34, 6, 2, 11)
line 16: kNearestNeighbour 6 (4,8,8,2,8,2,7,10,10,5,4,9)
(82, 20, 75, 1, 57, 52, 69, 11, 34, 6, 2, 11)(44, 81, 43, 11, 21, 92, 5, 57, 21, 42, 6, 70)(89, 63, 71, 9, 25, 62, 6, 11, 86, 5, 47, 9)(60, 44, 29, 69, 24, 73, 25, 56, 18, 39, 100, 29)(44, 99, 12, 36, 84, 31, 12, 9, 67, 7, 88, 9)(61, 12, 46, 54, 6, 68, 50, 36, 85, 50, 46, 77)
line 17: kNearestNeighbour 2 (4,8,6,7,5,7,5,4,5,10,4,8)
(82, 20, 75, 1, 57, 52, 69, 11, 34, 6, 2, 11)(44, 81, 43, 11, 21, 92, 5, 57, 21, 42, 6, 70)
line 18: nearestNeighbour (10,3,6,6,9,5,9,3,8,10,3,4)
(82, 20, 75, 1, 57, 52, 69, 11, 34, 6, 2, 11)
line 19: nearestNeighbour (2,5,5,2,3,3,10,1,2,1,7,4)
(82, 20, 75, 1, 57, 52, 69, 11, 34, 6, 2, 11)
line 20: nearestNeighbour (7,4,5,2,8,2,4,9,5,4,8,6)
(82, 20, 75, 1, 57, 52, 69, 11, 34, 6, 2, 11)
line 21: kNearestNeighbour 8 (7,2,7,3,2,2,5,9,9,2,8,6)
(82, 20, 75, 1, 57, 52, 69, 11, 34, 6, 2, 11)(44, 81, 43, 11, 21, 92, 5, 57, 21, 42, 6, 70)(89, 63, 71, 9, 25, 62, 6, 11, 86, 5, 47, 9)(60, 44, 29, 69, 24, 73, 25, 56, 18, 39, 100, 29)(61, 12, 46, 54, 6, 68, 50, 36, 85, 50, 46, 77)(62, 4, 49, 100, 3, 8, 95, 35, 18, 62, 56, 3)(44, 99, 12, 36, 84, 31, 12, 9, 67, 7, 88, 9)(79, 95, 29, 24, 43, 68, 55, 37, 1, 76, 57, 26)
line 22: nearestNeighbour (9,7,3,4,6,6,7,3,1,5,10,7)
(82, 20, 75, 1, 57, 52, 69, 11, 34, 6, 2, 11)
line 23: kNearestNeighbour 7 (3,1,6,8,8,9,3,5,10,10,3,2)
(82, 20, 75, 1, 57, 52, 69, 11, 34, 6, 2, 11)(44, 81, 43, 11, 21, 92, 5, 57, 21, 42, 6, 70)(89, 63, 71, 9, 25, 62, 6, 11, 86, 5, 47, 9)(60, 44, 29, 69, 24, 73, 25, 56, 18, 39, 100, 29)(61, 12, 46, 54, 6, 68, 50, 36, 85, 50, 46, 77)(62, 4, 49, 100, 3, 8, 95, 35, 18, 62, 56, 3)(44, 99, 12, 36, 84, 31, 12, 9, 67, 7, 88, 9)
line 24: nearestNeighbour (10,6,2,5,9,1,1,10,1,5,4,6)
(82, 20, 75, 1, 57, 52, 69, 11, 34, 6, 2, 11)
line 25: nearestNeighbour (10,5,6,3,9,5,7,6,5,9,3,7)
(82, 20, 75, 1, 57, 52, 69, 11, 34, 6, 2, 11)
line 26: kNearestNeighbour 8 (10,3,8,1,6,10,9,9,9,3,6,3)
(82, 20, 75, 1, 57, 52, 69, 11, 34, 6, 2, 11)(44, 81, 43, 11, 21, 92, 5, 57, 21, 42, 6, 70)(89, 63, 71, 9, 25, 62, 6, 11, 86, 5, 47, 9)(60, 44, 29, 69, 24, 73, 25, 56, 18, 39, 100, 29)(61, 12, 46, 54, 6, 68, 50, 36, 85, 50, 46, 77)(44, 99, 12, 36, 84, 31, 12, 9, 67, 7, 88, 9)(62, 4, 49, 100, 3, 8, 95, 35, 18, 62, 56, 3)(79, 95, 29, 24, 43, 68, 55, 37, 1, 76, 57, 26)
line 27: kNearestNeighbour 4 (5,7,2,4,6,6,6,1,6,1,6,10)
(82, 20, 75, 1, 57, 52, 69, 11, 34, 6, 2, 11)(44, 81, 43, 11, 21, 92, 5, 57, 21, 42, 6, 70)(89, 63, 71, 9, 25, 62, 6, 11, 86, 5, 47, 9)(60, 44, 29, 69, 24, 73, 25, 56, 18, 39, 100, 29)
line 28: nearestNeighbour (2,10,10,2,8,8,2,3,4,1,1,10)
(82, 20, 75, 1, 57, 52, 69, 11, 34, 6, 2, 11)
line 29: kNearestNeighbour 8 (6,3,10,5,9,9,5,3,9,8,9,7)
(82, 20, 75, 1, 57, 52, 69, 11, 34, 6, 2, 11)(44, 81, 43, 11, 21, 92, 5, 57, 21, 42, 6, 70)(89, 63, 71, 9, 25, 62, 6, 11, 86, 5, 47, 9)(60, 44, 29, 69, 24, 73, 25, 56, 18, 39, 100, 29)(61, 12, 46, 54, 6, 68, 50, 36, 85, 50, 46, 77)(44, 99, 12, 36, 84, 31, 12, 9, 67, 7, 88, 9)(62, 4, 49, 100, 3, 8, 95, 35, 18, 62, 56, 3)(79, 95, 29, 24, 43, 68, 55, 37, 1, 76, 57, 26)
line 30: nearestNeighbour (5,3,4,1,10,5,2,7,9,9,10,7)
(82, 20, 75, 1, 57, 52, 69, 11, 34, 6, 2, 11)
line 31: nearestNeighbour (3,10,4,9,1,6,9,5,6,7,8,2)
(82, 20, 75, 1, 57, 52, 69, 11, 34, 6, 2, 11)
line 32: kNearestNeighbour 3 (2,9,9,9,2,5,5,8,2,3,10,3)
(82, 20, 75, 1, 57, 52, 69, 11, 34, 6, 2, 11)(44, 81, 43, 11, 21, 92, 5, 57, 21, 42, 6, 70)(89, 63, 71, 9, 25, 62, 6, 11, 86, 5, 47, 9)
line 33: nearestNeighbour (2,7,1,10,1,8,8,8,5,4,3,3)
(82, 20, 75, 1, 57, 52, 69, 11, 34, 6, 2, 11)
line 34: kNearestNeighbour 10 (9,8,9,7,6,1,5,7,1,1,9,8)
(82, 20, 75, 1, 57, 52, 69, 11, 34, 6, 2, 11)(44, 81, 43, 11, 21, 92, 5, 57, 21, 42, 6, 70)(89, 63, 71, 9, 25, 62, 6, 11, 86, 5, 47, 9)(60, 44, 29, 69, 24, 73, 25, 56, 18, 39, 100, 29)(44, 99, 12, 36, 84, 31, 12, 9, 67, 7, 88, 9)(62, 4, 49, 100, 3, 8, 95, 35, 18, 62, 56, 3)(61, 12, 46, 54, 6, 68, 50, 36, 85, 50, 46, 77)(79, 95, 29, 24, 43, 68, 55, 37, 1, 76, 57, 26)(36, 50, 84, 25, 26, 19, 96, 73, 18, 25, 48, 98)(84, 93, 68, 26, 54, 14, 94, 44, 2, 12, 6, 69)
line 35: kNearestNeighbour 1 (3,1,5,1,4,6,6,5,2,6,2,1)
(82, 20, 75, 1, 57, 52, 69, 11, 34, 6, 2, 11)
line 36: nearestNeighbour (8,1,6,7,6,5,10,9,4,10,9,6)
(82, 20, 75, 1, 57, 52, 69, 11, 34, 6, 2, 11)
line 37: nearestNeighbour (2,6,5,8,6,6,6,9,10,8,4,4)
(82, 20, 75, 1, 57, 52, 69, 11, 34, 6, 2, 11)
line 38: kNearestNeighbour 2 (7,4,8,2,10,8,5,3,9,3,9,2)
(82, 20, 75, 1, 57, 52, 69, 11, 34, 6, 2, 11)(89, 63, 71, 9, 25, 62, 6, 11, 86, 5, 47, 9)
line 39: nearestNeighbour (10,7,3,4,2,5,2,8,8,5,6,2)
(82, 20, 75, 1, 57, 52, 69, 11, 34, 6, 2, 11)
line 40: kNearestNeighbour 4 (9,6,2,9,3,4,7,9,9,5,6,8)
(82, 20, 75, 1, 57, 52, 69, 11, 34, 6, 2, 11)(44, 81, 43, 11, 21, 92, 5, 57, 21, 42, 6, 70)(89, 63, 71, 9, 25, 62, 6, 11, 86, 5, 47, 9)(60, 44, 29, 69, 24, 73, 25, 56, 18, 39, 100, 29)
line 41: nearestNeighbour (6,1,6,8,2,8,7,6,7,5,4,7)
(82, 20, 75, 1, 57, 52, 69, 11, 34, 6, 2, 11)
line 42: nearestNeighbour (7,4,6,7,8,3,3,6,4,10,9,10)
(82, 20, 75, 1, 57, 52, 69, 11, 34, 6, 2, 11)
line 43: nearestNeighbour (4,7,3,8,4,4,7,4,5,2,7,7)
(82, 20, 75, 1, 57, 52, 69, 11, 34, 6, 2, 11)
line 44: kNearestNeighbour 8 (6,4,3,5,4,7,10,9,2,5,4,9)
(82, 20, 75, 1, 57, 52, 69, 11, 34, 6, 2, 11)(44, 81, 43, 11, 21, 92, 5, 57, 21, 42, 6, 70)(89, 63, 71, 9, 25, 62, 6, 11, 86, 5, 47, 9)(60, 44, 29, 69, 24, 73, 25, 56, 18, 39, 100, 29)(62, 4, 49, 100, 3, 8, 95, 35, 18, 62, 56, 3)(61, 12, 46, 54, 6, 68, 50, 36, 85, 50, 46, 77)(44, 99, 12, 36, 84, 31, 12, 9, 67, 7, 88, 9)(79, 95, 29, 24, 43, 68, 55, 37, 1, 76, 57, 26)
line 45: nearestNeighbour (7,5,1,5,3,1,9,4,10,5,6,6)
(82, 20, 75, 1, 57, 52, 69, 11, 34, 6, 2, 11)
line 46: kNearestNeighbour 10 (4,4,6,7,6,10,10,4,2,4,8,5)
(82, 20, 75, 1, 57, 52, 69, 11, 34, 6, 2, 11)(44, 81, 43, 11, 21, 92, 5, 57, 21, 42, 6, 70)(89, 63, 71, 9, 25, 62, 6, 11, 86, 5, 47, 9)(60, 44, 29, 69, 24, 73, 25, 56, 18, 39, 100, 29)(62, 4, 49, 100, 3, 8, 95, 35, 18, 62, 56, 3)(44, 99, 12, 36, 84, 31, 12, 9, 67, 7, 88, 9)(61, 12, 46, 54, 6, 68, 50, 36, 85, 50, 46, 77)(79, 95, 29, 24, 43, 68, 55, 37, 1, 76, 57, 26)(36, 50, 84, 25, 26, 19, 96, 73, 18, 25, 48, 98)(84, 93, 68, 26, 54, 14, 94, 44, 2, 12, 6, 69)
line 47: nearestNeighbour (3,2,2,8,9,9,7,5,3,7,2,5)
(82, 20, 75, 1, 57, 52, 69, 11, 34, 6, 2, 11)
line 48: nearestNeighbour (3,10,5,1,7,1,2,9,5,10,9,9)
(82, 20, 75, 1, 57, 52, 69, 11, 34, 6, 2, 11)
line 49: kNearestNeighbour 5 (1,7,10,9,4,4,5,9,4,9,1,3)
(82, 20, 75, 1, 57, 52, 69, 11, 34, 6, 2, 11)(44, 81, 43, 11, 21, 92, 5, 57, 21, 42, 6, 70)(89, 63, 71, 9, 25, 62, 6, 11, 86, 5, 47, 9)(60, 44, 29, 69, 24, 73, 25, 56, 18, 39, 100, 29)(62, 4, 49, 100, 3, 8, 95, 35, 18, 62, 56, 3)
line 50: nearestNeighbour (4,4,10,2,5,4,6,10,4,10,9,1)
(82, 20, 75, 1, 57, 52, 69, 11, 34, 6, 2, 11)
line 51: nearestNeighbour (4,8,9,9,4,1,4,7,1,2,4,8)
(82, 20, 75, 1, 57, 52, 69, 11, 34, 6, 2, 11)
line 52: kNearestNeighbour 10 (5,5,1,8,6,8,3,6,8,6,10,6)
(82, 20, 75, 1, 57, 52, 69, 11, 34, 6, 2, 11)(44, 81, 43, 11, 21, 92, 5, 57, 21, 42, 6, 70)(89, 63, 71, 9, 25, 62, 6, 11, 86, 5, 47, 9)(60, 44, 29, 69, 24, 73, 25, 56, 18, 39, 100, 29)(44, 99, 12, 36, 84, 31, 12, 9, 67, 7, 88, 9)(61, 12, 46, 54, 6, 68, 50, 36, 85, 50, 46, 77)(62, 4, 49, 100, 3, 8, 95, 35, 18, 62, 56, 3)(79, 95, 29, 24, 43, 68, 55, 37, 1, 76, 57, 26)(74, 20, 34, 36, 97, 38, 60, 74, 53, 18, 58, 77)(93, 2, 45, 64, 44, 62, 29, 18, 99, 17, 42, 85)
line 53: nearestNeighbour (9,4,6,8,9,1,1,3,9,3,10,2)
(82, 20, 75, 1, 57, 52, 69, 11, 34, 6, 2, 11)
line 54: kNearestNeighbour 6 (7,8,5,7,10,4,9,4,7,5,8,5)
(82, 20, 75, 1, 57, 52, 69, 11, 34, 6, 2, 11)(44, 81, 43, 11, 21, 92, 5, 57, 21, 42, 6, 70)(89, 63, 71, 9, 25, 62, 6, 11, 86, 5, 47, 9)(60, 44, 29, 69, 24, 73, 25, 56, 18, 39, 100, 29)(44, 99, 12, 36, 84, 31, 12, 9, 67, 7, 88, 9)(62, 4, 49, 100, 3, 8, 95, 35, 18, 62, 56, 3)
line 55: kNearestNeighbour 2 (1,6,7,1,5,9,5,2,8,10,3,2)
(82, 20, 75, 1, 57, 52, 69, 11, 34, 6, 2, 11)(44, 81, 43, 11, 21, 92, 5, 57, 21, 42, 6, 70)
line 56: nearestNeighbour (2,1,10,3,4,6,8,5,6,1,4,2)
(82, 20, 75, 1, 57, 52, 69, 11, 34, 6, 2, 11)
line 57: nearestNeighbour (3,1,2,7,8,3,7,3,9,10,2,1)
(82, 20, 75, 1, 57, 52, 69, 11, 34, 6, 2, 11)
line 58: nearestNeighbour (7,1,9,8,6,7,3,10,9,5,5,5)
(82, 20, 75, 1, 57, 52, 69, 11, 34, 6, 2, 11)
line 59: nearestNeighbour (2,2,4,10,3,7,5,8,5,8,9,4)
(82, 20, 75, 1, 57, 52, 69, 11, 34, 6, 2, 11)
line 60: kNearestNeighbour 6 (6,8,8,2,2,4,1,3,2,8,10,3)
(82, 20, 75, 1, 57, 52, 69, 11, 34, 6, 2, 11)(44, 81, 43, 11, 21, 92, 5, 57, 21, 42, 6, 70)(89, 63, 71, 9, 25, 62, 6, 11, 86, 5, 47, 9)(60, 44, 29, 69, 24, 73, 25, 56, 18, 39, 100, 29)(44, 99, 12, 36, 84, 31, 12, 9, 67, 7, 88, 9)(62, 4, 49, 100, 3, 8, 95, 35, 18, 62, 56, 3)
line 61: nearestNeighbour (10,1,10,4,8,7,8,7,6,7,3,3)
(82, 20, 75, 1, 57, 52, 69, 11, 34, 6, 2, 11)
line 62: nearestNeighbour (7,2,6,7,8,4,5,2,2,3,7,10)
(82, 20, 75, 1, 57, 52, 69, 11, 34, 6, 2, 11)
line 63: kNearestNeighbour 10 (6,5,10,8,10,7,2,4,4,8,9,6)
(82, 20, 75, 1, 57, 52, 69, 11, 34, 6, 2, 11)(44, 81, 43, 11, 21, 92, 5, 57, 21, 42, 6, 70)(89, 63, 71, 9, 25, 62, 6, 11, 86, 5, 47, 9)(60, 44, 29, 69, 24, 73, 25, 56, 18, 39, 100, 29)(44, 99, 12, 36, 84, 31, 12, 9, 67, 7, 88, 9)(62, 4, 49, 100, 3, 8, 95, 35, 18, 62, 56, 3)(61, 12, 46, 54, 6, 68, 50, 36, 85, 50, 46, 77)(79, 95, 29, 24, 43, 68, 55, 37, 1, 76, 57, 26)(74, 20, 34, 36, 97, 38, 60, 74, 53, 18, 58, 77)(36, 50, 84, 25, 26, 19, 96, 73, 18, 25, 48, 98)
line 64: kNearestNeighbour 7 (10,9,6,10,8,2,3,8,2,8,4,1)
(82, 20, 75, 1, 57, 52, 69, 11, 34, 6, 2, 11)(44, 81, 43, 11, 21, 92, 5, 57, 21, 42, 6, 70)(89, 63, 71, 9, 25, 62, 6, 11, 86, 5, 47, 9)(60, 44, 29, 69, 24, 73, 25, 56, 18, 39, 100, 29)(62, 4, 49, 100, 3, 8, 95, 35, 18, 62, 56, 3)(44, 99, 12, 36, 84, 31, 12, 9, 67, 7, 88, 9)(61, 12, 46, 54, 6, 68, 50, 36, 85, 50, 46, 77)
line 65: nearestNeighbour (2,10,6,6,2,2,5,5,5,7,7,6)
(82, 20, 75, 1, 57, 52, 69, 11, 34, 6, 2, 11)
line 66: nearestNeighbour (7,8,6,9,5,2,10,9,3,9,7,9)
(82, 20, 75, 1, 57, 52, 69, 11, 34, 6, 2, 11)
line 67: kNearestNeighbour 9 (6,3,1,5,7,8,4,4,5,8,4,3)
(82, 20, 75, 1, 57, 52, 69, 11, 34, 6, 2, 11)(44, 81, 43, 11, 21, 92, 5, 57, 21, 42, 6, 70)(89, 63, 71, 9, 25, 62, 6, 11, 86, 5, 47, 9)(60, 44, 29, 69, 24, 73, 25, 56, 18, 39, 100, 29)(44, 99, 12, 36, 84, 31, 12, 9, 67, 7, 88, 9)(62, 4, 49, 100, 3, 8, 95, 35, 18, 62, 56, 3)(61, 12, 46, 54, 6, 68, 50, 36, 85, 50, 46, 77)(79, 95, 29, 24, 43, 68, 55, 37, 1, 76, 57, 26)(74, 20, 34, 36, 97, 38, 60, 74, 53, 18, 58, 77)
line 68: kNearestNeighbour 7 (8,2,6,2,7,9,1,3,5,1,3,5)
(82, 20, 75, 1, 57, 52, 69, 11, 34, 6, 2, 11)(44, 81, 43, 11, 21, 92, 5, 57, 21, 42, 6, 70)(89, 63, 71, 9, 25, 62, 6, 11, 86, 5, 47, 9)(60, 44, 29, 69, 24, 73, 25, 56, 18, 39, 100, 29)(44, 99, 12, 36, 84, 31, 12, 9, 67, 7, 88, 9)(61, 12, 46, 54, 6, 68, 50, 36, 85, 50, 46, 77)(62, 4, 49, 100, 3, 8, 95, 35, 18, 62, 56, 3)
line 69: kNearestNeighbour 9 (3,7,1,5,7,7,3,9,8,10,3,6)
(82, 20, 75, 1, 57, 52, 69, 11, 34, 6, 2, 11)(44, 81, 43, 11, 21, 92, 5, 57, 21, 42, 6, 70)(89, 63, 71, 9, 25, 62, 6, 11, 86, 5, 47, 9)(60, 44, 29, 69, 24, 73, 25, 56, 18, 39, 100, 29)(44, 99, 12, 36, 84, 31, 12, 9, 67, 7, 88, 9)(61, 12, 46, 54, 6, 68, 50, 36, 85, 50, 46, 77)(62, 4, 49, 100, 3, 8, 95, 35, 18, 62, 56, 3)(79, 95, 29, 24, 43, 68, 55, 37, 1, 76, 57, 26)(74, 20, 34, 36, 97, 38, 60, 74, 53, 18, 58, 77)
line 70: nearestNeighbour (5,10,8,9,8,6,9,1,2,9,6,7)
(82, 20, 75, 1, 57, 52, 69, 11, 34, 6, 2, 11)
line 71: kNearestNeighbour 8 (6,4,6,4,5,1,7,3,7,2,7,10)
(82, 20, 75, 1, 57, 52, 69, 11, 34, 6, 2, 11)(44, 81, 43, 11, 21, 92, 5, 57, 21, 42, 6, 70)(89, 63, 71, 9, 25, 62, 6, 11, 86, 5, 47, 9)(60, 44, 29, 69, 24, 73, 25, 56, 18, 39, 100, 29)(44, 99, 12, 36, 84, 31, 12, 9, 67, 7, 88, 9)(61, 12, 46, 54, 6, 68, 50, 36, 85, 50, 46, 77)(62, 4, 49, 100, 3, 8, 95, 35, 18, 62, 56, 3)(79, 95, 29, 24, 43, 68, 55, 37, 1, 76, 57, 26)
line 72: nearestNeighbour (7,3,9,8,2,1,6,1,6,3,7,3)
(82, 20, 75, 1, 57, 52, 69, 11, 34, 6, 2, 11)
line 73: kNearestNeighbour 7 (3,7,5,9,7,5,3,9,10,10,9,5)
(82, 20, 75, 1, 57, 52, 69, 11, 34, 6, 2, 11)(44, 81, 43, 11, 21, 92, 5, 57, 21, 42, 6, 70)(89, 63, 71, 9, 25, 62, 6, 11, 86, 5, 47, 9)(60, 44, 29, 69, 24, 73, 25, 56, 18, 39, 100, 29)(44, 99, 12, 36, 84, 31, 12, 9, 67, 7, 88, 9)(61, 12, 46, 54, 6, 68, 50, 36, 85, 50, 46, 77)(62, 4, 49, 100, 3, 8, 95, 35, 18, 62, 56, 3)
line 74: nearestNeighbour (4,3,1,8,10,4,8,4,9,4,6,3)
(82, 20, 75, 1, 57, 52, 69, 11, 34, 6, 2, 11)
line 75: nearestNeighbour (1,5,9,4,1,9,10,2,6,3,1,3)
(82, 20, 75, 1, 57, 52, 69, 11, 34, 6, 2, 11)
line 76: nearestNeighbour (4,1,3,8,2,9,5,4,8,9,5,2)
(82, 20, 75, 1, 57, 52, 69, 11, 34, 6, 2, 11)
line 77: nearestNeighbour (4,4,7,4,4,2,1,10,9,9,1,2)
(82, 20, 75, 1, 57, 52, 69, 11, 34, 6, 2, 11)
line 78: kNearestNeighbour 1 (2,3,2,6,4,9,8,4,2,9,4,2)
(82, 20, 75, 1, 57, 52, 69, 11, 34, 6, 2, 11)
line 79: kNearestNeighbour 3 (9,5,6,5,10,10,9,10,3,2,5,7)
(82, 20, 75, 1, 57, 52, 69, 11, 34, 6, 2, 11)(44, 81, 43, 11, 21, 92, 5, 57, 21, 42, 6, 70)(89, 63, 71, 9, 25, 62, 6, 11, 86, 5, 47, 9)
line 80: nearestNeighbour (9,2,8,10,6,5,1,6,10,7,3,8)
(82, 20, 75, 1, 57, 52, 69, 11, 34, 6, 2, 11)
line 81: nearestNeighbour (9,3,8,8,3,5,9,9,1,9,4,3)
(82, 20, 75, 1, 57, 52, 69, 11, 34, 6, 2, 11)
line 82: nearestNeighbour (4,5,8,7,8,5,6,3,9,9,9,7)
(82, 20, 75, 1, 57, 52, 69, 11, 34, 6, 2, 11)
line 83: kNearestNeighbour 7 (8,9,4,7,10,3,4,1,2,2,9,1)
(82, 20, 75, 1, 57, 52, 69, 11, 34, 6, 2, 11)(44, 81, 43, 11, 21, 92, 5, 57, 21, 42, 6, 70)(89, 63, 71, 9, 25, 62, 6, 11, 86, 5, 47, 9)(44, 99, 12, 36, 84, 31, 12, 9, 67, 7, 88, 9)(60, 44, 29, 69, 24, 73, 25, 56, 18, 39, 100, 29)(62, 4, 49, 100, 3, 8, 95, 35, 18, 62, 56, 3)(61, 12, 46, 54, 6, 68, 50, 36, 85, 50, 46, 77)
line 84: kNearestNeighbour 7 (3,8,3,4,4,1,1,5,6,1,3,5)
(82, 20, 75, 1, 57, 52, 69, 11, 34, 6, 2, 11)(44, 81, 43, 11, 21, 92, 5, 57, 21, 42, 6, 70)(89, 63, 71, 9, 25, 62, 6, 11, 86, 5, 47, 9)(44, 99, 12, 36, 84, 31, 12, 9, 67, 7, 88, 9)(60, 44, 29, 69, 24, 73, 25, 56, 18, 39, 100, 29)(61, 12, 46, 54, 6, 68, 50, 36, 85, 50, 46, 77)(62, 4, 49, 100, 3, 8, 95, 35, 18, 62, 56, 3)
line 85: nearestNeighbour (10,6,7,8,8,9,4,1,2,10,6,3)
(82, 20, 75, 1, 57, 52, 69, 11, 34, 6, 2, 11)
line 86: nearestNeighbour (6,8,1,10,4,3,8,7,10,1,8,3)
(82, 20, 75, 1, 57, 52, 69, 11, 34, 6, 2, 11)
line 87: nearestNeighbour (8,1,8,8,10,1,8,4,1,10,8,4)
(82, 20, 75, 1, 57, 52, 69, 11, 34, 6, 2, 11)
line 88: kNearestNeighbour 1 (10,2,10,1,6,1,9,4,4,9,7,1)
(82, 20, 75, 1, 57, 52, 69, 11, 34, 6, 2, 11)
line 89: nearestNeighbour (10,5,6,1,9,7,10,2,3,5,2,8)
(82, 20, 75, 1, 57, 52, 69, 11, 34, 6, 2, 11)
line 90: nearestNeighbour (6,9,6,4,10,6,5,8,9,1,3,8)
(82, 20, 75, 1, 57, 52, 69, 11, 34, 6, 2, 11)
line 91: kNearestNeighbour 2 (8,10,3,6,5,10,2,4,3,6,5,7)
(82, 20, 75, 1, 57, 52, 69, 11, 34, 6, 2, 11)(44, 81, 43, 11, 21, 92, 5, 57, 21, 42, 6, 70)
line 92: kNearestNeighbour 10 (6,6,9,7,5,4,10,5,1,4,8,9)
(82, 20, 75, 1, 57, 52, 69, 11, 34, 6, 2, 11)(44, 81, 43, 11, 21, 92, 5, 57, 21, 42, 6, 70)(89, 63, 71, 9, 25, 62, 6, 11, 86, 5, 47, 9)(60, 44, 29, 69, 24, 73, 25, 56, 18, 39, 100, 29)(62, 4, 49, 100, 3, 8, 95, 35, 18, 62, 56, 3)(61, 12, 46, 54, 6, 68, 50, 36, 85, 50, 46, 77)(44, 99, 12, 36, 84, 31, 12, 9, 67, 7, 88, 9)(79, 95, 29, 24, 43, 68, 55, 37, 1, 76, 57, 26)(36, 50, 84, 25, 26, 19, 96, 73, 18, 25, 48, 98)(84, 93, 68, 26, 54, 14, 94, 44, 2, 12, 6, 69)
line 93: kNearestNeighbour 4 (2,4,10,8,5,7,5,6,2,9,5,7)
(82, 20, 75, 1, 57, 52, 69, 11, 34, 6, 2, 11)(44, 81, 43, 11, 21, 92, 5, 57, 21, 42, 6, 70)(89, 63, 71, 9, 25, 62, 6, 11, 86, 5, 47, 9)(60, 44, 29, 69, 24, 73, 25, 56, 18, 39, 100, 29)
line 94: nearestNeighbour (10,5,6,7,9,3,3,10,3,8,4,10)
(82, 20, 75, 1, 57, 52, 69, 11, 34, 6, 2, 11)
line 95: nearestNeighbour (8,4,9,7,7,1,2,10,3,1,4,7)
(82, 20, 75, 1, 57, 52, 69, 11, 34, 6, 2, 11)
line 96: kNearestNeighbour 2 (9,5,2,6,9,2,9,10,5,2,9,9)
(82, 20, 75, 1, 57, 52, 69, 11, 34, 6, 2, 11)(44, 81, 43, 11, 21, 92, 5, 57, 21, 42, 6, 70)
line 97: nearestNeighbour (7,5,9,2,8,5,1,9,1,7,3,7)
(82, 20, 75, 1, 57, 52, 69, 11, 34, 6, 2, 11)
line 98: kNearestNeighbour 3 (1,3,10,3,6,1,2,2,3,9,8,8)
(82, 20, 75, 1, 57, 52, 69, 11, 34, 6, 2, 11)(44, 81, 43, 11, 21, 92, 5, 57, 21, 42, 6, 70)(89, 63, 71, 9, 25, 62, 6, 11, 86, 5, 47, 9)
line 99: kNearestNeighbour 1 (5,8,6,2,3,9,4,4,3,10,2,7)
(82, 20, 75, 1, 57, 52, 69, 11, 34, 6, 2, 11)
line 100: kNearestNeighbour 2 (6,5,10,7,6,7,1,3,3,7,10,1)
(82, 20, 75, 1, 57, 52, 69, 11, 34, 6, 2, 11)(44, 81, 43, 11, 21, 92, 5, 57, 21, 42, 6, 70)
line 101: kNearestNeighbour 4 (3,1,4,1,8,3,9,4,8,2,7,1)
(82, 20, 75, 1, 57, 52, 69, 11, 34, 6, 2, 11)(44, 81, 43, 11, 21, 92, 5, 57, 21, 42, 6, 70)(89, 63, 71, 9, 25, 62, 6, 11, 86, 5, 47, 9)(44, 99, 12, 36, 84, 31, 12, 9, 67, 7, 88, 9)
line 102: nearestNeighbour (5,1,10,3,6,7,6,7,2,5,2,2)
(82, 20, 75, 1, 57, 52, 69, 11, 34, 6, 2, 11)
line 103: kNearestNeighbour 3 (10,1,2,5,5,10,3,7,7,6,6,6)
(82, 20, 75, 1, 57, 52, 69, 11, 34, 6, 2, 11)(44, 81, 43, 11, 21, 92, 5, 57, 21, 42, 6, 70)(89, 63, 71, 9, 25, 62, 6, 11, 86, 5, 47, 9)
line 104: kNearestNeighbour 9 (7,8,8,5,3,4,2,9,1,7,10,10)
(82, 20, 75, 1, 57, 52, 69, 11, 34, 6, 2, 11)(44, 81, 43, 11, 21, 92, 5, 57, 21, 42, 6, 70)(89, 63, 71, 9, 25, 62, 6, 11, 86, 5, 47, 9)(60, 44, 29, 69, 24, 73, 25, 56, 18, 39, 100, 29)(44, 99, 12, 36, 84, 31, 12, 9, 67, 7, 88, 9)(62, 4, 49, 100, 3, 8, 95, 35, 18, 62, 56, 3)(61, 12, 46, 54, 6, 68, 50, 36, 85, 50, 46, 77)(79, 95, 29, 24, 43, 68, 55, 37, 1, 76, 57, 26)(36, 50, 84, 25, 26, 19, 96, 73, 18, 25, 48, 98)
line 105: kNearestNeighbour 3 (7,10,10,10,1,3,8,9,7,5,4,9)
(82, 20, 75, 1, 57, 52, 69, 11, 34, 6, 2, 11)(44, 81, 43, 11, 21, 92, 5, 57, 21, 42, 6, 70)(89, 63, 71, 9, 25, 62, 6, 11, 86, 5, 47, 9)
line 106: kNearestNeighbour 5 (3,3,2,1,10,3,1,4,1,9,1,5)
(82, 20, 75, 1, 57, 52, 69, 11, 34, 6, 2, 11)(44, 81, 43, 11, 21, 92, 5, 57, 21, 42, 6, 70)(89, 63, 71, 9, 25, 62, 6, 11, 86, 5, 47, 9)(60, 44, 29, 69, 24, 73, 25, 56, 18, 39, 100, 29)(44, 99, 12, 36, 84, 31, 12, 9, 67, 7, 88, 9)
line 107: nearestNeighbour (4,4,1,5,8,9,4,5,9,1,3,6)
(82, 20, 75, 1, 57, 52, 69, 11, 34, 6, 2, 11)
line 108: nearestNeighbour (4,1,5,4,10,5,7,2,3,2,9,8)
(82, 20, 75, 1, 57, 52, 69, 11, 34, 6, 2, 11)
line 109: nearestNeighbour (3,9,9,10,3,7,2,6,7,6,3,9)
(82, 20, 75, 1, 57, 52, 69, 11, 34, 6, 2, 11)
line 110: nearestNeighbour (10,5,4,2,7,9,4,6,1,6,4,1)
(82, 20, 75, 1, 57, 52, 69, 11, 34, 6, 2, 11)
line 111: kNearestNeighbour 7 (3,1,7,3,3,5,4,9,3,7,9,2)
(82, 20, 75, 1, 57, 52, 69, 11, 34, 6, 2, 11)(44, 81, 43, 11, 21, 92, 5, 57, 21, 42, 6, 70)(89, 63, 71, 9, 25, 62, 6, 11, 86, 5, 47, 9)(60, 44, 29, 69, 24, 73, 25, 56, 18, 39, 100, 29)(62, 4, 49, 100, 3, 8, 95, 35, 18, 62, 56, 3)(61, 12, 46, 54, 6, 68, 50, 36, 85, 50, 46, 77)(44, 99, 12, 36, 84, 31, 12, 9, 67, 7, 88, 9)
line 112: nearestNeighbour (8,10,9,10,9,6,6,3,7,7,4,5)
(82, 20, 75, 1, 57, 52, 69, 11, 34, 6, 2, 11)
line 113: nearestNeighbour (4,1,7,2,1,6,4,8,4,8,3,3)
(82, 20, 75, 1, 57, 52, 69, 11, 34, 6, 2, 11)
line 114: nearestNeighbour (7,6,8,3,6,7,1,2,10,9,3,8)
(82, 20, 75, 1, 57, 52, 69, 11, 34, 6, 2, 11)
line 115: nearestNeighbour (5,10,8,4,5,9,9,3,7,1,2,1)
(82, 20, 75, 1, 57, 52, 69, 11, 34, 6, 2, 11)
line 116: nearestNeighbour (3,9,3,8,7,9,5,3,3,10,6,1)
(82, 20, 75, 1, 57, 52, 69, 11, 34, 6, 2, 11)
line 117: kNearestNeighbour 9 (4,10,8,6,2,8,1,9,2,7,2,4)
(82, 20, 75, 1, 57, 52, 69, 11, 34, 6, 2, 11)(44, 81, 43, 11, 21, 92, 5, 57, 21, 42, 6, 70)(89, 63, 71, 9, 25, 62, 6, 11, 86, 5, 47, 9)(60, 44, 29, 69, 24, 73, 25, 56, 18, 39, 100, 29)(44, 99, 12, 36, 84, 31, 12, 9, 67, 7, 88, 9)(62, 4, 49, 100, 3, 8, 95, 35, 18, 62, 56, 3)(61, 12, 46, 54, 6, 68, 50, 36, 85, 50, 46, 77)(79, 95, 29, 24, 43, 68, 55, 37, 1, 76, 57, 26)(36, 50, 84, 25, 26, 19, 96, 73, 18, 25, 48, 98)
line 118: nearestNeighbour (2,8,1,8,8,5,6,10,10,9,2,3)
(82, 20, 75, 1, 57, 52, 69, 11, 34, 6, 2, 11)
line 119: kNearestNeighbour 9 (3,4,3,8,9,1,8,1,1,6,1,10)
(82, 20, 75, 1, 57, 52, 69, 11, 34, 6, 2, 11)(44, 81, 43, 11, 21, 92, 5, 57, 21, 42, 6, 70)(89, 63, 71, 9, 25, 62, 6, 11, 86, 5, 47, 9)(62, 4, 49, 100, 3, 8, 95, 35, 18, 62, 56, 3)(60, 44, 29, 69, 24, 73, 25, 56, 18, 39, 100, 29)(44, 99, 12, 36, 84, 31, 12, 9, 67, 7, 88, 9)(61, 12, 46, 54, 6, 68, 50, 36, 85, 50, 46, 77)(79, 95, 29, 24, 43, 68, 55, 37, 1, 76, 57, 26)(84, 93, 68, 26, 54, 14, 94, 44, 2, 12, 6, 69)
line 120: nearestNeighbour (1,1,5,6,10,9,1,6,9,4,5,6)
(82, 20, 75, 1, 57, 52, 69, 11, 34, 6, 2, 11)
line 121: kNearestNeighbour 7 (7,5,6,2,5,4,4,4,1,5,9,10)
(82, 20, 75, 1, 57, 52, 69, 11, 34, 6, 2, 11)(44, 81, 43, 11, 21, 92, 5, 57, 21, 42, 6, 70)(89, 63, 71, 9, 25, 62, 6, 11, 86, 5, 47, 9)(60, 44, 29, 69, 24, 73, 25, 56, 18, 39, 100, 29)(44, 99, 12, 36, 84, 31, 12, 9, 67, 7, 88, 9)(61, 12, 46, 54, 6, 68, 50, 36, 85, 50, 46, 77)(62, 4, 49, 100, 3, 8, 95, 35, 18, 62, 56, 3)
line 122: nearestNeighbour (7,3,7,1,1,6,9,1,7,9,2,8)
(82, 20, 75, 1, 57, 52, 69, 11, 34, 6, 2, 11)
line 123: nearestNeighbour (2,6,1,6,7,6,2,8,8,4,1,10)
(82, 20, 75, 1, 57, 52, 69, 11, 34, 6, 2, 11)
line 124: nearestNeighbour (7,10,6,10,7,9,9,9,2,5,9,5)
(82, 20, 75, 1, 57, 52, 69, 11, 34, 6, 2, 11)
line 125: nearestNeighbour (5,7,8,4,6,9,2,6,3,8,8,9)
(82, 20, 75, 1, 57, 52, 69, 11, 34, 6, 2, 11)
line 126: nearestNeighbour (1,4,7,1,3,9,5,1,6,4,4,6)
(82, 20, 75, 1, 57, 52, 69, 11, 34, 6, 2, 11)
line 127: kNearestNeighbour 6 (7,9,7,3,6,8,3,9,7,9,9,5)
(82, 20, 75, 1, 57, 52, 69, 11, 34, 6, 2, 11)(44, 81, 43, 11, 21, 92, 5, 57, 21, 42, 6, 70)(89, 63, 71, 9, 25, 62, 6, 11, 86, 5, 47, 9)(60, 44, 29, 69, 24, 73, 25, 56, 18, 39, 100, 29)(44, 99, 12, 36, 84, 31, 12, 9, 67, 7, 88, 9)(61, 12, 46, 54, 6, 68, 50, 36, 85, 50, 46, 77)
line 128: kNearestNeighbour 7 (10,9,1,3,4,8,4,2,6,6,7,3)
(82, 20, 75, 1, 57, 52, 69, 11, 34, 6, 2, 11)(44, 81, 43, 11, 21, 92, 5, 57, 21, 42, 6, 70)(89, 63, 71, 9, 25, 62, 6, 11, 86, 5, 47, 9)(60, 44, 29, 69, 24, 73, 25, 56, 18, 39, 100, 29)(44, 99, 12, 36, 84, 31, 12, 9, 67, 7, 88, 9)(61, 12, 46, 54, 6, 68, 50, 36, 85, 50, 46, 77)(62, 4, 49, 100, 3, 8, 95, 35, 18, 62, 56, 3)
line 129: kNearestNeighbour 4 (8,2,1,10,9,8,2,3,3,7,8,1)
(82, 20, 75, 1, 57, 52, 69, 11, 34, 6, 2, 11)(44, 81, 43, 11, 21, 92, 5, 57, 21, 42, 6, 70)(89, 63, 71, 9, 25, 62, 6, 11, 86, 5, 47, 9)(60, 44, 29, 69, 24, 73, 25, 56, 18, 39, 100, 29)
line 130: kNearestNeighbour 8 (7,6,2,5,7,2,6,8,10,8,3,10)
(82, 20, 75, 1, 57, 52, 69, 11, 34, 6, 2, 11)(44, 81, 43, 11, 21, 92, 5, 57, 21, 42, 6, 70)(89, 63, 71, 9, 25, 62, 6, 11, 86, 5, 47, 9)(60, 44, 29, 69, 24, 73, 25, 56, 18, 39, 100, 29)(61, 12, 46, 54, 6, 68, 50, 36, 85, 50, 46, 77)(44, 99, 12, 36, 84, 31, 12, 9, 67, 7, 88, 9)(62, 4, 49, 100, 3, 8, 95, 35, 18, 62, 56, 3)(79, 95, 29, 24, 43, 68, 55, 37, 1, 76, 57, 26)
line 131: kNearestNeighbour 1 (1,4,3,9,2,4,6,8,7,4,2,7)
(82, 20, 75, 1, 57, 52, 69, 11, 34, 6, 2, 11)
line 132: kNearestNeighbour 10 (5,10,10,8,1,8,5,10,3,8,1,10)
(82, 20, 75, 1, 57, 52, 69, 11, 34, 6, 2, 11)(44, 81, 43, 11, 21, 92, 5, 57, 21, 42, 6, 70)(89, 63, 71, 9, 25, 62, 6, 11, 86, 5, 47, 9)(60, 44, 29, 69, 24, 73, 25, 56, 18, 39, 100, 29)(61, 12, 46, 54, 6, 68, 50, 36, 85, 50, 46, 77)(62, 4, 49, 100, 3, 8, 95, 35, 18, 62, 56, 3)(44, 99, 12, 36, 84, 31, 12, 9, 67, 7, 88, 9)(79, 95, 29, 24, 43, 68, 55, 37, 1, 76, 57, 26)(36, 50, 84, 25, 26, 19, 96, 73, 18, 25, 48, 98)(84, 93, 68, 26, 54, 14, 94, 44, 2, 12, 6, 69)
line 133: kNearestNeighbour 9 (5,4,6,10,5,1,6,3,4,6,6,7)
(82, 20, 75, 1, 57, 52, 69, 11, 34, 6, 2, 11)(44, 81, 43, 11, 21, 92, 5, 57, 21, 42, 6, 70)(89, 63, 71, 9, 25, 62, 6, 11, 86, 5, 47, 9)(60, 44, 29, 69, 24, 73, 25, 56, 18, 39, 100, 29)(62, 4, 49, 100, 3, 8, 95, 35, 18, 62, 56, 3)(44, 99, 12, 36, 84, 31, 12, 9, 67, 7, 88, 9)(61, 12, 46, 54, 6, 68, 50, 36, 85, 50, 46, 77)(79, 95, 29, 24, 43, 68, 55, 37, 1, 76, 57, 26)(36, 50, 84, 25, 26, 19, 96, 73, 18, 25, 48, 98)
line 134: nearestNeighbour (2,8,8,1,1,6,10,9,9,6,2,7)
(82, 20, 75, 1, 57, 52, 69, 11, 34, 6, 2, 11)
line 135: kNearestNeighbour 2 (5,7,7,9,1,2,9,6,2,8,3,4)
(82, 20, 75, 1, 57, 52, 69, 11, 34, 6, 2, 11)(44, 81, 43, 11, 21, 92, 5, 57, 21, 42, 6, 70)
line 136: kNearestNeighbour 9 (1,6,8,10,9,6,5,8,9,8,7,3)
(82, 20, 75, 1, 57, 52, 69, 11, 34, 6, 2, 11)(44, 81, 43, 11, 21, 92, 5, 57, 21, 42, 6, 70)(89, 63, 71, 9, 25, 62, 6, 11, 86, 5, 47, 9)(60, 44, 29, 69, 24, 73, 25, 56, 18, 39, 100, 29)(44, 99, 12, 36, 84, 31, 12, 9, 67, 7, 88, 9)(62, 4, 49, 100, 3, 8, 95, 35, 18, 62, 56, 3)(61, 12, 46, 54, 6, 68, 50, 36, 85, 50, 46, 77)(79, 95, 29, 24, 43, 68, 55, 37, 1, 76, 57, 26)(74, 20, 34, 36, 97, 38, 60, 74, 53, 18, 58, 77)
line 137: kNearestNeighbour 10 (5,2,1,10,2,8,7,4,2,9,5,7)
(82, 20, 75, 1, 57, 52, 69, 11, 34, 6, 2, 11)(44, 81, 43, 11, 21, 92, 5, 57, 21, 42, 6, 70)(60, 44, 29, 69, 24, 73, 25, 56, 18, 39, 100, 29)(89, 63, 71, 9, 25, 62, 6, 11, 86, 5, 47, 9)(62, 4, 49, 100, 3, 8, 95, 35, 18, 62, 56, 3)(61, 12, 46, 54, 6, 68, 50, 36, 85, 50, 46, 77)(44, 99, 12, 36, 84, 31, 12, 9, 67, 7, 88, 9)(79, 95, 29, 24, 43, 68, 55, 37, 1, 76, 57, 26)(36, 50, 84, 25, 26, 19, 96, 73, 18, 25, 48, 98)(74, 20, 34, 36, 97, 38, 60, 74, 53, 18, 58, 77)
line 138: nearestNeighbour (2,8,2,7,2,2,2,10,6,1,8,7)
(82, 20, 75, 1, 57, 52, 69, 11, 34, 6, 2, 11)
line 139: nearestNeighbour (5,5,1,7,10,10,4,3,10,2,9,7)
(82, 20, 75, 1, 57, 52, 69, 11, 34, 6, 2, 11)
line 140: nearestNeighbour (8,4,5,1,2,6,9,2,6,7,10,2)
(82, 20, 75, 1, 57, 52, 69, 11, 34, 6, 2, 11)
line 141: kNearestNeighbour 8 (8,9,8,3,5,4,3,6,7,5,6,5)
(82, 20, 75, 1, 57, 52, 69, 11, 34, 6, 2, 11)(44, 81, 43, 11, 21, 92, 5, 57, 21, 42, 6, 70)(89, 63, 71, 9, 25, 62, 6, 11, 86, 5, 47, 9)(60, 44, 29, 69, 24, 73, 25, 56, 18, 39, 100, 29)(44, 99, 12, 36, 84, 31, 12, 9, 67, 7, 88, 9)(61, 12, 46, 54, 6, 68, 50, 36, 85, 50, 46, 77)(62, 4, 49, 100, 3, 8, 95, 35, 18, 62, 56, 3)(79, 95, 29, 24, 43, 68, 55, 37, 1, 76, 57, 26)
line 142: nearestNeighbour (7,9,9,3,5,3,2,9,10,8,9,6)
(82, 20, 75, 1, 57, 52, 69, 11, 34, 6, 2, 11)
line 143: nearestNeighbour (7,10,5,4,1,1,3,10,5,5,3,7)
(82, 20, 75, 1, 57, 52, 69, 11, 34, 6, 2, 11)
line 144: kNearestNeighbour 7 (2,9,1,6,7,3,9,10,5,6,7,9)
(82, 20, 75, 1, 57, 52, 69, 11, 34, 6, 2, 11)(44, 81, 43, 11, 21, 92, 5, 57, 21, 42, 6, 70)(60, 44, 29, 69, 24, 73, 25, 56, 18, 39, 100, 29)(89, 63, 71, 9, 25, 62, 6, 11, 86, 5, 47, 9)(44, 99, 12, 36, 84, 31, 12, 9, 67, 7, 88, 9)(62, 4, 49, 100, 3, 8, 95, 35, 18, 62, 56, 3)(61, 12, 46, 54, 6, 68, 50, 36, 85, 50, 46, 77)
line 145: nearestNeighbour (1,10,6,9,3,10,7,7,4,4,1,9)
(82, 20, 75, 1, 57, 52, 69, 11, 34, 6, 2, 11)
line 146: nearestNeighbour (7,8,9,2,4,3,3,7,9,7,5,5)
(82, 20, 75, 1, 57, 52, 69, 11, 34, 6, 2, 11)
line 147: kNearestNeighbour 2 (3,5,9,8,1,2,10,2,10,4,1,3)
(82, 20, 75, 1, 57, 52, 69, 11, 34, 6, 2, 11)(44, 81, 43, 11, 21, 92, 5, 57, 21, 42, 6, 70)
line 148: kNearestNeighbour 2 (5,1,1,9,8,10,8,9,7,1,6,10)
(82, 20, 75, 1, 57, 52, 69, 11, 34, 6, 2, 11)(44, 81, 43, 11, 21, 92, 5, 57, 21, 42, 6, 70)
line 149: nearestNeighbour (1,2,4,1,2,8,8,9,7,5,1,9)
(82, 20, 75, 1, 57, 52, 69, 11, 34, 6, 2, 11)
line 150: nearestNeighbour (1,7,3,3,5,7,1,4,6,3,2,2)
(82, 20, 75, 1, 57, 52, 69, 11, 34, 6, 2, 11)
line 151: kNearestNeighbour 2 (6,10,1,4,3,8,5,5,5,9,2,6)
(82, 20, 75, 1, 57, 52, 69, 11, 34, 6, 2, 11)(44, 81, 43, 11, 21, 92, 5, 57, 21, 42, 6, 70)
line 152: nearestNeighbour (9,6,8,3,2,8,7,5,9,9,5,6)
(82, 20, 75, 1, 57, 52, 69, 11, 34, 6, 2, 11)
line 153: nearestNeighbour (1,8,4,10,6,5,6,2,7,9,3,8)
(82, 20, 75, 1, 57, 52, 69, 11, 34, 6, 2, 11)
line 154: kNearestNeighbour 4 (4,1,4,7,6,7,10,9,9,2,1,1)
(82, 20, 75, 1, 57, 52, 69, 11, 34, 6, 2, 11)(44, 81, 43, 11, 21, 92, 5, 57, 21, 42, 6, 70)(89, 63, 71, 9, 25, 62, 6, 11, 86, 5, 47, 9)(60, 44, 29, 69, 24, 73, 25, 56, 18, 39, 100, 29)
line 155: nearestNeighbour (3,4,9,4,10,7,1,2,3,5,9,10)
(82, 20, 75, 1, 57, 52, 69, 11, 34, 6, 2, 11)
line 156: nearestNeighbour (8,2,2,10,3,8,1,1,5,1,8,8)
(82, 20, 75, 1, 57, 52, 69, 11, 34, 6, 2, 11)
line 157: nearestNeighbour (2,1,10,1,1,1,5,6,8,7,7,7)
(82, 20, 75, 1, 57, 52, 69, 11, 34, 6, 2, 11)
line 158: nearestNeighbour (5,3,7,5,5,6,8,4,8,1,3,5)
(82, 20, 75, 1, 57, 52, 69, 11, 34, 6, 2, 11)
line 159: nearestNeighbour (10,9,7,5,7,9,4,9,7,6,6,4)
(82, 20, 75, 1, 57, 52, 69, 11, 34, 6, 2, 11)
line 160: nearestNeighbour (3,3,8,5,1,10,3,2,10,10,3,8)
(82, 20, 75, 1, 57, 52, 69, 11, 34, 6, 2, 11)
line 161: kNearestNeighbour 8 (7,4,4,9,1,2,2,2,3,7,4,2)
(82, 20, 75, 1, 57, 52, 69, 11, 34, 6, 2, 11)(44, 81, 43, 11, 21, 92, 5, 57, 21, 42, 6, 70)(89, 63, 71, 9, 25, 62, 6, 11, 86, 5, 47, 9)(60, 44, 29, 69, 24, 73, 25, 56, 18, 39, 100, 29)(62, 4, 49, 100, 3, 8, 95, 35, 18, 62, 56, 3)(44, 99, 12, 36, 84, 31, 12, 9, 67, 7, 88, 9)(61, 12, 46, 54, 6, 68, 50, 36, 85, 50, 46, 77)(79, 95, 29, 24, 43, 68, 55, 37, 1, 76, 57, 26)
line 162: kNearestNeighbour 3 (5,8,10,9,10,2,4,3,3,7,1,6)
(82, 20, 75, 1, 57, 52, 69, 11, 34, 6, 2, 11)(44, 81, 43, 11, 21, 92, 5, 57, 21, 42, 6, 70)(89, 63, 71, 9, 25, 62, 6, 11, 86, 5, 47, 9)
line 163: kNearestNeighbour 1 (2,8,8,5,7,6,2,1,10,7,7,4)
(82, 20, 75, 1, 57, 52, 69, 11, 34, 6, 2, 11)
line 164: kNearestNeighbour 4 (9,5,3,3,7,1,5,4,3,2,9,4)
(82, 20, 75, 1, 57, 52, 69, 11, 34, 6, 2, 11)(44, 81, 43, 11, 21, 92, 5, 57, 21, 42, 6, 70)(89, 63, 71, 9, 25, 62, 6, 11, 86, 5, 47, 9)(60, 44, 29, 69, 24, 73, 25, 56, 18, 39, 100, 29)
line 165: kNearestNeighbour 5 (10,6,4,3,6,2,5,5,1,4,7,3)
(82, 20, 75, 1, 57, 52, 69, 11, 34, 6, 2, 11)(44, 81, 43, 11, 21, 92, 5, 57, 21, 42, 6, 70)(89, 63, 71, 9, 25, 62, 6, 11, 86, 5, 47, 9)(60, 44, 29, 69, 24, 73, 25, 56, 18, 39, 100, 29)(44, 99, 12, 36, 84, 31, 12, 9, 67, 7, 88, 9)
line 166: kNearestNeighbour 1 (5,1,7,8,2,9,2,1,3,3,5,4)
(82, 20, 75, 1, 57, 52, 69, 11, 34, 6, 2, 11)
line 167: kNearestNeighbour 10 (7,2,5,10,10,5,9,7,2,7,3,6)
(82, 20, 75, 1, 57, 52, 69, 11, 34, 6, 2, 11)(44, 81, 43, 11, 21, 92, 5, 57, 21, 42, 6, 70)(89, 63, 71, 9, 25, 62, 6, 11, 86, 5, 47, 9)(60, 44, 29, 69, 24, 73, 25, 56, 18, 39, 100, 29)(62, 4, 49, 100, 3, 8, 95, 35, 18, 62, 56, 3)(61, 12, 46, 54, 6, 68, 50, 36, 85, 50, 46, 77)(44, 99, 12, 36, 84, 31, 12, 9, 67, 7, 88, 9)(79, 95, 29, 24, 43, 68, 55, 37, 1, 76, 57, 26)(74, 20, 34, 36, 97, 38, 60, 74, 53, 18, 58, 77)(84, 93, 68, 26, 54, 14, 94, 44, 2, 12, 6, 69)
line 168: nearestNeighbour (2,1,2,10,3,5,7,6,3,10,8,10)
(82, 20, 75, 1, 57, 52, 69, 11, 34, 6, 2, 11)
line 169: kNearestNeighbour 8 (8,6,8,7,7,8,8,8,7,1,8,8)
(82, 20, 75, 1, 57, 52, 69, 11, 34, 6, 2, 11)(44, 81, 43, 11, 21, 92, 5, 57, 21, 42, 6, 70)(89, 63, 71, 9, 25, 62, 6, 11, 86, 5, 47, 9)(60, 44, 29, 69, 24, 73, 25, 56, 18, 39, 100, 29)(44, 99, 12, 36, 84, 31, 12, 9, 67, 7, 88, 9)(61, 12, 46, 54, 6, 68, 50, 36, 85, 50, 46, 77)(62, 4, 49, 100, 3, 8, 95, 35, 18, 62, 56, 3)(79, 95, 29, 24, 43, 68, 55, 37, 1, 76, 57, 26)
line 170: kNearestNeighbour 5 (2,4,5,2,4,6,4,5,7,3,3,8)
(82, 20, 75, 1, 57, 52, 69, 11, 34, 6, 2, 11)(44, 81, 43, 11, 21, 92, 5, 57, 21, 42, 6, 70)(89, 63, 71, 9, 25, 62, 6, 11, 86, 5, 47, 9)(60, 44, 29, 69, 24, 73, 25, 56, 18, 39, 100, 29)(61, 12, 46, 54, 6, 68, 50, 36, 85, 50, 46, 77)
line 171: nearestNeighbour (9,5,10,7,7,3,9,6,10,9,2,5)
(82, 20, 75, 1, 57, 52, 69, 11, 34, 6, 2, 11)
line 172: nearestNeighbour (1,8,1,1,8,10,3,9,7,2,5,9)
(82, 20, 75, 1, 57, 52, 69, 11, 34, 6, 2, 11)
line 173: nearestNeighbour (9,4,7,2,1,6,1,7,9,1,6,1)
(82, 20, 75, 1, 57, 52, 69, 11, 34, 6, 2, 11)
line 174: kNearestNeighbour 6 (10,1,10,3,6,2,7,4,1,5,8,1)
(82, 20, 75, 1, 57, 52, 69, 11, 34, 6, 2, 11)(44, 81, 43, 11, 21, 92, 5, 57, 21, 42, 6, 70)(89, 63, 71, 9, 25, 62, 6, 11, 86, 5, 47, 9)(60, 44, 29, 69, 24, 73, 25, 56, 18, 39, 100, 29)(62, 4, 49, 100, 3, 8, 95, 35, 18, 62, 56, 3)(44, 99, 12, 36, 84, 31, 12, 9, 67, 7, 88, 9)
line 175: nearestNeighbour (5,6,1,8,8,2,6,3,4,10,5,2)
(82, 20, 75, 1, 57, 52, 69, 11, 34, 6, 2, 11)
line 176: kNearestNeighbour 2 (5,7,8,8,8,5,4,1,3,1,1,7)
(82, 20, 75, 1, 57, 52, 69, 11, 34, 6, 2, 11)(44, 81, 43, 11, 21, 92, 5, 57, 21, 42, 6, 70)
line 177: nearestNeighbour (8,7,3,1,8,1,3,9,9,6,4,9)
(82, 20, 75, 1, 57, 52, 69, 11, 34, 6, 2, 11)
line 178: nearestNeighbour (4,7,3,10,10,4,8,2,7,7,7,8)
(82, 20, 75, 1, 57, 52, 69, 11, 34, 6, 2, 11)
line 179: nearestNeighbour (3,3,1,5,1,9,10,9,4,9,7,4)
(82, 20, 75, 1, 57, 52, 69, 11, 34, 6, 2, 11)
line 180: kNearestNeighbour 2 (4,1,4,6,6,7,5,10,8,8,2,6)
(82, 20, 75, 1, 57, 52, 69, 11, 34, 6, 2, 11)(44, 81, 43, 11, 21, 92, 5, 57, 21, 42, 6, 70)
line 181: nearestNeighbour (4,10,3,1,3,6,7,8,3,6,4,9)
(82, 20, 75, 1, 57, 52, 69, 11, 34, 6, 2, 11)
line 182: nearestNeighbour (3,6,3,8,6,10,6,1,3,9,2,4)
(82, 20, 75, 1, 57, 52, 69, 11, 34, 6, 2, 11)
line 183: kNearestNeighbour 2 (4,3,6,9,5,2,9,5,3,2,1,8)
(82, 20, 75, 1, 57, 52, 69, 11, 34, 6, 2, 11)(44, 81, 43, 11, 21, 92, 5, 57, 21, 42, 6, 70)
line 184: nearestNeighbour (7,10,8,10,5,10,3,3,8,7,1,4)
(82, 20, 75, 1, 57, 52, 69, 11, 34, 6, 2, 11)
line 185: nearestNeighbour (4,10,8,1,4,7,8,9,5,4,7,1)
(82, 20, 75, 1, 57, 52, 69, 11, 34, 6, 2, 11)
line 186: kNearestNeighbour 4 (5,6,4,3,1,10,2,6,1,5,8,6)
(82, 20, 75, 1, 57, 52, 69, 11, 34, 6, 2, 11)(44, 81, 43, 11, 21, 92, 5, 57, 21, 42, 6, 70)(89, 63, 71, 9, 25, 62, 6, 11, 86, 5, 47, 9)(60, 44, 29, 69, 24, 73, 25, 56, 18, 39, 100, 29)
line 187: nearestNeighbour (1,7,8,4,10,4,4,4,1,7,2,5)
(82, 20, 75, 1, 57, 52, 69, 11, 34, 6, 2, 11)
line 188: kNearestNeighbour 5 (5,8,1,9,8,7,9,6,9,10,3,2)
(82, 20, 75, 1, 57, 52, 69, 11, 34, 6, 2, 11)(44, 81, 43, 11, 21, 92, 5, 57, 21, 42, 6, 70)(89, 63, 71, 9, 25, 62, 6, 11, 86, 5, 47, 9)(60, 44, 29, 69, 24, 73, 25, 56, 18, 39, 100, 29)(44, 99, 12, 36, 84, 31, 12, 9, 67, 7, 88, 9)
line 189: nearestNeighbour (6,2,6,4,6,5,5,8,3,9,5,6)
(82, 20, 75, 1, 57, 52, 69, 11, 34, 6, 2, 11)
line 190: nearestNeighbour (7,5,10,5,1,3,8,9,2,7,3,3)
(82, 20, 75, 1, 57, 52, 69, 11, 34, 6, 2, 11)
line 191: nearestNeighbour (8,9,2,3,5,5,7,3,3,5,3,3)
(82, 20, 75, 1, 57, 52, 69, 11, 34, 6, 2, 11)
line 192: nearestNeighbour (2,2,10,6,5,6,10,9,8,9,8,2)
(82, 20, 75, 1, 57, 52, 69, 11, 34, 6, 2, 11)
line 193: kNearestNeighbour 4 (6,6,7,9,1,1,8,3,9,6,5,7)
(82, 20, 75, 1, 57, 52, 69, 11, 34, 6, 2, 11)(44, 81, 43, 11, 21, 92, 5, 57, 21, 42, 6, 70)(89, 63, 71, 9, 25, 62, 6, 11, 86, 5, 47, 9)(62, 4, 49, 100, 3, 8, 95, 35, 18, 62, 56, 3)
line 194: kNearestNeighbour 9 (2,5,4,9,8,5,5,8,4,3,5,8)
(82, 20, 75, 1, 57, 52, 69, 11, 34, 6, 2, 11)(44, 81, 43, 11, 21, 92, 5, 57, 21, 42, 6, 70)(89, 63, 71, 9, 25, 62, 6, 11, 86, 5, 47, 9)(60, 44, 29, 69, 24, 73, 25, 56, 18, 39, 100, 29)(44, 99, 12, 36, 84, 31, 12, 9, 67, 7, 88, 9)(62, 4, 49, 100, 3, 8, 95, 35, 18, 62, 56, 3)(61, 12, 46, 54, 6, 68, 50, 36, 85, 50, 46, 77)(79, 95, 29, 24, 43, 68, 55, 37, 1, 76, 57, 26)(36, 50, 84, 25, 26, 19, 96, 73, 18, 25, 48, 98)
line 195: nearestNeighbour (8,10,7,2,5,2,4,4,7,5,4,10)
(82, 20, 75, 1, 57, 52, 69, 11, 34, 6, 2, 11)
line 196: nearestNeighbour (9,7,7,4,4,8,6,1,4,2,3,5)
(82, 20, 75, 1, 57, 52, 69, 11, 34, 6, 2, 11)
line 197: nearestNeighbour (7,7,1,2,10,2,10,2,4,4,6,2)
(82, 20, 75, 1, 57, 52, 69, 11, 34, 6, 2, 11)
line 198: nearestNeighbour (10,2,3,6,7,3,9,10,1,8,4,9)
(82, 20, 75, 1, 57, 52, 69, 11, 34, 6, 2, 11)
line 199: kNearestNeighbour 10 (6,1,1,8,9,5,6,9,2,6,7,7)
