line 1: k=12
line 2: clear
line 3: buildTree 20
(83,67,14,49,98,17,58,62,68,78,25,80) (18,66,6,97,40,76,77,91,100,99,43,17) (31,87,40,98,10,71,14,76,28,52,94,38) (40,58,77,99,43,71,26,19,22,20,71,87) (54,36,98,54,92,81,22,10,66,38,57,67) (16,19,98,53,26,30,32,39,61,94,3,13) (5,4,75,10,12,79,16,64,79,35,76,93) (23,53,31,27,94,89,21,61,36,34,44,63) (20,32,84,52,87,32,66,53,77,85,66,100) (31,76,34,66,38,58,21,73,25,77,69,99) (93,23,10,81,64,35,87,55,4,24,91,22) (60,39,59,18,63,85,79,19,46,49,58,87) (36,99,15,93,52,91,20,49,82,62,82,43) (36,51,15,91,85,75,34,54,65,40,70,70) (98,60,47,4,3,11,35,3,5,17,69,3) (80,93,1,18,68,49,68,29,54,54,79,55) (57,28,59,3,69,26,24,47,77,65,49,35) (34,39,42,77,32,88,21,90,30,66,33,66) (75,89,85,77,38,42,8,61,2,18,22,89) (84,93,71,67,10,4,85,60,75,41,65,46) 
line 4: nodeCount_height_leafCount
nodeCount=20;height=5;leafCount=8
line 5: inorderTraversal
(5, 4, 75, 10, 12, 79, 16, 64, 79, 35, 76, 93) (20, 32, 84, 52, 87, 32, 66, 53, 77, 85, 66, 100) (16, 19, 98, 53, 26, 30, 32, 39, 61, 94, 3, 13) (34, 39, 42, 77, 32, 88, 21, 90, 30, 66, 33, 66) (18, 66, 6, 97, 40, 76, 77, 91, 100, 99, 43, 17) (23, 53, 31, 27, 94, 89, 21, 61, 36, 34, 44, 63) (31, 76, 34, 66, 38, 58, 21, 73, 25, 77, 69, 99) (31, 87, 40, 98, 10, 71, 14, 76, 28, 52, 94, 38) (36, 99, 15, 93, 52, 91, 20, 49, 82, 62, 82, 43) (93, 23, 10, 81, 64, 35, 87, 55, 4, 24, 91, 22) (36, 51, 15, 91, 85, 75, 34, 54, 65, 40, 70, 70) (57, 28, 59, 3, 69, 26, 24, 47, 77, 65, 49, 35) (60, 39, 59, 18, 63, 85, 79, 19, 46, 49, 58, 87) (54, 36, 98, 54, 92, 81, 22, 10, 66, 38, 57, 67) (40, 58, 77, 99, 43, 71, 26, 19, 22, 20, 71, 87) (80, 93, 1, 18, 68, 49, 68, 29, 54, 54, 79, 55) (83, 67, 14, 49, 98, 17, 58, 62, 68, 78, 25, 80) (98, 60, 47, 4, 3, 11, 35, 3, 5, 17, 69, 3) (84, 93, 71, 67, 10, 4, 85, 60, 75, 41, 65, 46) (75, 89, 85, 77, 38, 42, 8, 61, 2, 18, 22, 89) 
line 6: preorderTraversal
(36, 99, 15, 93, 52, 91, 20, 49, 82, 62, 82, 43) (34, 39, 42, 77, 32, 88, 21, 90, 30, 66, 33, 66) (20, 32, 84, 52, 87, 32, 66, 53, 77, 85, 66, 100) (5, 4, 75, 10, 12, 79, 16, 64, 79, 35, 76, 93) (16, 19, 98, 53, 26, 30, 32, 39, 61, 94, 3, 13) (23, 53, 31, 27, 94, 89, 21, 61, 36, 34, 44, 63) (18, 66, 6, 97, 40, 76, 77, 91, 100, 99, 43, 17) (31, 76, 34, 66, 38, 58, 21, 73, 25, 77, 69, 99) (31, 87, 40, 98, 10, 71, 14, 76, 28, 52, 94, 38) (40, 58, 77, 99, 43, 71, 26, 19, 22, 20, 71, 87) (57, 28, 59, 3, 69, 26, 24, 47, 77, 65, 49, 35) (93, 23, 10, 81, 64, 35, 87, 55, 4, 24, 91, 22) (36, 51, 15, 91, 85, 75, 34, 54, 65, 40, 70, 70) (60, 39, 59, 18, 63, 85, 79, 19, 46, 49, 58, 87) (54, 36, 98, 54, 92, 81, 22, 10, 66, 38, 57, 67) (98, 60, 47, 4, 3, 11, 35, 3, 5, 17, 69, 3) (80, 93, 1, 18, 68, 49, 68, 29, 54, 54, 79, 55) (83, 67, 14, 49, 98, 17, 58, 62, 68, 78, 25, 80) (84, 93, 71, 67, 10, 4, 85, 60, 75, 41, 65, 46) (75, 89, 85, 77, 38, 42, 8, 61, 2, 18, 22, 89) 
line 7: postorderTraversal
(5, 4, 75, 10, 12, 79, 16, 64, 79, 35, 76, 93) (16, 19, 98, 53, 26, 30, 32, 39, 61, 94, 3, 13) (20, 32, 84, 52, 87, 32, 66, 53, 77, 85, 66, 100) (18, 66, 6, 97, 40, 76, 77, 91, 100, 99, 43, 17) (31, 87, 40, 98, 10, 71, 14, 76, 28, 52, 94, 38) (31, 76, 34, 66, 38, 58, 21, 73, 25, 77, 69, 99) (23, 53, 31, 27, 94, 89, 21, 61, 36, 34, 44, 63) (34, 39, 42, 77, 32, 88, 21, 90, 30, 66, 33, 66) (36, 51, 15, 91, 85, 75, 34, 54, 65, 40, 70, 70) (93, 23, 10, 81, 64, 35, 87, 55, 4, 24, 91, 22) (54, 36, 98, 54, 92, 81, 22, 10, 66, 38, 57, 67) (60, 39, 59, 18, 63, 85, 79, 19, 46, 49, 58, 87) (57, 28, 59, 3, 69, 26, 24, 47, 77, 65, 49, 35) (83, 67, 14, 49, 98, 17, 58, 62, 68, 78, 25, 80) (80, 93, 1, 18, 68, 49, 68, 29, 54, 54, 79, 55) (75, 89, 85, 77, 38, 42, 8, 61, 2, 18, 22, 89) (84, 93, 71, 67, 10, 4, 85, 60, 75, 41, 65, 46) (98, 60, 47, 4, 3, 11, 35, 3, 5, 17, 69, 3) (40, 58, 77, 99, 43, 71, 26, 19, 22, 20, 71, 87) (36, 99, 15, 93, 52, 91, 20, 49, 82, 62, 82, 43) 
line 8: kNearestNeighbour 10 (7,3,9,7,3,10,3,2,7,3,10,10)
(98, 60, 47, 4, 3, 11, 35, 3, 5, 17, 69, 3)(57, 28, 59, 3, 69, 26, 24, 47, 77, 65, 49, 35)(16, 19, 98, 53, 26, 30, 32, 39, 61, 94, 3, 13)(23, 53, 31, 27, 94, 89, 21, 61, 36, 34, 44, 63)(5, 4, 75, 10, 12, 79, 16, 64, 79, 35, 76, 93)(34, 39, 42, 77, 32, 88, 21, 90, 30, 66, 33, 66)(40, 58, 77, 99, 43, 71, 26, 19, 22, 20, 71, 87)(60, 39, 59, 18, 63, 85, 79, 19, 46, 49, 58, 87)(93, 23, 10, 81, 64, 35, 87, 55, 4, 24, 91, 22)(75, 89, 85, 77, 38, 42, 8, 61, 2, 18, 22, 89)
line 9: nearestNeighbour (9,3,6,1,10,8,6,3,2,7,8,7)
(98, 60, 47, 4, 3, 11, 35, 3, 5, 17, 69, 3)
line 10: kNearestNeighbour 1 (7,7,1,1,4,5,4,4,6,8,1,1)
(98, 60, 47, 4, 3, 11, 35, 3, 5, 17, 69, 3)
line 11: nearestNeighbour (4,3,9,7,3,6,2,4,9,1,4,4)
(98, 60, 47, 4, 3, 11, 35, 3, 5, 17, 69, 3)
line 12: kNearestNeighbour 9 (9,2,1,6,3,8,2,1,9,5,10,3)
(98, 60, 47, 4, 3, 11, 35, 3, 5, 17, 69, 3)(57, 28, 59, 3, 69, 26, 24, 47, 77, 65, 49, 35)(16, 19, 98, 53, 26, 30, 32, 39, 61, 94, 3, 13)(23, 53, 31, 27, 94, 89, 21, 61, 36, 34, 44, 63)(34, 39, 42, 77, 32, 88, 21, 90, 30, 66, 33, 66)(5, 4, 75, 10, 12, 79, 16, 64, 79, 35, 76, 93)(93, 23, 10, 81, 64, 35, 87, 55, 4, 24, 91, 22)(60, 39, 59, 18, 63, 85, 79, 19, 46, 49, 58, 87)(40, 58, 77, 99, 43, 71, 26, 19, 22, 20, 71, 87)
line 13: nearestNeighbour (2,1,10,7,8,5,4,9,6,1,7,3)
(98, 60, 47, 4, 3, 11, 35, 3, 5, 17, 69, 3)
line 14: nearestNeighbour (10,10,9,2,6,1,5,10,9,1,8,6)
(98, 60, 47, 4, 3, 11, 35, 3, 5, 17, 69, 3)
line 15: nearestNeighbour (3,9,10,6,4,2,2,1,4,2,1,2)
(98, 60, 47, 4, 3, 11, 35, 3, 5, 17, 69, 3)
line 16: nearestNeighbour (1,7,2,9,10,4,4,8,7,7,10,1)
(98, 60, 47, 4, 3, 11, 35, 3, 5, 17, 69, 3)
line 17: kNearestNeighbour 2 (8,9,4,2,5,8,4,8,2,8,2,2)
(98, 60, 47, 4, 3, 11, 35, 3, 5, 17, 69, 3)(57, 28, 59, 3, 69, 26, 24, 47, 77, 65, 49, 35)
line 18: nearestNeighbour (5,6,7,8,8,7,10,10,9,2,9,2)
(98, 60, 47, 4, 3, 11, 35, 3, 5, 17, 69, 3)
line 19: kNearestNeighbour 7 (8,8,10,3,5,8,5,1,9,8,5,8)
(98, 60, 47, 4, 3, 11, 35, 3, 5, 17, 69, 3)(57, 28, 59, 3, 69, 26, 24, 47, 77, 65, 49, 35)(16, 19, 98, 53, 26, 30, 32, 39, 61, 94, 3, 13)(23, 53, 31, 27, 94, 89, 21, 61, 36, 34, 44, 63)(5, 4, 75, 10, 12, 79, 16, 64, 79, 35, 76, 93)(34, 39, 42, 77, 32, 88, 21, 90, 30, 66, 33, 66)(60, 39, 59, 18, 63, 85, 79, 19, 46, 49, 58, 87)
line 20: kNearestNeighbour 2 (7,6,10,1,4,3,6,2,2,8,3,2)
(98, 60, 47, 4, 3, 11, 35, 3, 5, 17, 69, 3)(57, 28, 59, 3, 69, 26, 24, 47, 77, 65, 49, 35)
line 21: nearestNeighbour (5,10,2,8,5,6,8,1,9,4,10,3)
(98, 60, 47, 4, 3, 11, 35, 3, 5, 17, 69, 3)
line 22: nearestNeighbour (3,4,6,9,2,3,4,1,10,1,4,3)
(98, 60, 47, 4, 3, 11, 35, 3, 5, 17, 69, 3)
line 23: kNearestNeighbour 3 (5,3,7,5,1,10,2,4,4,1,7,7)
(98, 60, 47, 4, 3, 11, 35, 3, 5, 17, 69, 3)(57, 28, 59, 3, 69, 26, 24, 47, 77, 65, 49, 35)(16, 19, 98, 53, 26, 30, 32, 39, 61, 94, 3, 13)
line 24: kNearestNeighbour 3 (4,2,2,7,10,6,3,9,2,5,4,7)
(98, 60, 47, 4, 3, 11, 35, 3, 5, 17, 69, 3)(57, 28, 59, 3, 69, 26, 24, 47, 77, 65, 49, 35)(16, 19, 98, 53, 26, 30, 32, 39, 61, 94, 3, 13)
line 25: kNearestNeighbour 9 (10,5,8,3,1,5,9,4,10,7,6,4)
(98, 60, 47, 4, 3, 11, 35, 3, 5, 17, 69, 3)(57, 28, 59, 3, 69, 26, 24, 47, 77, 65, 49, 35)(16, 19, 98, 53, 26, 30, 32, 39, 61, 94, 3, 13)(23, 53, 31, 27, 94, 89, 21, 61, 36, 34, 44, 63)(5, 4, 75, 10, 12, 79, 16, 64, 79, 35, 76, 93)(34, 39, 42, 77, 32, 88, 21, 90, 30, 66, 33, 66)(60, 39, 59, 18, 63, 85, 79, 19, 46, 49, 58, 87)(93, 23, 10, 81, 64, 35, 87, 55, 4, 24, 91, 22)(80, 93, 1, 18, 68, 49, 68, 29, 54, 54, 79, 55)
line 26: kNearestNeighbour 3 (6,6,7,6,9,4,7,8,9,10,5,6)
(98, 60, 47, 4, 3, 11, 35, 3, 5, 17, 69, 3)(57, 28, 59, 3, 69, 26, 24, 47, 77, 65, 49, 35)(16, 19, 98, 53, 26, 30, 32, 39, 61, 94, 3, 13)
line 27: nearestNeighbour (9,9,10,2,5,6,5,2,2,8,1,4)
(98, 60, 47, 4, 3, 11, 35, 3, 5, 17, 69, 3)
line 28: nearestNeighbour (1,3,3,10,6,8,8,6,2,5,10,10)
(98, 60, 47, 4, 3, 11, 35, 3, 5, 17, 69, 3)
line 29: nearestNeighbour (2,8,10,10,9,9,2,2,8,9,7,5)
(98, 60, 47, 4, 3, 11, 35, 3, 5, 17, 69, 3)
line 30: nearestNeighbour (3,10,4,4,3,6,4,6,6,1,7,9)
(98, 60, 47, 4, 3, 11, 35, 3, 5, 17, 69, 3)
line 31: nearestNeighbour (8,7,8,3,7,10,4,2,3,8,1,5)
(98, 60, 47, 4, 3, 11, 35, 3, 5, 17, 69, 3)
line 32: nearestNeighbour (6,6,7,10,5,7,4,5,10,9,1,10)
(98, 60, 47, 4, 3, 11, 35, 3, 5, 17, 69, 3)
line 33: kNearestNeighbour 2 (7,6,3,3,5,7,6,2,3,9,7,1)
(98, 60, 47, 4, 3, 11, 35, 3, 5, 17, 69, 3)(57, 28, 59, 3, 69, 26, 24, 47, 77, 65, 49, 35)
line 34: kNearestNeighbour 3 (9,2,1,10,5,3,1,3,2,3,8,3)
(98, 60, 47, 4, 3, 11, 35, 3, 5, 17, 69, 3)(57, 28, 59, 3, 69, 26, 24, 47, 77, 65, 49, 35)(16, 19, 98, 53, 26, 30, 32, 39, 61, 94, 3, 13)
line 35: kNearestNeighbour 9 (9,1,6,10,9,1,2,6,8,4,9,4)
(98, 60, 47, 4, 3, 11, 35, 3, 5, 17, 69, 3)(57, 28, 59, 3, 69, 26, 24, 47, 77, 65, 49, 35)(16, 19, 98, 53, 26, 30, 32, 39, 61, 94, 3, 13)(23, 53, 31, 27, 94, 89, 21, 61, 36, 34, 44, 63)(34, 39, 42, 77, 32, 88, 21, 90, 30, 66, 33, 66)(5, 4, 75, 10, 12, 79, 16, 64, 79, 35, 76, 93)(93, 23, 10, 81, 64, 35, 87, 55, 4, 24, 91, 22)(40, 58, 77, 99, 43, 71, 26, 19, 22, 20, 71, 87)(60, 39, 59, 18, 63, 85, 79, 19, 46, 49, 58, 87)
line 36: nearestNeighbour (6,1,4,10,8,2,5,4,10,8,5,9)
(98, 60, 47, 4, 3, 11, 35, 3, 5, 17, 69, 3)
line 37: kNearestNeighbour 5 (8,1,2,8,4,7,10,8,8,6,8,9)
(98, 60, 47, 4, 3, 11, 35, 3, 5, 17, 69, 3)(57, 28, 59, 3, 69, 26, 24, 47, 77, 65, 49, 35)(16, 19, 98, 53, 26, 30, 32, 39, 61, 94, 3, 13)(23, 53, 31, 27, 94, 89, 21, 61, 36, 34, 44, 63)(34, 39, 42, 77, 32, 88, 21, 90, 30, 66, 33, 66)
line 38: kNearestNeighbour 2 (10,8,9,4,2,7,9,2,9,6,6,5)
(98, 60, 47, 4, 3, 11, 35, 3, 5, 17, 69, 3)(57, 28, 59, 3, 69, 26, 24, 47, 77, 65, 49, 35)
line 39: nearestNeighbour (1,2,2,3,8,3,8,7,4,10,1,2)
(98, 60, 47, 4, 3, 11, 35, 3, 5, 17, 69, 3)
line 40: kNearestNeighbour 7 (9,10,10,5,9,4,1,8,5,6,5,3)
(98, 60, 47, 4, 3, 11, 35, 3, 5, 17, 69, 3)(57, 28, 59, 3, 69, 26, 24, 47, 77, 65, 49, 35)(16, 19, 98, 53, 26, 30, 32, 39, 61, 94, 3, 13)(23, 53, 31, 27, 94, 89, 21, 61, 36, 34, 44, 63)(34, 39, 42, 77, 32, 88, 21, 90, 30, 66, 33, 66)(5, 4, 75, 10, 12, 79, 16, 64, 79, 35, 76, 93)(75, 89, 85, 77, 38, 42, 8, 61, 2, 18, 22, 89)
line 41: nearestNeighbour (8,8,7,6,10,7,2,8,7,1,4,7)
(98, 60, 47, 4, 3, 11, 35, 3, 5, 17, 69, 3)
line 42: kNearestNeighbour 7 (9,10,2,9,10,7,8,7,3,2,4,2)
(98, 60, 47, 4, 3, 11, 35, 3, 5, 17, 69, 3)(57, 28, 59, 3, 69, 26, 24, 47, 77, 65, 49, 35)(16, 19, 98, 53, 26, 30, 32, 39, 61, 94, 3, 13)(23, 53, 31, 27, 94, 89, 21, 61, 36, 34, 44, 63)(34, 39, 42, 77, 32, 88, 21, 90, 30, 66, 33, 66)(93, 23, 10, 81, 64, 35, 87, 55, 4, 24, 91, 22)(5, 4, 75, 10, 12, 79, 16, 64, 79, 35, 76, 93)
line 43: kNearestNeighbour 10 (3,6,6,6,7,10,5,3,2,3,4,8)
(98, 60, 47, 4, 3, 11, 35, 3, 5, 17, 69, 3)(57, 28, 59, 3, 69, 26, 24, 47, 77, 65, 49, 35)(16, 19, 98, 53, 26, 30, 32, 39, 61, 94, 3, 13)(23, 53, 31, 27, 94, 89, 21, 61, 36, 34, 44, 63)(34, 39, 42, 77, 32, 88, 21, 90, 30, 66, 33, 66)(5, 4, 75, 10, 12, 79, 16, 64, 79, 35, 76, 93)(40, 58, 77, 99, 43, 71, 26, 19, 22, 20, 71, 87)(60, 39, 59, 18, 63, 85, 79, 19, 46, 49, 58, 87)(93, 23, 10, 81, 64, 35, 87, 55, 4, 24, 91, 22)(75, 89, 85, 77, 38, 42, 8, 61, 2, 18, 22, 89)
line 44: nearestNeighbour (3,7,10,9,2,8,3,9,6,4,4,5)
(98, 60, 47, 4, 3, 11, 35, 3, 5, 17, 69, 3)
line 45: nearestNeighbour (10,5,3,5,2,6,4,10,5,7,8,7)
(98, 60, 47, 4, 3, 11, 35, 3, 5, 17, 69, 3)
line 46: nearestNeighbour (6,8,3,5,10,9,6,7,4,6,7,7)
(98, 60, 47, 4, 3, 11, 35, 3, 5, 17, 69, 3)
line 47: nearestNeighbour (2,6,10,7,9,2,2,3,8,2,9,4)
(98, 60, 47, 4, 3, 11, 35, 3, 5, 17, 69, 3)
line 48: kNearestNeighbour 3 (5,6,1,5,2,2,2,9,2,10,7,7)
(98, 60, 47, 4, 3, 11, 35, 3, 5, 17, 69, 3)(57, 28, 59, 3, 69, 26, 24, 47, 77, 65, 49, 35)(16, 19, 98, 53, 26, 30, 32, 39, 61, 94, 3, 13)
line 49: kNearestNeighbour 1 (4,2,2,3,6,9,5,8,3,4,10,4)
(98, 60, 47, 4, 3, 11, 35, 3, 5, 17, 69, 3)
line 50: nearestNeighbour (9,4,2,6,1,8,5,9,6,8,6,1)
(98, 60, 47, 4, 3, 11, 35, 3, 5, 17, 69, 3)
line 51: kNearestNeighbour 8 (4,2,5,10,5,3,6,9,1,8,8,8)
(98, 60, 47, 4, 3, 11, 35, 3, 5, 17, 69, 3)(57, 28, 59, 3, 69, 26, 24, 47, 77, 65, 49, 35)(16, 19, 98, 53, 26, 30, 32, 39, 61, 94, 3, 13)(23, 53, 31, 27, 94, 89, 21, 61, 36, 34, 44, 63)(34, 39, 42, 77, 32, 88, 21, 90, 30, 66, 33, 66)(5, 4, 75, 10, 12, 79, 16, 64, 79, 35, 76, 93)(93, 23, 10, 81, 64, 35, 87, 55, 4, 24, 91, 22)(40, 58, 77, 99, 43, 71, 26, 19, 22, 20, 71, 87)
line 52: nearestNeighbour (8,7,9,5,2,7,2,1,1,4,2,6)
(98, 60, 47, 4, 3, 11, 35, 3, 5, 17, 69, 3)
line 53: nearestNeighbour (2,3,5,8,1,6,4,2,8,2,5,6)
(98, 60, 47, 4, 3, 11, 35, 3, 5, 17, 69, 3)
line 54: nearestNeighbour (10,1,8,8,2,8,7,9,4,3,6,10)
(98, 60, 47, 4, 3, 11, 35, 3, 5, 17, 69, 3)
line 55: kNearestNeighbour 8 (10,2,3,7,10,1,10,3,6,9,4,3)
(98, 60, 47, 4, 3, 11, 35, 3, 5, 17, 69, 3)(57, 28, 59, 3, 69, 26, 24, 47, 77, 65, 49, 35)(16, 19, 98, 53, 26, 30, 32, 39, 61, 94, 3, 13)(23, 53, 31, 27, 94, 89, 21, 61, 36, 34, 44, 63)(34, 39, 42, 77, 32, 88, 21, 90, 30, 66, 33, 66)(93, 23, 10, 81, 64, 35, 87, 55, 4, 24, 91, 22)(5, 4, 75, 10, 12, 79, 16, 64, 79, 35, 76, 93)(60, 39, 59, 18, 63, 85, 79, 19, 46, 49, 58, 87)
line 56: kNearestNeighbour 1 (10,2,7,6,1,4,7,6,5,10,4,9)
(98, 60, 47, 4, 3, 11, 35, 3, 5, 17, 69, 3)
line 57: nearestNeighbour (5,4,6,10,2,4,9,3,5,7,7,7)
(98, 60, 47, 4, 3, 11, 35, 3, 5, 17, 69, 3)
line 58: nearestNeighbour (5,10,4,1,3,10,2,3,3,7,7,9)
(98, 60, 47, 4, 3, 11, 35, 3, 5, 17, 69, 3)
line 59: nearestNeighbour (5,8,4,7,4,3,9,3,8,4,5,5)
(98, 60, 47, 4, 3, 11, 35, 3, 5, 17, 69, 3)
line 60: kNearestNeighbour 9 (1,5,4,10,6,10,3,6,7,3,4,5)
(98, 60, 47, 4, 3, 11, 35, 3, 5, 17, 69, 3)(57, 28, 59, 3, 69, 26, 24, 47, 77, 65, 49, 35)(16, 19, 98, 53, 26, 30, 32, 39, 61, 94, 3, 13)(23, 53, 31, 27, 94, 89, 21, 61, 36, 34, 44, 63)(34, 39, 42, 77, 32, 88, 21, 90, 30, 66, 33, 66)(5, 4, 75, 10, 12, 79, 16, 64, 79, 35, 76, 93)(40, 58, 77, 99, 43, 71, 26, 19, 22, 20, 71, 87)(93, 23, 10, 81, 64, 35, 87, 55, 4, 24, 91, 22)(60, 39, 59, 18, 63, 85, 79, 19, 46, 49, 58, 87)
line 61: nearestNeighbour (7,7,10,4,3,1,1,5,5,5,10,6)
(98, 60, 47, 4, 3, 11, 35, 3, 5, 17, 69, 3)
line 62: kNearestNeighbour 4 (7,9,4,1,2,2,1,1,4,7,9,6)
(98, 60, 47, 4, 3, 11, 35, 3, 5, 17, 69, 3)(57, 28, 59, 3, 69, 26, 24, 47, 77, 65, 49, 35)(16, 19, 98, 53, 26, 30, 32, 39, 61, 94, 3, 13)(23, 53, 31, 27, 94, 89, 21, 61, 36, 34, 44, 63)
line 63: nearestNeighbour (4,1,5,7,7,3,5,7,3,10,3,8)
(98, 60, 47, 4, 3, 11, 35, 3, 5, 17, 69, 3)
line 64: nearestNeighbour (8,6,5,5,2,2,5,6,5,5,8,5)
(98, 60, 47, 4, 3, 11, 35, 3, 5, 17, 69, 3)
line 65: nearestNeighbour (10,2,3,8,2,5,9,5,7,1,8,8)
(98, 60, 47, 4, 3, 11, 35, 3, 5, 17, 69, 3)
line 66: kNearestNeighbour 7 (6,4,2,7,3,4,2,5,2,1,7,10)
(98, 60, 47, 4, 3, 11, 35, 3, 5, 17, 69, 3)(57, 28, 59, 3, 69, 26, 24, 47, 77, 65, 49, 35)(16, 19, 98, 53, 26, 30, 32, 39, 61, 94, 3, 13)(23, 53, 31, 27, 94, 89, 21, 61, 36, 34, 44, 63)(34, 39, 42, 77, 32, 88, 21, 90, 30, 66, 33, 66)(5, 4, 75, 10, 12, 79, 16, 64, 79, 35, 76, 93)(93, 23, 10, 81, 64, 35, 87, 55, 4, 24, 91, 22)
line 67: nearestNeighbour (6,2,2,3,7,10,9,6,7,1,1,5)
(98, 60, 47, 4, 3, 11, 35, 3, 5, 17, 69, 3)
line 68: kNearestNeighbour 9 (1,9,4,2,7,6,2,2,7,5,2,5)
(98, 60, 47, 4, 3, 11, 35, 3, 5, 17, 69, 3)(57, 28, 59, 3, 69, 26, 24, 47, 77, 65, 49, 35)(16, 19, 98, 53, 26, 30, 32, 39, 61, 94, 3, 13)(23, 53, 31, 27, 94, 89, 21, 61, 36, 34, 44, 63)(34, 39, 42, 77, 32, 88, 21, 90, 30, 66, 33, 66)(5, 4, 75, 10, 12, 79, 16, 64, 79, 35, 76, 93)(60, 39, 59, 18, 63, 85, 79, 19, 46, 49, 58, 87)(40, 58, 77, 99, 43, 71, 26, 19, 22, 20, 71, 87)(80, 93, 1, 18, 68, 49, 68, 29, 54, 54, 79, 55)
line 69: nearestNeighbour (1,1,2,1,9,9,2,1,1,5,9,3)
(98, 60, 47, 4, 3, 11, 35, 3, 5, 17, 69, 3)
line 70: kNearestNeighbour 3 (2,3,9,4,8,2,10,2,8,10,6,5)
(98, 60, 47, 4, 3, 11, 35, 3, 5, 17, 69, 3)(57, 28, 59, 3, 69, 26, 24, 47, 77, 65, 49, 35)(16, 19, 98, 53, 26, 30, 32, 39, 61, 94, 3, 13)
line 71: kNearestNeighbour 7 (8,7,1,8,10,5,3,6,10,9,4,10)
(98, 60, 47, 4, 3, 11, 35, 3, 5, 17, 69, 3)(57, 28, 59, 3, 69, 26, 24, 47, 77, 65, 49, 35)(16, 19, 98, 53, 26, 30, 32, 39, 61, 94, 3, 13)(23, 53, 31, 27, 94, 89, 21, 61, 36, 34, 44, 63)(34, 39, 42, 77, 32, 88, 21, 90, 30, 66, 33, 66)(5, 4, 75, 10, 12, 79, 16, 64, 79, 35, 76, 93)(60, 39, 59, 18, 63, 85, 79, 19, 46, 49, 58, 87)
line 72: nearestNeighbour (5,5,2,6,3,4,2,2,2,5,8,6)
(98, 60, 47, 4, 3, 11, 35, 3, 5, 17, 69, 3)
line 73: nearestNeighbour (10,8,7,10,7,2,3,8,1,4,2,6)
(98, 60, 47, 4, 3, 11, 35, 3, 5, 17, 69, 3)
line 74: nearestNeighbour (4,10,1,1,10,9,9,6,5,9,4,8)
(98, 60, 47, 4, 3, 11, 35, 3, 5, 17, 69, 3)
line 75: nearestNeighbour (4,5,2,9,5,9,3,6,9,9,6,2)
(98, 60, 47, 4, 3, 11, 35, 3, 5, 17, 69, 3)
line 76: nearestNeighbour (2,3,8,2,6,3,5,2,4,1,5,3)
(98, 60, 47, 4, 3, 11, 35, 3, 5, 17, 69, 3)
line 77: nearestNeighbour (3,5,8,1,4,4,8,10,10,10,4,9)
(98, 60, 47, 4, 3, 11, 35, 3, 5, 17, 69, 3)
line 78: nearestNeighbour (5,3,10,10,6,3,6,8,2,7,10,5)
(98, 60, 47, 4, 3, 11, 35, 3, 5, 17, 69, 3)
line 79: kNearestNeighbour 2 (6,1,6,8,10,4,4,7,3,3,7,3)
(98, 60, 47, 4, 3, 11, 35, 3, 5, 17, 69, 3)(57, 28, 59, 3, 69, 26, 24, 47, 77, 65, 49, 35)
line 80: kNearestNeighbour 6 (9,8,7,1,9,1,10,7,8,8,5,2)
(98, 60, 47, 4, 3, 11, 35, 3, 5, 17, 69, 3)(57, 28, 59, 3, 69, 26, 24, 47, 77, 65, 49, 35)(16, 19, 98, 53, 26, 30, 32, 39, 61, 94, 3, 13)(23, 53, 31, 27, 94, 89, 21, 61, 36, 34, 44, 63)(34, 39, 42, 77, 32, 88, 21, 90, 30, 66, 33, 66)(5, 4, 75, 10, 12, 79, 16, 64, 79, 35, 76, 93)
line 81: kNearestNeighbour 10 (5,3,4,1,10,1,2,4,4,2,10,2)
(98, 60, 47, 4, 3, 11, 35, 3, 5, 17, 69, 3)(57, 28, 59, 3, 69, 26, 24, 47, 77, 65, 49, 35)(16, 19, 98, 53, 26, 30, 32, 39, 61, 94, 3, 13)(23, 53, 31, 27, 94, 89, 21, 61, 36, 34, 44, 63)(5, 4, 75, 10, 12, 79, 16, 64, 79, 35, 76, 93)(34, 39, 42, 77, 32, 88, 21, 90, 30, 66, 33, 66)(93, 23, 10, 81, 64, 35, 87, 55, 4, 24, 91, 22)(60, 39, 59, 18, 63, 85, 79, 19, 46, 49, 58, 87)(80, 93, 1, 18, 68, 49, 68, 29, 54, 54, 79, 55)(40, 58, 77, 99, 43, 71, 26, 19, 22, 20, 71, 87)
line 82: nearestNeighbour (4,1,3,4,7,6,8,3,6,10,4,10)
(98, 60, 47, 4, 3, 11, 35, 3, 5, 17, 69, 3)
line 83: kNearestNeighbour 8 (8,3,9,2,10,5,5,2,10,5,7,7)
(98, 60, 47, 4, 3, 11, 35, 3, 5, 17, 69, 3)(57, 28, 59, 3, 69, 26, 24, 47, 77, 65, 49, 35)(16, 19, 98, 53, 26, 30, 32, 39, 61, 94, 3, 13)(23, 53, 31, 27, 94, 89, 21, 61, 36, 34, 44, 63)(5, 4, 75, 10, 12, 79, 16, 64, 79, 35, 76, 93)(34, 39, 42, 77, 32, 88, 21, 90, 30, 66, 33, 66)(60, 39, 59, 18, 63, 85, 79, 19, 46, 49, 58, 87)(93, 23, 10, 81, 64, 35, 87, 55, 4, 24, 91, 22)
line 84: kNearestNeighbour 10 (5,10,1,8,2,5,9,4,10,5,3,7)
(98, 60, 47, 4, 3, 11, 35, 3, 5, 17, 69, 3)(57, 28, 59, 3, 69, 26, 24, 47, 77, 65, 49, 35)(16, 19, 98, 53, 26, 30, 32, 39, 61, 94, 3, 13)(23, 53, 31, 27, 94, 89, 21, 61, 36, 34, 44, 63)(34, 39, 42, 77, 32, 88, 21, 90, 30, 66, 33, 66)(5, 4, 75, 10, 12, 79, 16, 64, 79, 35, 76, 93)(93, 23, 10, 81, 64, 35, 87, 55, 4, 24, 91, 22)(60, 39, 59, 18, 63, 85, 79, 19, 46, 49, 58, 87)(80, 93, 1, 18, 68, 49, 68, 29, 54, 54, 79, 55)(40, 58, 77, 99, 43, 71, 26, 19, 22, 20, 71, 87)
line 85: kNearestNeighbour 3 (2,5,3,8,3,8,9,6,8,10,6,6)
(98, 60, 47, 4, 3, 11, 35, 3, 5, 17, 69, 3)(57, 28, 59, 3, 69, 26, 24, 47, 77, 65, 49, 35)(16, 19, 98, 53, 26, 30, 32, 39, 61, 94, 3, 13)
line 86: nearestNeighbour (5,1,8,2,4,6,3,3,9,4,10,2)
(98, 60, 47, 4, 3, 11, 35, 3, 5, 17, 69, 3)
line 87: nearestNeighbour (10,9,2,9,9,9,1,3,7,10,8,4)
(98, 60, 47, 4, 3, 11, 35, 3, 5, 17, 69, 3)
line 88: nearestNeighbour (3,3,9,6,5,1,3,8,3,2,5,8)
(98, 60, 47, 4, 3, 11, 35, 3, 5, 17, 69, 3)
line 89: nearestNeighbour (2,4,5,5,2,4,10,6,10,1,3,4)
(98, 60, 47, 4, 3, 11, 35, 3, 5, 17, 69, 3)
line 90: kNearestNeighbour 7 (10,7,10,4,9,10,9,2,7,6,8,7)
(98, 60, 47, 4, 3, 11, 35, 3, 5, 17, 69, 3)(57, 28, 59, 3, 69, 26, 24, 47, 77, 65, 49, 35)(16, 19, 98, 53, 26, 30, 32, 39, 61, 94, 3, 13)(23, 53, 31, 27, 94, 89, 21, 61, 36, 34, 44, 63)(34, 39, 42, 77, 32, 88, 21, 90, 30, 66, 33, 66)(5, 4, 75, 10, 12, 79, 16, 64, 79, 35, 76, 93)(60, 39, 59, 18, 63, 85, 79, 19, 46, 49, 58, 87)
line 91: nearestNeighbour (2,9,5,10,4,4,8,6,7,8,2,9)
(98, 60, 47, 4, 3, 11, 35, 3, 5, 17, 69, 3)
line 92: kNearestNeighbour 5 (4,6,7,7,7,9,2,2,2,7,10,7)
(98, 60, 47, 4, 3, 11, 35, 3, 5, 17, 69, 3)(57, 28, 59, 3, 69, 26, 24, 47, 77, 65, 49, 35)(16, 19, 98, 53, 26, 30, 32, 39, 61, 94, 3, 13)(23, 53, 31, 27, 94, 89, 21, 61, 36, 34, 44, 63)(34, 39, 42, 77, 32, 88, 21, 90, 30, 66, 33, 66)
line 93: nearestNeighbour (10,9,6,3,7,5,10,3,2,4,10,10)
(98, 60, 47, 4, 3, 11, 35, 3, 5, 17, 69, 3)
line 94: kNearestNeighbour 10 (6,8,2,9,3,7,4,8,10,5,3,10)
(98, 60, 47, 4, 3, 11, 35, 3, 5, 17, 69, 3)(57, 28, 59, 3, 69, 26, 24, 47, 77, 65, 49, 35)(16, 19, 98, 53, 26, 30, 32, 39, 61, 94, 3, 13)(23, 53, 31, 27, 94, 89, 21, 61, 36, 34, 44, 63)(34, 39, 42, 77, 32, 88, 21, 90, 30, 66, 33, 66)(5, 4, 75, 10, 12, 79, 16, 64, 79, 35, 76, 93)(40, 58, 77, 99, 43, 71, 26, 19, 22, 20, 71, 87)(60, 39, 59, 18, 63, 85, 79, 19, 46, 49, 58, 87)(93, 23, 10, 81, 64, 35, 87, 55, 4, 24, 91, 22)(75, 89, 85, 77, 38, 42, 8, 61, 2, 18, 22, 89)
line 95: nearestNeighbour (4,3,4,9,9,2,6,6,4,3,4,2)
(98, 60, 47, 4, 3, 11, 35, 3, 5, 17, 69, 3)
line 96: nearestNeighbour (7,9,10,4,10,6,2,10,3,6,3,9)
(98, 60, 47, 4, 3, 11, 35, 3, 5, 17, 69, 3)
line 97: nearestNeighbour (3,1,3,2,7,8,4,7,9,7,2,9)
(98, 60, 47, 4, 3, 11, 35, 3, 5, 17, 69, 3)
line 98: kNearestNeighbour 2 (7,8,9,1,1,10,7,4,7,9,4,7)
(98, 60, 47, 4, 3, 11, 35, 3, 5, 17, 69, 3)(57, 28, 59, 3, 69, 26, 24, 47, 77, 65, 49, 35)
line 99: kNearestNeighbour 3 (8,7,7,6,2,7,4,2,9,9,5,5)
(98, 60, 47, 4, 3, 11, 35, 3, 5, 17, 69, 3)(57, 28, 59, 3, 69, 26, 24, 47, 77, 65, 49, 35)(16, 19, 98, 53, 26, 30, 32, 39, 61, 94, 3, 13)
line 100: kNearestNeighbour 10 (8,9,1,7,7,5,10,5,5,6,6,3)
(98, 60, 47, 4, 3, 11, 35, 3, 5, 17, 69, 3)(57, 28, 59, 3, 69, 26, 24, 47, 77, 65, 49, 35)(16, 19, 98, 53, 26, 30, 32, 39, 61, 94, 3, 13)(23, 53, 31, 27, 94, 89, 21, 61, 36, 34, 44, 63)(34, 39, 42, 77, 32, 88, 21, 90, 30, 66, 33, 66)(93, 23, 10, 81, 64, 35, 87, 55, 4, 24, 91, 22)(5, 4, 75, 10, 12, 79, 16, 64, 79, 35, 76, 93)(80, 93, 1, 18, 68, 49, 68, 29, 54, 54, 79, 55)(60, 39, 59, 18, 63, 85, 79, 19, 46, 49, 58, 87)(40, 58, 77, 99, 43, 71, 26, 19, 22, 20, 71, 87)
line 101: nearestNeighbour (7,6,5,10,8,2,6,10,10,8,7,1)
(98, 60, 47, 4, 3, 11, 35, 3, 5, 17, 69, 3)
line 102: nearestNeighbour (6,5,3,5,1,10,4,3,2,1,4,8)
(98, 60, 47, 4, 3, 11, 35, 3, 5, 17, 69, 3)
line 103: kNearestNeighbour 1 (2,3,5,2,4,9,4,9,9,8,10,9)
(98, 60, 47, 4, 3, 11, 35, 3, 5, 17, 69, 3)
line 104: kNearestNeighbour 6 (9,10,2,8,1,9,8,6,7,3,9,6)
(98, 60, 47, 4, 3, 11, 35, 3, 5, 17, 69, 3)(57, 28, 59, 3, 69, 26, 24, 47, 77, 65, 49, 35)(16, 19, 98, 53, 26, 30, 32, 39, 61, 94, 3, 13)(23, 53, 31, 27, 94, 89, 21, 61, 36, 34, 44, 63)(34, 39, 42, 77, 32, 88, 21, 90, 30, 66, 33, 66)(5, 4, 75, 10, 12, 79, 16, 64, 79, 35, 76, 93)
line 105: kNearestNeighbour 9 (3,4,4,1,3,6,7,9,5,6,7,1)
(98, 60, 47, 4, 3, 11, 35, 3, 5, 17, 69, 3)(57, 28, 59, 3, 69, 26, 24, 47, 77, 65, 49, 35)(16, 19, 98, 53, 26, 30, 32, 39, 61, 94, 3, 13)(23, 53, 31, 27, 94, 89, 21, 61, 36, 34, 44, 63)(34, 39, 42, 77, 32, 88, 21, 90, 30, 66, 33, 66)(5, 4, 75, 10, 12, 79, 16, 64, 79, 35, 76, 93)(93, 23, 10, 81, 64, 35, 87, 55, 4, 24, 91, 22)(60, 39, 59, 18, 63, 85, 79, 19, 46, 49, 58, 87)(80, 93, 1, 18, 68, 49, 68, 29, 54, 54, 79, 55)
line 106: nearestNeighbour (8,3,1,3,7,8,10,3,7,9,6,4)
(98, 60, 47, 4, 3, 11, 35, 3, 5, 17, 69, 3)
line 107: kNearestNeighbour 3 (6,9,4,7,9,8,4,4,9,8,10,3)
(98, 60, 47, 4, 3, 11, 35, 3, 5, 17, 69, 3)(57, 28, 59, 3, 69, 26, 24, 47, 77, 65, 49, 35)(16, 19, 98, 53, 26, 30, 32, 39, 61, 94, 3, 13)
line 108: nearestNeighbour (1,8,8,4,3,6,8,10,10,9,7,5)
(98, 60, 47, 4, 3, 11, 35, 3, 5, 17, 69, 3)
line 109: nearestNeighbour (9,7,1,9,4,6,10,2,5,6,2,8)
(98, 60, 47, 4, 3, 11, 35, 3, 5, 17, 69, 3)
line 110: kNearestNeighbour 1 (1,10,7,10,5,2,1,6,8,1,8,10)
(98, 60, 47, 4, 3, 11, 35, 3, 5, 17, 69, 3)
line 111: kNearestNeighbour 9 (7,5,2,4,9,5,4,5,7,2,7,5)
(98, 60, 47, 4, 3, 11, 35, 3, 5, 17, 69, 3)(57, 28, 59, 3, 69, 26, 24, 47, 77, 65, 49, 35)(16, 19, 98, 53, 26, 30, 32, 39, 61, 94, 3, 13)(23, 53, 31, 27, 94, 89, 21, 61, 36, 34, 44, 63)(34, 39, 42, 77, 32, 88, 21, 90, 30, 66, 33, 66)(5, 4, 75, 10, 12, 79, 16, 64, 79, 35, 76, 93)(93, 23, 10, 81, 64, 35, 87, 55, 4, 24, 91, 22)(60, 39, 59, 18, 63, 85, 79, 19, 46, 49, 58, 87)(80, 93, 1, 18, 68, 49, 68, 29, 54, 54, 79, 55)
line 112: nearestNeighbour (6,7,9,6,5,3,9,10,6,7,8,2)
(98, 60, 47, 4, 3, 11, 35, 3, 5, 17, 69, 3)
line 113: kNearestNeighbour 6 (6,6,5,10,3,5,2,9,10,5,1,9)
(98, 60, 47, 4, 3, 11, 35, 3, 5, 17, 69, 3)(57, 28, 59, 3, 69, 26, 24, 47, 77, 65, 49, 35)(16, 19, 98, 53, 26, 30, 32, 39, 61, 94, 3, 13)(23, 53, 31, 27, 94, 89, 21, 61, 36, 34, 44, 63)(34, 39, 42, 77, 32, 88, 21, 90, 30, 66, 33, 66)(5, 4, 75, 10, 12, 79, 16, 64, 79, 35, 76, 93)
line 114: nearestNeighbour (5,5,8,5,4,5,10,7,9,5,3,3)
(98, 60, 47, 4, 3, 11, 35, 3, 5, 17, 69, 3)
line 115: nearestNeighbour (10,9,9,5,8,4,7,3,3,5,2,5)
(98, 60, 47, 4, 3, 11, 35, 3, 5, 17, 69, 3)
line 116: kNearestNeighbour 1 (9,2,3,1,10,2,6,8,10,3,3,8)
(98, 60, 47, 4, 3, 11, 35, 3, 5, 17, 69, 3)
line 117: kNearestNeighbour 9 (3,1,7,5,7,1,1,8,10,7,9,3)
(98, 60, 47, 4, 3, 11, 35, 3, 5, 17, 69, 3)(57, 28, 59, 3, 69, 26, 24, 47, 77, 65, 49, 35)(16, 19, 98, 53, 26, 30, 32, 39, 61, 94, 3, 13)(23, 53, 31, 27, 94, 89, 21, 61, 36, 34, 44, 63)(5, 4, 75, 10, 12, 79, 16, 64, 79, 35, 76, 93)(34, 39, 42, 77, 32, 88, 21, 90, 30, 66, 33, 66)(93, 23, 10, 81, 64, 35, 87, 55, 4, 24, 91, 22)(60, 39, 59, 18, 63, 85, 79, 19, 46, 49, 58, 87)(40, 58, 77, 99, 43, 71, 26, 19, 22, 20, 71, 87)
line 118: nearestNeighbour (3,1,3,1,1,1,7,4,5,4,9,10)
(98, 60, 47, 4, 3, 11, 35, 3, 5, 17, 69, 3)
line 119: kNearestNeighbour 9 (3,2,7,5,8,6,5,5,10,8,9,9)
(98, 60, 47, 4, 3, 11, 35, 3, 5, 17, 69, 3)(57, 28, 59, 3, 69, 26, 24, 47, 77, 65, 49, 35)(16, 19, 98, 53, 26, 30, 32, 39, 61, 94, 3, 13)(23, 53, 31, 27, 94, 89, 21, 61, 36, 34, 44, 63)(5, 4, 75, 10, 12, 79, 16, 64, 79, 35, 76, 93)(34, 39, 42, 77, 32, 88, 21, 90, 30, 66, 33, 66)(60, 39, 59, 18, 63, 85, 79, 19, 46, 49, 58, 87)(40, 58, 77, 99, 43, 71, 26, 19, 22, 20, 71, 87)(93, 23, 10, 81, 64, 35, 87, 55, 4, 24, 91, 22)
line 120: kNearestNeighbour 6 (5,6,9,7,7,8,2,5,4,4,1,2)
(98, 60, 47, 4, 3, 11, 35, 3, 5, 17, 69, 3)(57, 28, 59, 3, 69, 26, 24, 47, 77, 65, 49, 35)(16, 19, 98, 53, 26, 30, 32, 39, 61, 94, 3, 13)(23, 53, 31, 27, 94, 89, 21, 61, 36, 34, 44, 63)(34, 39, 42, 77, 32, 88, 21, 90, 30, 66, 33, 66)(5, 4, 75, 10, 12, 79, 16, 64, 79, 35, 76, 93)
line 121: kNearestNeighbour 3 (4,4,9,10,6,10,10,4,8,2,4,1)
(98, 60, 47, 4, 3, 11, 35, 3, 5, 17, 69, 3)(16, 19, 98, 53, 26, 30, 32, 39, 61, 94, 3, 13)(57, 28, 59, 3, 69, 26, 24, 47, 77, 65, 49, 35)
line 122: nearestNeighbour (10,2,4,1,7,6,9,1,8,2,10,9)
(98, 60, 47, 4, 3, 11, 35, 3, 5, 17, 69, 3)
line 123: kNearestNeighbour 6 (6,5,1,2,10,9,7,7,4,8,1,2)
(98, 60, 47, 4, 3, 11, 35, 3, 5, 17, 69, 3)(57, 28, 59, 3, 69, 26, 24, 47, 77, 65, 49, 35)(16, 19, 98, 53, 26, 30, 32, 39, 61, 94, 3, 13)(23, 53, 31, 27, 94, 89, 21, 61, 36, 34, 44, 63)(34, 39, 42, 77, 32, 88, 21, 90, 30, 66, 33, 66)(5, 4, 75, 10, 12, 79, 16, 64, 79, 35, 76, 93)
line 124: kNearestNeighbour 4 (1,2,1,6,4,6,9,5,7,10,9,7)
(98, 60, 47, 4, 3, 11, 35, 3, 5, 17, 69, 3)(57, 28, 59, 3, 69, 26, 24, 47, 77, 65, 49, 35)(16, 19, 98, 53, 26, 30, 32, 39, 61, 94, 3, 13)(23, 53, 31, 27, 94, 89, 21, 61, 36, 34, 44, 63)
line 125: kNearestNeighbour 6 (9,2,2,9,9,8,7,4,2,3,7,5)
(98, 60, 47, 4, 3, 11, 35, 3, 5, 17, 69, 3)(57, 28, 59, 3, 69, 26, 24, 47, 77, 65, 49, 35)(16, 19, 98, 53, 26, 30, 32, 39, 61, 94, 3, 13)(23, 53, 31, 27, 94, 89, 21, 61, 36, 34, 44, 63)(34, 39, 42, 77, 32, 88, 21, 90, 30, 66, 33, 66)(93, 23, 10, 81, 64, 35, 87, 55, 4, 24, 91, 22)
line 126: nearestNeighbour (2,7,8,10,3,4,6,8,2,9,1,2)
(98, 60, 47, 4, 3, 11, 35, 3, 5, 17, 69, 3)
line 127: kNearestNeighbour 8 (3,9,7,6,8,8,1,7,8,5,10,1)
(98, 60, 47, 4, 3, 11, 35, 3, 5, 17, 69, 3)(57, 28, 59, 3, 69, 26, 24, 47, 77, 65, 49, 35)(16, 19, 98, 53, 26, 30, 32, 39, 61, 94, 3, 13)(23, 53, 31, 27, 94, 89, 21, 61, 36, 34, 44, 63)(34, 39, 42, 77, 32, 88, 21, 90, 30, 66, 33, 66)(5, 4, 75, 10, 12, 79, 16, 64, 79, 35, 76, 93)(40, 58, 77, 99, 43, 71, 26, 19, 22, 20, 71, 87)(93, 23, 10, 81, 64, 35, 87, 55, 4, 24, 91, 22)
line 128: nearestNeighbour (4,6,5,10,3,9,1,7,8,6,10,9)
(98, 60, 47, 4, 3, 11, 35, 3, 5, 17, 69, 3)
line 129: kNearestNeighbour 8 (10,2,2,7,4,8,1,2,10,9,10,8)
(98, 60, 47, 4, 3, 11, 35, 3, 5, 17, 69, 3)(57, 28, 59, 3, 69, 26, 24, 47, 77, 65, 49, 35)(16, 19, 98, 53, 26, 30, 32, 39, 61, 94, 3, 13)(23, 53, 31, 27, 94, 89, 21, 61, 36, 34, 44, 63)(34, 39, 42, 77, 32, 88, 21, 90, 30, 66, 33, 66)(5, 4, 75, 10, 12, 79, 16, 64, 79, 35, 76, 93)(93, 23, 10, 81, 64, 35, 87, 55, 4, 24, 91, 22)(60, 39, 59, 18, 63, 85, 79, 19, 46, 49, 58, 87)
line 130: nearestNeighbour (1,5,3,5,3,1,10,8,5,3,5,7)
(98, 60, 47, 4, 3, 11, 35, 3, 5, 17, 69, 3)
line 131: nearestNeighbour (3,1,2,3,6,6,3,8,7,2,3,9)
(98, 60, 47, 4, 3, 11, 35, 3, 5, 17, 69, 3)
line 132: nearestNeighbour (5,7,5,5,5,7,6,6,4,9,5,10)
(98, 60, 47, 4, 3, 11, 35, 3, 5, 17, 69, 3)
line 133: nearestNeighbour (3,10,5,8,7,9,6,3,8,7,6,9)
(98, 60, 47, 4, 3, 11, 35, 3, 5, 17, 69, 3)
line 134: kNearestNeighbour 9 (6,1,8,3,3,3,2,1,2,7,9,1)
(98, 60, 47, 4, 3, 11, 35, 3, 5, 17, 69, 3)(57, 28, 59, 3, 69, 26, 24, 47, 77, 65, 49, 35)(16, 19, 98, 53, 26, 30, 32, 39, 61, 94, 3, 13)(23, 53, 31, 27, 94, 89, 21, 61, 36, 34, 44, 63)(5, 4, 75, 10, 12, 79, 16, 64, 79, 35, 76, 93)(34, 39, 42, 77, 32, 88, 21, 90, 30, 66, 33, 66)(93, 23, 10, 81, 64, 35, 87, 55, 4, 24, 91, 22)(60, 39, 59, 18, 63, 85, 79, 19, 46, 49, 58, 87)(40, 58, 77, 99, 43, 71, 26, 19, 22, 20, 71, 87)
line 135: nearestNeighbour (6,2,10,8,8,5,2,9,9,5,7,8)
(98, 60, 47, 4, 3, 11, 35, 3, 5, 17, 69, 3)
line 136: kNearestNeighbour 9 (7,7,10,8,6,1,3,3,1,2,10,8)
(98, 60, 47, 4, 3, 11, 35, 3, 5, 17, 69, 3)(57, 28, 59, 3, 69, 26, 24, 47, 77, 65, 49, 35)(16, 19, 98, 53, 26, 30, 32, 39, 61, 94, 3, 13)(23, 53, 31, 27, 94, 89, 21, 61, 36, 34, 44, 63)(34, 39, 42, 77, 32, 88, 21, 90, 30, 66, 33, 66)(5, 4, 75, 10, 12, 79, 16, 64, 79, 35, 76, 93)(40, 58, 77, 99, 43, 71, 26, 19, 22, 20, 71, 87)(93, 23, 10, 81, 64, 35, 87, 55, 4, 24, 91, 22)(75, 89, 85, 77, 38, 42, 8, 61, 2, 18, 22, 89)
line 137: kNearestNeighbour 6 (7,2,7,7,3,6,4,2,10,5,2,9)
(98, 60, 47, 4, 3, 11, 35, 3, 5, 17, 69, 3)(57, 28, 59, 3, 69, 26, 24, 47, 77, 65, 49, 35)(16, 19, 98, 53, 26, 30, 32, 39, 61, 94, 3, 13)(23, 53, 31, 27, 94, 89, 21, 61, 36, 34, 44, 63)(34, 39, 42, 77, 32, 88, 21, 90, 30, 66, 33, 66)(5, 4, 75, 10, 12, 79, 16, 64, 79, 35, 76, 93)
line 138: kNearestNeighbour 7 (4,4,4,2,2,7,4,8,4,9,9,7)
(98, 60, 47, 4, 3, 11, 35, 3, 5, 17, 69, 3)(57, 28, 59, 3, 69, 26, 24, 47, 77, 65, 49, 35)(16, 19, 98, 53, 26, 30, 32, 39, 61, 94, 3, 13)(23, 53, 31, 27, 94, 89, 21, 61, 36, 34, 44, 63)(34, 39, 42, 77, 32, 88, 21, 90, 30, 66, 33, 66)(5, 4, 75, 10, 12, 79, 16, 64, 79, 35, 76, 93)(60, 39, 59, 18, 63, 85, 79, 19, 46, 49, 58, 87)
line 139: kNearestNeighbour 5 (4,6,1,2,6,6,9,5,7,3,9,10)
(98, 60, 47, 4, 3, 11, 35, 3, 5, 17, 69, 3)(57, 28, 59, 3, 69, 26, 24, 47, 77, 65, 49, 35)(16, 19, 98, 53, 26, 30, 32, 39, 61, 94, 3, 13)(23, 53, 31, 27, 94, 89, 21, 61, 36, 34, 44, 63)(5, 4, 75, 10, 12, 79, 16, 64, 79, 35, 76, 93)
line 140: nearestNeighbour (6,4,2,9,5,5,9,2,7,1,4,2)
(98, 60, 47, 4, 3, 11, 35, 3, 5, 17, 69, 3)
line 141: kNearestNeighbour 4 (5,10,6,4,2,4,6,2,1,4,5,3)
(98, 60, 47, 4, 3, 11, 35, 3, 5, 17, 69, 3)(57, 28, 59, 3, 69, 26, 24, 47, 77, 65, 49, 35)(16, 19, 98, 53, 26, 30, 32, 39, 61, 94, 3, 13)(23, 53, 31, 27, 94, 89, 21, 61, 36, 34, 44, 63)
line 142: kNearestNeighbour 1 (10,1,8,8,5,8,8,7,8,5,8,3)
(98, 60, 47, 4, 3, 11, 35, 3, 5, 17, 69, 3)
line 143: nearestNeighbour (1,1,2,7,3,6,10,4,6,10,5,8)
(98, 60, 47, 4, 3, 11, 35, 3, 5, 17, 69, 3)
line 144: nearestNeighbour (8,4,3,1,3,9,6,7,2,1,3,10)
(98, 60, 47, 4, 3, 11, 35, 3, 5, 17, 69, 3)
line 145: nearestNeighbour (3,4,9,4,9,4,6,2,9,10,1,2)
(98, 60, 47, 4, 3, 11, 35, 3, 5, 17, 69, 3)
line 146: kNearestNeighbour 8 (9,6,2,10,7,1,7,10,8,7,2,3)
(98, 60, 47, 4, 3, 11, 35, 3, 5, 17, 69, 3)(57, 28, 59, 3, 69, 26, 24, 47, 77, 65, 49, 35)(16, 19, 98, 53, 26, 30, 32, 39, 61, 94, 3, 13)(23, 53, 31, 27, 94, 89, 21, 61, 36, 34, 44, 63)(34, 39, 42, 77, 32, 88, 21, 90, 30, 66, 33, 66)(5, 4, 75, 10, 12, 79, 16, 64, 79, 35, 76, 93)(93, 23, 10, 81, 64, 35, 87, 55, 4, 24, 91, 22)(80, 93, 1, 18, 68, 49, 68, 29, 54, 54, 79, 55)
line 147: nearestNeighbour (5,1,4,6,6,10,7,10,7,4,7,8)
(98, 60, 47, 4, 3, 11, 35, 3, 5, 17, 69, 3)
line 148: nearestNeighbour (7,1,5,3,7,4,9,4,7,2,9,9)
(98, 60, 47, 4, 3, 11, 35, 3, 5, 17, 69, 3)
line 149: kNearestNeighbour 8 (8,4,2,7,9,9,4,5,1,4,10,9)
(98, 60, 47, 4, 3, 11, 35, 3, 5, 17, 69, 3)(57, 28, 59, 3, 69, 26, 24, 47, 77, 65, 49, 35)(16, 19, 98, 53, 26, 30, 32, 39, 61, 94, 3, 13)(23, 53, 31, 27, 94, 89, 21, 61, 36, 34, 44, 63)(34, 39, 42, 77, 32, 88, 21, 90, 30, 66, 33, 66)(5, 4, 75, 10, 12, 79, 16, 64, 79, 35, 76, 93)(93, 23, 10, 81, 64, 35, 87, 55, 4, 24, 91, 22)(40, 58, 77, 99, 43, 71, 26, 19, 22, 20, 71, 87)
line 150: nearestNeighbour (5,8,3,7,10,2,5,6,4,6,6,9)
(98, 60, 47, 4, 3, 11, 35, 3, 5, 17, 69, 3)
line 151: kNearestNeighbour 7 (5,3,8,8,10,1,8,5,8,3,6,3)
(98, 60, 47, 4, 3, 11, 35, 3, 5, 17, 69, 3)(57, 28, 59, 3, 69, 26, 24, 47, 77, 65, 49, 35)(16, 19, 98, 53, 26, 30, 32, 39, 61, 94, 3, 13)(23, 53, 31, 27, 94, 89, 21, 61, 36, 34, 44, 63)(34, 39, 42, 77, 32, 88, 21, 90, 30, 66, 33, 66)(5, 4, 75, 10, 12, 79, 16, 64, 79, 35, 76, 93)(93, 23, 10, 81, 64, 35, 87, 55, 4, 24, 91, 22)
line 152: kNearestNeighbour 5 (4,7,7,7,10,3,2,10,2,8,10,6)
(98, 60, 47, 4, 3, 11, 35, 3, 5, 17, 69, 3)(57, 28, 59, 3, 69, 26, 24, 47, 77, 65, 49, 35)(16, 19, 98, 53, 26, 30, 32, 39, 61, 94, 3, 13)(23, 53, 31, 27, 94, 89, 21, 61, 36, 34, 44, 63)(34, 39, 42, 77, 32, 88, 21, 90, 30, 66, 33, 66)
line 153: kNearestNeighbour 5 (9,10,4,9,4,4,6,7,5,7,9,6)
(98, 60, 47, 4, 3, 11, 35, 3, 5, 17, 69, 3)(57, 28, 59, 3, 69, 26, 24, 47, 77, 65, 49, 35)(16, 19, 98, 53, 26, 30, 32, 39, 61, 94, 3, 13)(23, 53, 31, 27, 94, 89, 21, 61, 36, 34, 44, 63)(34, 39, 42, 77, 32, 88, 21, 90, 30, 66, 33, 66)
line 154: kNearestNeighbour 10 (6,9,7,2,10,1,8,8,4,6,1,6)
(98, 60, 47, 4, 3, 11, 35, 3, 5, 17, 69, 3)(57, 28, 59, 3, 69, 26, 24, 47, 77, 65, 49, 35)(16, 19, 98, 53, 26, 30, 32, 39, 61, 94, 3, 13)(23, 53, 31, 27, 94, 89, 21, 61, 36, 34, 44, 63)(34, 39, 42, 77, 32, 88, 21, 90, 30, 66, 33, 66)(5, 4, 75, 10, 12, 79, 16, 64, 79, 35, 76, 93)(93, 23, 10, 81, 64, 35, 87, 55, 4, 24, 91, 22)(60, 39, 59, 18, 63, 85, 79, 19, 46, 49, 58, 87)(75, 89, 85, 77, 38, 42, 8, 61, 2, 18, 22, 89)(80, 93, 1, 18, 68, 49, 68, 29, 54, 54, 79, 55)
line 155: nearestNeighbour (4,4,4,1,9,2,6,3,7,3,8,6)
(98, 60, 47, 4, 3, 11, 35, 3, 5, 17, 69, 3)
line 156: nearestNeighbour (10,1,5,7,7,6,6,10,1,9,4,2)
(98, 60, 47, 4, 3, 11, 35, 3, 5, 17, 69, 3)
line 157: kNearestNeighbour 1 (6,7,1,3,6,6,9,10,5,5,1,10)
(98, 60, 47, 4, 3, 11, 35, 3, 5, 17, 69, 3)
line 158: nearestNeighbour (10,5,1,7,6,6,2,10,3,9,6,6)
(98, 60, 47, 4, 3, 11, 35, 3, 5, 17, 69, 3)
line 159: nearestNeighbour (5,5,2,2,9,4,6,6,2,2,3,10)
(98, 60, 47, 4, 3, 11, 35, 3, 5, 17, 69, 3)
line 160: nearestNeighbour (1,8,1,8,5,1,2,5,1,5,9,2)
(98, 60, 47, 4, 3, 11, 35, 3, 5, 17, 69, 3)
line 161: nearestNeighbour (8,7,7,3,8,9,4,2,6,2,3,2)
(98, 60, 47, 4, 3, 11, 35, 3, 5, 17, 69, 3)
line 162: nearestNeighbour (6,6,10,5,1,4,10,10,4,6,2,2)
(98, 60, 47, 4, 3, 11, 35, 3, 5, 17, 69, 3)
line 163: nearestNeighbour (3,2,7,7,2,2,6,7,2,3,9,3)
(98, 60, 47, 4, 3, 11, 35, 3, 5, 17, 69, 3)
line 164: kNearestNeighbour 6 (6,3,4,10,4,3,2,5,6,5,8,1)
(98, 60, 47, 4, 3, 11, 35, 3, 5, 17, 69, 3)(57, 28, 59, 3, 69, 26, 24, 47, 77, 65, 49, 35)(16, 19, 98, 53, 26, 30, 32, 39, 61, 94, 3, 13)(23, 53, 31, 27, 94, 89, 21, 61, 36, 34, 44, 63)(34, 39, 42, 77, 32, 88, 21, 90, 30, 66, 33, 66)(5, 4, 75, 10, 12, 79, 16, 64, 79, 35, 76, 93)
line 165: nearestNeighbour (7,7,5,1,2,5,9,7,2,9,9,8)
(98, 60, 47, 4, 3, 11, 35, 3, 5, 17, 69, 3)
line 166: kNearestNeighbour 3 (4,10,6,7,2,4,1,5,1,7,10,6)
(98, 60, 47, 4, 3, 11, 35, 3, 5, 17, 69, 3)(57, 28, 59, 3, 69, 26, 24, 47, 77, 65, 49, 35)(16, 19, 98, 53, 26, 30, 32, 39, 61, 94, 3, 13)
line 167: kNearestNeighbour 8 (7,7,5,3,1,9,6,7,6,6,2,2)
(98, 60, 47, 4, 3, 11, 35, 3, 5, 17, 69, 3)(57, 28, 59, 3, 69, 26, 24, 47, 77, 65, 49, 35)(16, 19, 98, 53, 26, 30, 32, 39, 61, 94, 3, 13)(23, 53, 31, 27, 94, 89, 21, 61, 36, 34, 44, 63)(34, 39, 42, 77, 32, 88, 21, 90, 30, 66, 33, 66)(5, 4, 75, 10, 12, 79, 16, 64, 79, 35, 76, 93)(60, 39, 59, 18, 63, 85, 79, 19, 46, 49, 58, 87)(93, 23, 10, 81, 64, 35, 87, 55, 4, 24, 91, 22)
line 168: nearestNeighbour (9,2,4,2,7,1,1,2,2,3,5,1)
(98, 60, 47, 4, 3, 11, 35, 3, 5, 17, 69, 3)
line 169: nearestNeighbour (9,5,3,10,1,4,8,2,9,6,4,4)
(98, 60, 47, 4, 3, 11, 35, 3, 5, 17, 69, 3)
line 170: nearestNeighbour (8,7,9,1,4,5,3,7,6,5,3,2)
(98, 60, 47, 4, 3, 11, 35, 3, 5, 17, 69, 3)
line 171: kNearestNeighbour 5 (5,8,3,7,6,3,5,3,9,7,6,7)
(98, 60, 47, 4, 3, 11, 35, 3, 5, 17, 69, 3)(57, 28, 59, 3, 69, 26, 24, 47, 77, 65, 49, 35)(16, 19, 98, 53, 26, 30, 32, 39, 61, 94, 3, 13)(23, 53, 31, 27, 94, 89, 21, 61, 36, 34, 44, 63)(34, 39, 42, 77, 32, 88, 21, 90, 30, 66, 33, 66)
line 172: nearestNeighbour (9,3,3,7,7,8,4,9,6,4,10,2)
(98, 60, 47, 4, 3, 11, 35, 3, 5, 17, 69, 3)
line 173: kNearestNeighbour 6 (5,2,6,1,5,7,8,4,9,1,6,6)
(98, 60, 47, 4, 3, 11, 35, 3, 5, 17, 69, 3)(57, 28, 59, 3, 69, 26, 24, 47, 77, 65, 49, 35)(16, 19, 98, 53, 26, 30, 32, 39, 61, 94, 3, 13)(23, 53, 31, 27, 94, 89, 21, 61, 36, 34, 44, 63)(5, 4, 75, 10, 12, 79, 16, 64, 79, 35, 76, 93)(34, 39, 42, 77, 32, 88, 21, 90, 30, 66, 33, 66)
line 174: nearestNeighbour (2,5,8,4,8,7,10,6,3,10,3,7)
(98, 60, 47, 4, 3, 11, 35, 3, 5, 17, 69, 3)
line 175: kNearestNeighbour 1 (7,10,4,8,9,4,2,9,5,2,2,3)
(98, 60, 47, 4, 3, 11, 35, 3, 5, 17, 69, 3)
line 176: kNearestNeighbour 9 (2,1,6,2,5,6,9,6,8,6,8,5)
(98, 60, 47, 4, 3, 11, 35, 3, 5, 17, 69, 3)(57, 28, 59, 3, 69, 26, 24, 47, 77, 65, 49, 35)(16, 19, 98, 53, 26, 30, 32, 39, 61, 94, 3, 13)(23, 53, 31, 27, 94, 89, 21, 61, 36, 34, 44, 63)(5, 4, 75, 10, 12, 79, 16, 64, 79, 35, 76, 93)(34, 39, 42, 77, 32, 88, 21, 90, 30, 66, 33, 66)(60, 39, 59, 18, 63, 85, 79, 19, 46, 49, 58, 87)(93, 23, 10, 81, 64, 35, 87, 55, 4, 24, 91, 22)(40, 58, 77, 99, 43, 71, 26, 19, 22, 20, 71, 87)
line 177: nearestNeighbour (2,1,5,4,1,5,1,5,3,7,10,6)
(98, 60, 47, 4, 3, 11, 35, 3, 5, 17, 69, 3)
line 178: kNearestNeighbour 9 (1,6,3,3,2,2,9,9,6,9,6,5)
(98, 60, 47, 4, 3, 11, 35, 3, 5, 17, 69, 3)(57, 28, 59, 3, 69, 26, 24, 47, 77, 65, 49, 35)(16, 19, 98, 53, 26, 30, 32, 39, 61, 94, 3, 13)(23, 53, 31, 27, 94, 89, 21, 61, 36, 34, 44, 63)(34, 39, 42, 77, 32, 88, 21, 90, 30, 66, 33, 66)(5, 4, 75, 10, 12, 79, 16, 64, 79, 35, 76, 93)(93, 23, 10, 81, 64, 35, 87, 55, 4, 24, 91, 22)(60, 39, 59, 18, 63, 85, 79, 19, 46, 49, 58, 87)(80, 93, 1, 18, 68, 49, 68, 29, 54, 54, 79, 55)
line 179: kNearestNeighbour 2 (6,2,7,10,10,3,5,6,6,9,8,2)
(98, 60, 47, 4, 3, 11, 35, 3, 5, 17, 69, 3)(57, 28, 59, 3, 69, 26, 24, 47, 77, 65, 49, 35)
line 180: nearestNeighbour (3,5,7,10,1,1,9,8,2,10,7,10)
(98, 60, 47, 4, 3, 11, 35, 3, 5, 17, 69, 3)
line 181: nearestNeighbour (9,5,3,9,9,3,9,3,2,3,10,7)
(98, 60, 47, 4, 3, 11, 35, 3, 5, 17, 69, 3)
line 182: nearestNeighbour (10,5,10,8,5,8,5,5,9,10,9,7)
(98, 60, 47, 4, 3, 11, 35, 3, 5, 17, 69, 3)
line 183: kNearestNeighbour 3 (9,1,10,9,6,7,3,5,2,6,1,9)
(98, 60, 47, 4, 3, 11, 35, 3, 5, 17, 69, 3)(57, 28, 59, 3, 69, 26, 24, 47, 77, 65, 49, 35)(16, 19, 98, 53, 26, 30, 32, 39, 61, 94, 3, 13)
line 184: kNearestNeighbour 7 (6,4,5,9,6,7,1,8,1,2,1,8)
(98, 60, 47, 4, 3, 11, 35, 3, 5, 17, 69, 3)(57, 28, 59, 3, 69, 26, 24, 47, 77, 65, 49, 35)(16, 19, 98, 53, 26, 30, 32, 39, 61, 94, 3, 13)(23, 53, 31, 27, 94, 89, 21, 61, 36, 34, 44, 63)(34, 39, 42, 77, 32, 88, 21, 90, 30, 66, 33, 66)(5, 4, 75, 10, 12, 79, 16, 64, 79, 35, 76, 93)(75, 89, 85, 77, 38, 42, 8, 61, 2, 18, 22, 89)
line 185: nearestNeighbour (10,1,1,7,4,1,3,10,4,2,10,7)
(98, 60, 47, 4, 3, 11, 35, 3, 5, 17, 69, 3)
line 186: nearestNeighbour (8,8,9,9,4,10,5,8,8,1,5,5)
(98, 60, 47, 4, 3, 11, 35, 3, 5, 17, 69, 3)
line 187: kNearestNeighbour 2 (5,6,9,10,1,9,1,5,8,10,6,7)
(98, 60, 47, 4, 3, 11, 35, 3, 5, 17, 69, 3)(16, 19, 98, 53, 26, 30, 32, 39, 61, 94, 3, 13)
