line 1: k=15
line 2: clear
line 3: buildTree 14
(47,37,46,54,66,85,39,55,74,15,29,39,74,12,95) (58,13,51,45,92,18,82,55,79,100,88,69,83,92,78) (88,84,96,27,5,22,99,69,82,98,81,57,31,87,66) (86,26,59,6,95,8,79,47,35,28,15,8,41,23,61) (5,6,19,13,16,15,80,42,76,6,91,75,71,31,41) (72,96,60,6,30,54,57,44,90,87,5,45,65,80,75) (83,49,71,26,48,39,84,43,87,24,61,10,4,64,47) (43,53,89,61,85,58,39,32,59,81,33,79,55,58,52) (41,15,85,80,45,58,87,11,37,63,56,81,51,27,95) (46,28,33,39,31,65,40,6,87,94,76,71,53,11,26) (35,73,55,91,49,93,26,50,84,51,71,57,82,71,15) (86,36,99,73,81,80,24,44,72,14,68,48,37,63,63) (12,23,7,79,62,10,16,85,69,77,55,65,79,81,20) (41,25,71,20,24,1,71,86,11,96,62,59,65,63,20) 
line 4: nodeCount_height_leafCount
nodeCount=14;height=4;leafCount=7
line 5: inorderTraversal
(5, 6, 19, 13, 16, 15, 80, 42, 76, 6, 91, 75, 71, 31, 41) (41, 15, 85, 80, 45, 58, 87, 11, 37, 63, 56, 81, 51, 27, 95) (12, 23, 7, 79, 62, 10, 16, 85, 69, 77, 55, 65, 79, 81, 20) (35, 73, 55, 91, 49, 93, 26, 50, 84, 51, 71, 57, 82, 71, 15) (41, 25, 71, 20, 24, 1, 71, 86, 11, 96, 62, 59, 65, 63, 20) (43, 53, 89, 61, 85, 58, 39, 32, 59, 81, 33, 79, 55, 58, 52) (46, 28, 33, 39, 31, 65, 40, 6, 87, 94, 76, 71, 53, 11, 26) (58, 13, 51, 45, 92, 18, 82, 55, 79, 100, 88, 69, 83, 92, 78) (86, 26, 59, 6, 95, 8, 79, 47, 35, 28, 15, 8, 41, 23, 61) (86, 36, 99, 73, 81, 80, 24, 44, 72, 14, 68, 48, 37, 63, 63) (47, 37, 46, 54, 66, 85, 39, 55, 74, 15, 29, 39, 74, 12, 95) (72, 96, 60, 6, 30, 54, 57, 44, 90, 87, 5, 45, 65, 80, 75) (83, 49, 71, 26, 48, 39, 84, 43, 87, 24, 61, 10, 4, 64, 47) (88, 84, 96, 27, 5, 22, 99, 69, 82, 98, 81, 57, 31, 87, 66) 
line 6: preorderTraversal
(46, 28, 33, 39, 31, 65, 40, 6, 87, 94, 76, 71, 53, 11, 26) (12, 23, 7, 79, 62, 10, 16, 85, 69, 77, 55, 65, 79, 81, 20) (5, 6, 19, 13, 16, 15, 80, 42, 76, 6, 91, 75, 71, 31, 41) (41, 15, 85, 80, 45, 58, 87, 11, 37, 63, 56, 81, 51, 27, 95) (41, 25, 71, 20, 24, 1, 71, 86, 11, 96, 62, 59, 65, 63, 20) (35, 73, 55, 91, 49, 93, 26, 50, 84, 51, 71, 57, 82, 71, 15) (43, 53, 89, 61, 85, 58, 39, 32, 59, 81, 33, 79, 55, 58, 52) (47, 37, 46, 54, 66, 85, 39, 55, 74, 15, 29, 39, 74, 12, 95) (86, 26, 59, 6, 95, 8, 79, 47, 35, 28, 15, 8, 41, 23, 61) (58, 13, 51, 45, 92, 18, 82, 55, 79, 100, 88, 69, 83, 92, 78) (86, 36, 99, 73, 81, 80, 24, 44, 72, 14, 68, 48, 37, 63, 63) (83, 49, 71, 26, 48, 39, 84, 43, 87, 24, 61, 10, 4, 64, 47) (72, 96, 60, 6, 30, 54, 57, 44, 90, 87, 5, 45, 65, 80, 75) (88, 84, 96, 27, 5, 22, 99, 69, 82, 98, 81, 57, 31, 87, 66) 
line 7: postorderTraversal
(41, 15, 85, 80, 45, 58, 87, 11, 37, 63, 56, 81, 51, 27, 95) (5, 6, 19, 13, 16, 15, 80, 42, 76, 6, 91, 75, 71, 31, 41) (35, 73, 55, 91, 49, 93, 26, 50, 84, 51, 71, 57, 82, 71, 15) (43, 53, 89, 61, 85, 58, 39, 32, 59, 81, 33, 79, 55, 58, 52) (41, 25, 71, 20, 24, 1, 71, 86, 11, 96, 62, 59, 65, 63, 20) (12, 23, 7, 79, 62, 10, 16, 85, 69, 77, 55, 65, 79, 81, 20) (58, 13, 51, 45, 92, 18, 82, 55, 79, 100, 88, 69, 83, 92, 78) (86, 36, 99, 73, 81, 80, 24, 44, 72, 14, 68, 48, 37, 63, 63) (86, 26, 59, 6, 95, 8, 79, 47, 35, 28, 15, 8, 41, 23, 61) (72, 96, 60, 6, 30, 54, 57, 44, 90, 87, 5, 45, 65, 80, 75) (88, 84, 96, 27, 5, 22, 99, 69, 82, 98, 81, 57, 31, 87, 66) (83, 49, 71, 26, 48, 39, 84, 43, 87, 24, 61, 10, 4, 64, 47) (47, 37, 46, 54, 66, 85, 39, 55, 74, 15, 29, 39, 74, 12, 95) (46, 28, 33, 39, 31, 65, 40, 6, 87, 94, 76, 71, 53, 11, 26) 
line 8: kNearestNeighbour 10 (7,4,1,4,5,6,9,7,10,6,1,10,9,2,4)
(5, 6, 19, 13, 16, 15, 80, 42, 76, 6, 91, 75, 71, 31, 41)(86, 26, 59, 6, 95, 8, 79, 47, 35, 28, 15, 8, 41, 23, 61)(46, 28, 33, 39, 31, 65, 40, 6, 87, 94, 76, 71, 53, 11, 26)(41, 25, 71, 20, 24, 1, 71, 86, 11, 96, 62, 59, 65, 63, 20)(83, 49, 71, 26, 48, 39, 84, 43, 87, 24, 61, 10, 4, 64, 47)(47, 37, 46, 54, 66, 85, 39, 55, 74, 15, 29, 39, 74, 12, 95)(12, 23, 7, 79, 62, 10, 16, 85, 69, 77, 55, 65, 79, 81, 20)(43, 53, 89, 61, 85, 58, 39, 32, 59, 81, 33, 79, 55, 58, 52)(41, 15, 85, 80, 45, 58, 87, 11, 37, 63, 56, 81, 51, 27, 95)(72, 96, 60, 6, 30, 54, 57, 44, 90, 87, 5, 45, 65, 80, 75)
line 9: nearestNeighbour (4,7,1,2,4,8,1,3,10,9,10,10,5,9,6)
(5, 6, 19, 13, 16, 15, 80, 42, 76, 6, 91, 75, 71, 31, 41)
line 10: kNearestNeighbour 7 (4,10,2,3,10,8,3,10,7,6,5,6,7,5,2)
(5, 6, 19, 13, 16, 15, 80, 42, 76, 6, 91, 75, 71, 31, 41)(86, 26, 59, 6, 95, 8, 79, 47, 35, 28, 15, 8, 41, 23, 61)(46, 28, 33, 39, 31, 65, 40, 6, 87, 94, 76, 71, 53, 11, 26)(83, 49, 71, 26, 48, 39, 84, 43, 87, 24, 61, 10, 4, 64, 47)(41, 25, 71, 20, 24, 1, 71, 86, 11, 96, 62, 59, 65, 63, 20)(47, 37, 46, 54, 66, 85, 39, 55, 74, 15, 29, 39, 74, 12, 95)(12, 23, 7, 79, 62, 10, 16, 85, 69, 77, 55, 65, 79, 81, 20)
line 11: nearestNeighbour (2,6,5,9,9,6,6,5,7,1,4,7,10,10,3)
(5, 6, 19, 13, 16, 15, 80, 42, 76, 6, 91, 75, 71, 31, 41)
line 12: kNearestNeighbour 2 (2,10,9,3,10,7,5,3,5,4,4,2,1,9,2)
(86, 26, 59, 6, 95, 8, 79, 47, 35, 28, 15, 8, 41, 23, 61)(5, 6, 19, 13, 16, 15, 80, 42, 76, 6, 91, 75, 71, 31, 41)
line 13: kNearestNeighbour 1 (1,10,5,6,1,3,10,4,10,4,9,9,1,10,6)
(5, 6, 19, 13, 16, 15, 80, 42, 76, 6, 91, 75, 71, 31, 41)
line 14: kNearestNeighbour 8 (10,7,6,9,9,1,10,5,10,6,5,7,10,2,3)
(86, 26, 59, 6, 95, 8, 79, 47, 35, 28, 15, 8, 41, 23, 61)(5, 6, 19, 13, 16, 15, 80, 42, 76, 6, 91, 75, 71, 31, 41)(46, 28, 33, 39, 31, 65, 40, 6, 87, 94, 76, 71, 53, 11, 26)(83, 49, 71, 26, 48, 39, 84, 43, 87, 24, 61, 10, 4, 64, 47)(41, 25, 71, 20, 24, 1, 71, 86, 11, 96, 62, 59, 65, 63, 20)(47, 37, 46, 54, 66, 85, 39, 55, 74, 15, 29, 39, 74, 12, 95)(12, 23, 7, 79, 62, 10, 16, 85, 69, 77, 55, 65, 79, 81, 20)(43, 53, 89, 61, 85, 58, 39, 32, 59, 81, 33, 79, 55, 58, 52)
line 15: kNearestNeighbour 9 (4,5,1,4,1,2,1,9,6,3,5,2,4,2,10)
(5, 6, 19, 13, 16, 15, 80, 42, 76, 6, 91, 75, 71, 31, 41)(86, 26, 59, 6, 95, 8, 79, 47, 35, 28, 15, 8, 41, 23, 61)(46, 28, 33, 39, 31, 65, 40, 6, 87, 94, 76, 71, 53, 11, 26)(83, 49, 71, 26, 48, 39, 84, 43, 87, 24, 61, 10, 4, 64, 47)(41, 25, 71, 20, 24, 1, 71, 86, 11, 96, 62, 59, 65, 63, 20)(47, 37, 46, 54, 66, 85, 39, 55, 74, 15, 29, 39, 74, 12, 95)(12, 23, 7, 79, 62, 10, 16, 85, 69, 77, 55, 65, 79, 81, 20)(43, 53, 89, 61, 85, 58, 39, 32, 59, 81, 33, 79, 55, 58, 52)(41, 15, 85, 80, 45, 58, 87, 11, 37, 63, 56, 81, 51, 27, 95)
line 16: nearestNeighbour (7,3,7,2,6,3,6,7,6,8,10,1,3,7,1)
(5, 6, 19, 13, 16, 15, 80, 42, 76, 6, 91, 75, 71, 31, 41)
line 17: kNearestNeighbour 6 (7,4,9,10,2,4,6,5,10,3,3,7,8,3,4)
(5, 6, 19, 13, 16, 15, 80, 42, 76, 6, 91, 75, 71, 31, 41)(86, 26, 59, 6, 95, 8, 79, 47, 35, 28, 15, 8, 41, 23, 61)(46, 28, 33, 39, 31, 65, 40, 6, 87, 94, 76, 71, 53, 11, 26)(83, 49, 71, 26, 48, 39, 84, 43, 87, 24, 61, 10, 4, 64, 47)(41, 25, 71, 20, 24, 1, 71, 86, 11, 96, 62, 59, 65, 63, 20)(47, 37, 46, 54, 66, 85, 39, 55, 74, 15, 29, 39, 74, 12, 95)
line 18: kNearestNeighbour 9 (4,4,6,1,7,1,9,5,7,6,1,6,4,5,10)
(86, 26, 59, 6, 95, 8, 79, 47, 35, 28, 15, 8, 41, 23, 61)(5, 6, 19, 13, 16, 15, 80, 42, 76, 6, 91, 75, 71, 31, 41)(46, 28, 33, 39, 31, 65, 40, 6, 87, 94, 76, 71, 53, 11, 26)(83, 49, 71, 26, 48, 39, 84, 43, 87, 24, 61, 10, 4, 64, 47)(41, 25, 71, 20, 24, 1, 71, 86, 11, 96, 62, 59, 65, 63, 20)(47, 37, 46, 54, 66, 85, 39, 55, 74, 15, 29, 39, 74, 12, 95)(12, 23, 7, 79, 62, 10, 16, 85, 69, 77, 55, 65, 79, 81, 20)(43, 53, 89, 61, 85, 58, 39, 32, 59, 81, 33, 79, 55, 58, 52)(41, 15, 85, 80, 45, 58, 87, 11, 37, 63, 56, 81, 51, 27, 95)
line 19: kNearestNeighbour 5 (1,1,5,4,5,9,1,8,10,1,6,5,7,1,6)
(5, 6, 19, 13, 16, 15, 80, 42, 76, 6, 91, 75, 71, 31, 41)(86, 26, 59, 6, 95, 8, 79, 47, 35, 28, 15, 8, 41, 23, 61)(46, 28, 33, 39, 31, 65, 40, 6, 87, 94, 76, 71, 53, 11, 26)(47, 37, 46, 54, 66, 85, 39, 55, 74, 15, 29, 39, 74, 12, 95)(83, 49, 71, 26, 48, 39, 84, 43, 87, 24, 61, 10, 4, 64, 47)
line 20: nearestNeighbour (7,9,5,8,7,5,10,2,4,8,10,4,4,2,10)
(86, 26, 59, 6, 95, 8, 79, 47, 35, 28, 15, 8, 41, 23, 61)
line 21: kNearestNeighbour 5 (8,9,7,2,5,3,6,4,4,1,1,6,9,8,3)
(86, 26, 59, 6, 95, 8, 79, 47, 35, 28, 15, 8, 41, 23, 61)(5, 6, 19, 13, 16, 15, 80, 42, 76, 6, 91, 75, 71, 31, 41)(46, 28, 33, 39, 31, 65, 40, 6, 87, 94, 76, 71, 53, 11, 26)(83, 49, 71, 26, 48, 39, 84, 43, 87, 24, 61, 10, 4, 64, 47)(41, 25, 71, 20, 24, 1, 71, 86, 11, 96, 62, 59, 65, 63, 20)
line 22: nearestNeighbour (5,8,2,2,6,8,5,4,8,8,7,10,3,8,7)
(5, 6, 19, 13, 16, 15, 80, 42, 76, 6, 91, 75, 71, 31, 41)
line 23: nearestNeighbour (8,2,8,6,6,9,2,4,10,9,9,4,4,9,8)
(5, 6, 19, 13, 16, 15, 80, 42, 76, 6, 91, 75, 71, 31, 41)
line 24: nearestNeighbour (9,5,8,3,3,4,10,8,5,10,10,1,10,5,1)
(5, 6, 19, 13, 16, 15, 80, 42, 76, 6, 91, 75, 71, 31, 41)
line 25: kNearestNeighbour 2 (2,3,8,6,9,1,2,6,8,1,6,8,3,3,2)
(5, 6, 19, 13, 16, 15, 80, 42, 76, 6, 91, 75, 71, 31, 41)(86, 26, 59, 6, 95, 8, 79, 47, 35, 28, 15, 8, 41, 23, 61)
line 26: nearestNeighbour (3,3,8,10,3,1,9,8,6,5,3,6,2,9,8)
(5, 6, 19, 13, 16, 15, 80, 42, 76, 6, 91, 75, 71, 31, 41)
line 27: nearestNeighbour (4,1,1,4,1,4,10,2,9,10,10,8,10,7,3)
(5, 6, 19, 13, 16, 15, 80, 42, 76, 6, 91, 75, 71, 31, 41)
line 28: nearestNeighbour (1,9,4,4,3,1,4,9,4,3,1,3,5,2,8)
(5, 6, 19, 13, 16, 15, 80, 42, 76, 6, 91, 75, 71, 31, 41)
line 29: kNearestNeighbour 9 (5,3,8,2,4,8,2,9,4,4,2,8,2,10,4)
(5, 6, 19, 13, 16, 15, 80, 42, 76, 6, 91, 75, 71, 31, 41)(86, 26, 59, 6, 95, 8, 79, 47, 35, 28, 15, 8, 41, 23, 61)(46, 28, 33, 39, 31, 65, 40, 6, 87, 94, 76, 71, 53, 11, 26)(41, 25, 71, 20, 24, 1, 71, 86, 11, 96, 62, 59, 65, 63, 20)(83, 49, 71, 26, 48, 39, 84, 43, 87, 24, 61, 10, 4, 64, 47)(47, 37, 46, 54, 66, 85, 39, 55, 74, 15, 29, 39, 74, 12, 95)(12, 23, 7, 79, 62, 10, 16, 85, 69, 77, 55, 65, 79, 81, 20)(43, 53, 89, 61, 85, 58, 39, 32, 59, 81, 33, 79, 55, 58, 52)(41, 15, 85, 80, 45, 58, 87, 11, 37, 63, 56, 81, 51, 27, 95)
line 30: nearestNeighbour (1,3,1,9,7,4,10,8,1,1,5,2,9,10,2)
(5, 6, 19, 13, 16, 15, 80, 42, 76, 6, 91, 75, 71, 31, 41)
line 31: nearestNeighbour (8,7,7,3,9,1,5,6,3,3,6,4,10,7,2)
(86, 26, 59, 6, 95, 8, 79, 47, 35, 28, 15, 8, 41, 23, 61)
line 32: kNearestNeighbour 6 (1,2,9,7,2,3,5,1,2,10,5,5,1,3,4)
(5, 6, 19, 13, 16, 15, 80, 42, 76, 6, 91, 75, 71, 31, 41)(86, 26, 59, 6, 95, 8, 79, 47, 35, 28, 15, 8, 41, 23, 61)(46, 28, 33, 39, 31, 65, 40, 6, 87, 94, 76, 71, 53, 11, 26)(41, 25, 71, 20, 24, 1, 71, 86, 11, 96, 62, 59, 65, 63, 20)(83, 49, 71, 26, 48, 39, 84, 43, 87, 24, 61, 10, 4, 64, 47)(47, 37, 46, 54, 66, 85, 39, 55, 74, 15, 29, 39, 74, 12, 95)
line 33: kNearestNeighbour 2 (6,10,4,10,9,3,7,4,10,10,1,5,4,6,1)
(86, 26, 59, 6, 95, 8, 79, 47, 35, 28, 15, 8, 41, 23, 61)(5, 6, 19, 13, 16, 15, 80, 42, 76, 6, 91, 75, 71, 31, 41)
line 34: nearestNeighbour (4,2,10,7,1,1,3,1,9,1,6,10,4,4,6)
(5, 6, 19, 13, 16, 15, 80, 42, 76, 6, 91, 75, 71, 31, 41)
line 35: kNearestNeighbour 9 (6,10,7,4,1,4,7,6,1,4,1,2,7,10,4)
(86, 26, 59, 6, 95, 8, 79, 47, 35, 28, 15, 8, 41, 23, 61)(5, 6, 19, 13, 16, 15, 80, 42, 76, 6, 91, 75, 71, 31, 41)(46, 28, 33, 39, 31, 65, 40, 6, 87, 94, 76, 71, 53, 11, 26)(41, 25, 71, 20, 24, 1, 71, 86, 11, 96, 62, 59, 65, 63, 20)(83, 49, 71, 26, 48, 39, 84, 43, 87, 24, 61, 10, 4, 64, 47)(47, 37, 46, 54, 66, 85, 39, 55, 74, 15, 29, 39, 74, 12, 95)(12, 23, 7, 79, 62, 10, 16, 85, 69, 77, 55, 65, 79, 81, 20)(43, 53, 89, 61, 85, 58, 39, 32, 59, 81, 33, 79, 55, 58, 52)(41, 15, 85, 80, 45, 58, 87, 11, 37, 63, 56, 81, 51, 27, 95)
line 36: kNearestNeighbour 8 (9,3,5,5,1,8,4,10,7,6,6,1,1,6,2)
(5, 6, 19, 13, 16, 15, 80, 42, 76, 6, 91, 75, 71, 31, 41)(86, 26, 59, 6, 95, 8, 79, 47, 35, 28, 15, 8, 41, 23, 61)(46, 28, 33, 39, 31, 65, 40, 6, 87, 94, 76, 71, 53, 11, 26)(83, 49, 71, 26, 48, 39, 84, 43, 87, 24, 61, 10, 4, 64, 47)(41, 25, 71, 20, 24, 1, 71, 86, 11, 96, 62, 59, 65, 63, 20)(47, 37, 46, 54, 66, 85, 39, 55, 74, 15, 29, 39, 74, 12, 95)(12, 23, 7, 79, 62, 10, 16, 85, 69, 77, 55, 65, 79, 81, 20)(43, 53, 89, 61, 85, 58, 39, 32, 59, 81, 33, 79, 55, 58, 52)
line 37: nearestNeighbour (9,9,6,3,2,3,8,3,10,9,6,2,10,7,5)
(5, 6, 19, 13, 16, 15, 80, 42, 76, 6, 91, 75, 71, 31, 41)
line 38: kNearestNeighbour 10 (8,1,5,8,2,9,10,9,9,1,5,1,9,8,3)
(5, 6, 19, 13, 16, 15, 80, 42, 76, 6, 91, 75, 71, 31, 41)(86, 26, 59, 6, 95, 8, 79, 47, 35, 28, 15, 8, 41, 23, 61)(46, 28, 33, 39, 31, 65, 40, 6, 87, 94, 76, 71, 53, 11, 26)(83, 49, 71, 26, 48, 39, 84, 43, 87, 24, 61, 10, 4, 64, 47)(41, 25, 71, 20, 24, 1, 71, 86, 11, 96, 62, 59, 65, 63, 20)(47, 37, 46, 54, 66, 85, 39, 55, 74, 15, 29, 39, 74, 12, 95)(12, 23, 7, 79, 62, 10, 16, 85, 69, 77, 55, 65, 79, 81, 20)(43, 53, 89, 61, 85, 58, 39, 32, 59, 81, 33, 79, 55, 58, 52)(41, 15, 85, 80, 45, 58, 87, 11, 37, 63, 56, 81, 51, 27, 95)(86, 36, 99, 73, 81, 80, 24, 44, 72, 14, 68, 48, 37, 63, 63)
line 39: nearestNeighbour (2,7,10,8,4,6,3,9,6,3,10,3,3,10,10)
(5, 6, 19, 13, 16, 15, 80, 42, 76, 6, 91, 75, 71, 31, 41)
line 40: kNearestNeighbour 5 (3,6,9,3,3,2,5,3,8,3,6,3,6,9,1)
(5, 6, 19, 13, 16, 15, 80, 42, 76, 6, 91, 75, 71, 31, 41)(86, 26, 59, 6, 95, 8, 79, 47, 35, 28, 15, 8, 41, 23, 61)(46, 28, 33, 39, 31, 65, 40, 6, 87, 94, 76, 71, 53, 11, 26)(83, 49, 71, 26, 48, 39, 84, 43, 87, 24, 61, 10, 4, 64, 47)(41, 25, 71, 20, 24, 1, 71, 86, 11, 96, 62, 59, 65, 63, 20)
line 41: kNearestNeighbour 3 (10,1,8,10,1,9,3,2,8,10,1,4,8,4,7)
(86, 26, 59, 6, 95, 8, 79, 47, 35, 28, 15, 8, 41, 23, 61)(5, 6, 19, 13, 16, 15, 80, 42, 76, 6, 91, 75, 71, 31, 41)(46, 28, 33, 39, 31, 65, 40, 6, 87, 94, 76, 71, 53, 11, 26)
line 42: kNearestNeighbour 1 (8,9,4,1,1,8,3,6,3,8,5,9,10,6,6)
(5, 6, 19, 13, 16, 15, 80, 42, 76, 6, 91, 75, 71, 31, 41)
line 43: kNearestNeighbour 3 (3,1,9,2,4,5,10,2,2,3,3,6,5,6,8)
(5, 6, 19, 13, 16, 15, 80, 42, 76, 6, 91, 75, 71, 31, 41)(86, 26, 59, 6, 95, 8, 79, 47, 35, 28, 15, 8, 41, 23, 61)(46, 28, 33, 39, 31, 65, 40, 6, 87, 94, 76, 71, 53, 11, 26)
line 44: nearestNeighbour (5,3,2,4,10,10,6,4,7,1,1,6,6,1,10)
(86, 26, 59, 6, 95, 8, 79, 47, 35, 28, 15, 8, 41, 23, 61)
line 45: nearestNeighbour (2,9,8,2,6,1,10,6,7,10,7,10,1,3,10)
(5, 6, 19, 13, 16, 15, 80, 42, 76, 6, 91, 75, 71, 31, 41)
line 46: kNearestNeighbour 6 (5,5,5,2,3,6,3,5,5,8,4,1,3,9,6)
(86, 26, 59, 6, 95, 8, 79, 47, 35, 28, 15, 8, 41, 23, 61)(5, 6, 19, 13, 16, 15, 80, 42, 76, 6, 91, 75, 71, 31, 41)(46, 28, 33, 39, 31, 65, 40, 6, 87, 94, 76, 71, 53, 11, 26)(83, 49, 71, 26, 48, 39, 84, 43, 87, 24, 61, 10, 4, 64, 47)(41, 25, 71, 20, 24, 1, 71, 86, 11, 96, 62, 59, 65, 63, 20)(47, 37, 46, 54, 66, 85, 39, 55, 74, 15, 29, 39, 74, 12, 95)
line 47: kNearestNeighbour 6 (10,10,7,3,9,9,4,5,4,3,2,7,3,6,3)
(86, 26, 59, 6, 95, 8, 79, 47, 35, 28, 15, 8, 41, 23, 61)(5, 6, 19, 13, 16, 15, 80, 42, 76, 6, 91, 75, 71, 31, 41)(46, 28, 33, 39, 31, 65, 40, 6, 87, 94, 76, 71, 53, 11, 26)(83, 49, 71, 26, 48, 39, 84, 43, 87, 24, 61, 10, 4, 64, 47)(41, 25, 71, 20, 24, 1, 71, 86, 11, 96, 62, 59, 65, 63, 20)(47, 37, 46, 54, 66, 85, 39, 55, 74, 15, 29, 39, 74, 12, 95)
line 48: kNearestNeighbour 7 (3,7,7,1,4,8,5,5,2,1,2,10,8,10,10)
(5, 6, 19, 13, 16, 15, 80, 42, 76, 6, 91, 75, 71, 31, 41)(86, 26, 59, 6, 95, 8, 79, 47, 35, 28, 15, 8, 41, 23, 61)(46, 28, 33, 39, 31, 65, 40, 6, 87, 94, 76, 71, 53, 11, 26)(41, 25, 71, 20, 24, 1, 71, 86, 11, 96, 62, 59, 65, 63, 20)(83, 49, 71, 26, 48, 39, 84, 43, 87, 24, 61, 10, 4, 64, 47)(47, 37, 46, 54, 66, 85, 39, 55, 74, 15, 29, 39, 74, 12, 95)(12, 23, 7, 79, 62, 10, 16, 85, 69, 77, 55, 65, 79, 81, 20)
line 49: kNearestNeighbour 4 (9,2,5,9,2,1,4,9,3,2,4,2,7,7,5)
(86, 26, 59, 6, 95, 8, 79, 47, 35, 28, 15, 8, 41, 23, 61)(5, 6, 19, 13, 16, 15, 80, 42, 76, 6, 91, 75, 71, 31, 41)(46, 28, 33, 39, 31, 65, 40, 6, 87, 94, 76, 71, 53, 11, 26)(41, 25, 71, 20, 24, 1, 71, 86, 11, 96, 62, 59, 65, 63, 20)
line 50: kNearestNeighbour 8 (9,4,6,1,4,7,1,1,5,5,8,8,2,6,10)
(5, 6, 19, 13, 16, 15, 80, 42, 76, 6, 91, 75, 71, 31, 41)(86, 26, 59, 6, 95, 8, 79, 47, 35, 28, 15, 8, 41, 23, 61)(46, 28, 33, 39, 31, 65, 40, 6, 87, 94, 76, 71, 53, 11, 26)(83, 49, 71, 26, 48, 39, 84, 43, 87, 24, 61, 10, 4, 64, 47)(41, 25, 71, 20, 24, 1, 71, 86, 11, 96, 62, 59, 65, 63, 20)(47, 37, 46, 54, 66, 85, 39, 55, 74, 15, 29, 39, 74, 12, 95)(12, 23, 7, 79, 62, 10, 16, 85, 69, 77, 55, 65, 79, 81, 20)(43, 53, 89, 61, 85, 58, 39, 32, 59, 81, 33, 79, 55, 58, 52)
line 51: kNearestNeighbour 1 (8,9,9,1,3,6,10,4,6,2,2,4,7,9,1)
(86, 26, 59, 6, 95, 8, 79, 47, 35, 28, 15, 8, 41, 23, 61)
line 52: kNearestNeighbour 2 (9,6,2,10,4,7,3,1,10,4,10,10,5,10,9)
(5, 6, 19, 13, 16, 15, 80, 42, 76, 6, 91, 75, 71, 31, 41)(86, 26, 59, 6, 95, 8, 79, 47, 35, 28, 15, 8, 41, 23, 61)
line 53: kNearestNeighbour 1 (6,7,8,3,7,1,1,2,10,10,7,1,6,10,5)
(86, 26, 59, 6, 95, 8, 79, 47, 35, 28, 15, 8, 41, 23, 61)
line 54: nearestNeighbour (5,3,6,1,6,7,9,8,2,8,9,10,7,2,9)
(5, 6, 19, 13, 16, 15, 80, 42, 76, 6, 91, 75, 71, 31, 41)
line 55: nearestNeighbour (2,2,10,10,8,1,3,6,3,4,8,10,1,4,2)
(5, 6, 19, 13, 16, 15, 80, 42, 76, 6, 91, 75, 71, 31, 41)
line 56: nearestNeighbour (8,5,10,5,10,4,3,10,3,2,2,8,6,4,9)
(86, 26, 59, 6, 95, 8, 79, 47, 35, 28, 15, 8, 41, 23, 61)
line 57: kNearestNeighbour 10 (6,5,2,2,3,3,7,4,4,8,5,2,3,8,4)
(5, 6, 19, 13, 16, 15, 80, 42, 76, 6, 91, 75, 71, 31, 41)(86, 26, 59, 6, 95, 8, 79, 47, 35, 28, 15, 8, 41, 23, 61)(46, 28, 33, 39, 31, 65, 40, 6, 87, 94, 76, 71, 53, 11, 26)(83, 49, 71, 26, 48, 39, 84, 43, 87, 24, 61, 10, 4, 64, 47)(41, 25, 71, 20, 24, 1, 71, 86, 11, 96, 62, 59, 65, 63, 20)(47, 37, 46, 54, 66, 85, 39, 55, 74, 15, 29, 39, 74, 12, 95)(12, 23, 7, 79, 62, 10, 16, 85, 69, 77, 55, 65, 79, 81, 20)(43, 53, 89, 61, 85, 58, 39, 32, 59, 81, 33, 79, 55, 58, 52)(41, 15, 85, 80, 45, 58, 87, 11, 37, 63, 56, 81, 51, 27, 95)(72, 96, 60, 6, 30, 54, 57, 44, 90, 87, 5, 45, 65, 80, 75)
line 58: nearestNeighbour (7,6,7,10,3,5,6,7,3,10,5,3,3,10,6)
(86, 26, 59, 6, 95, 8, 79, 47, 35, 28, 15, 8, 41, 23, 61)
line 59: kNearestNeighbour 6 (10,1,3,5,2,1,2,10,4,10,2,4,8,2,6)
(86, 26, 59, 6, 95, 8, 79, 47, 35, 28, 15, 8, 41, 23, 61)(5, 6, 19, 13, 16, 15, 80, 42, 76, 6, 91, 75, 71, 31, 41)(46, 28, 33, 39, 31, 65, 40, 6, 87, 94, 76, 71, 53, 11, 26)(41, 25, 71, 20, 24, 1, 71, 86, 11, 96, 62, 59, 65, 63, 20)(83, 49, 71, 26, 48, 39, 84, 43, 87, 24, 61, 10, 4, 64, 47)(47, 37, 46, 54, 66, 85, 39, 55, 74, 15, 29, 39, 74, 12, 95)
line 60: nearestNeighbour (8,5,9,3,2,5,8,3,4,3,7,9,1,6,8)
(5, 6, 19, 13, 16, 15, 80, 42, 76, 6, 91, 75, 71, 31, 41)
line 61: kNearestNeighbour 3 (8,1,9,3,7,5,4,7,7,7,7,2,3,8,4)
(86, 26, 59, 6, 95, 8, 79, 47, 35, 28, 15, 8, 41, 23, 61)(5, 6, 19, 13, 16, 15, 80, 42, 76, 6, 91, 75, 71, 31, 41)(46, 28, 33, 39, 31, 65, 40, 6, 87, 94, 76, 71, 53, 11, 26)
line 62: nearestNeighbour (5,10,9,3,2,3,10,1,5,8,6,2,8,3,6)
(5, 6, 19, 13, 16, 15, 80, 42, 76, 6, 91, 75, 71, 31, 41)
line 63: nearestNeighbour (7,6,4,7,9,9,7,1,7,2,1,10,7,10,1)
(5, 6, 19, 13, 16, 15, 80, 42, 76, 6, 91, 75, 71, 31, 41)
line 64: kNearestNeighbour 5 (4,7,7,5,5,4,5,3,3,4,2,9,10,5,2)
(5, 6, 19, 13, 16, 15, 80, 42, 76, 6, 91, 75, 71, 31, 41)(86, 26, 59, 6, 95, 8, 79, 47, 35, 28, 15, 8, 41, 23, 61)(46, 28, 33, 39, 31, 65, 40, 6, 87, 94, 76, 71, 53, 11, 26)(41, 25, 71, 20, 24, 1, 71, 86, 11, 96, 62, 59, 65, 63, 20)(83, 49, 71, 26, 48, 39, 84, 43, 87, 24, 61, 10, 4, 64, 47)
line 65: nearestNeighbour (6,1,4,6,3,2,2,2,6,1,2,1,7,7,6)
(5, 6, 19, 13, 16, 15, 80, 42, 76, 6, 91, 75, 71, 31, 41)
line 66: kNearestNeighbour 8 (3,4,3,9,5,6,4,4,10,3,3,8,3,7,7)
(5, 6, 19, 13, 16, 15, 80, 42, 76, 6, 91, 75, 71, 31, 41)(86, 26, 59, 6, 95, 8, 79, 47, 35, 28, 15, 8, 41, 23, 61)(46, 28, 33, 39, 31, 65, 40, 6, 87, 94, 76, 71, 53, 11, 26)(83, 49, 71, 26, 48, 39, 84, 43, 87, 24, 61, 10, 4, 64, 47)(47, 37, 46, 54, 66, 85, 39, 55, 74, 15, 29, 39, 74, 12, 95)(41, 25, 71, 20, 24, 1, 71, 86, 11, 96, 62, 59, 65, 63, 20)(12, 23, 7, 79, 62, 10, 16, 85, 69, 77, 55, 65, 79, 81, 20)(43, 53, 89, 61, 85, 58, 39, 32, 59, 81, 33, 79, 55, 58, 52)
line 67: nearestNeighbour (7,9,10,4,2,1,7,9,8,5,1,6,1,7,10)
(86, 26, 59, 6, 95, 8, 79, 47, 35, 28, 15, 8, 41, 23, 61)
line 68: kNearestNeighbour 3 (6,1,6,4,9,9,6,2,2,1,5,6,6,5,9)
(86, 26, 59, 6, 95, 8, 79, 47, 35, 28, 15, 8, 41, 23, 61)(5, 6, 19, 13, 16, 15, 80, 42, 76, 6, 91, 75, 71, 31, 41)(46, 28, 33, 39, 31, 65, 40, 6, 87, 94, 76, 71, 53, 11, 26)
line 69: nearestNeighbour (7,6,2,6,9,4,9,7,10,8,5,5,4,8,6)
(86, 26, 59, 6, 95, 8, 79, 47, 35, 28, 15, 8, 41, 23, 61)
line 70: nearestNeighbour (4,10,2,9,10,10,6,9,5,8,1,1,7,2,5)
(86, 26, 59, 6, 95, 8, 79, 47, 35, 28, 15, 8, 41, 23, 61)
line 71: kNearestNeighbour 1 (3,7,4,7,7,5,8,1,9,10,8,5,1,9,2)
(5, 6, 19, 13, 16, 15, 80, 42, 76, 6, 91, 75, 71, 31, 41)
line 72: kNearestNeighbour 8 (3,4,8,9,7,1,8,6,1,2,5,6,7,2,4)
(5, 6, 19, 13, 16, 15, 80, 42, 76, 6, 91, 75, 71, 31, 41)(86, 26, 59, 6, 95, 8, 79, 47, 35, 28, 15, 8, 41, 23, 61)(46, 28, 33, 39, 31, 65, 40, 6, 87, 94, 76, 71, 53, 11, 26)(41, 25, 71, 20, 24, 1, 71, 86, 11, 96, 62, 59, 65, 63, 20)(83, 49, 71, 26, 48, 39, 84, 43, 87, 24, 61, 10, 4, 64, 47)(47, 37, 46, 54, 66, 85, 39, 55, 74, 15, 29, 39, 74, 12, 95)(12, 23, 7, 79, 62, 10, 16, 85, 69, 77, 55, 65, 79, 81, 20)(41, 15, 85, 80, 45, 58, 87, 11, 37, 63, 56, 81, 51, 27, 95)
line 73: nearestNeighbour (8,4,9,7,2,8,4,6,4,4,6,1,5,7,4)
(86, 26, 59, 6, 95, 8, 79, 47, 35, 28, 15, 8, 41, 23, 61)
line 74: kNearestNeighbour 4 (6,3,8,3,6,7,3,5,9,6,9,3,1,5,9)
(5, 6, 19, 13, 16, 15, 80, 42, 76, 6, 91, 75, 71, 31, 41)(86, 26, 59, 6, 95, 8, 79, 47, 35, 28, 15, 8, 41, 23, 61)(46, 28, 33, 39, 31, 65, 40, 6, 87, 94, 76, 71, 53, 11, 26)(83, 49, 71, 26, 48, 39, 84, 43, 87, 24, 61, 10, 4, 64, 47)
line 75: nearestNeighbour (10,6,8,1,5,6,1,7,9,1,9,5,2,6,1)
(5, 6, 19, 13, 16, 15, 80, 42, 76, 6, 91, 75, 71, 31, 41)
line 76: nearestNeighbour (7,10,10,8,6,3,4,7,8,6,2,2,4,5,4)
(86, 26, 59, 6, 95, 8, 79, 47, 35, 28, 15, 8, 41, 23, 61)
line 77: kNearestNeighbour 6 (7,6,8,7,5,4,8,2,4,1,9,5,7,8,3)
(5, 6, 19, 13, 16, 15, 80, 42, 76, 6, 91, 75, 71, 31, 41)(86, 26, 59, 6, 95, 8, 79, 47, 35, 28, 15, 8, 41, 23, 61)(46, 28, 33, 39, 31, 65, 40, 6, 87, 94, 76, 71, 53, 11, 26)(83, 49, 71, 26, 48, 39, 84, 43, 87, 24, 61, 10, 4, 64, 47)(41, 25, 71, 20, 24, 1, 71, 86, 11, 96, 62, 59, 65, 63, 20)(47, 37, 46, 54, 66, 85, 39, 55, 74, 15, 29, 39, 74, 12, 95)
line 78: kNearestNeighbour 3 (9,7,3,2,8,2,8,9,4,9,6,6,4,7,9)
(86, 26, 59, 6, 95, 8, 79, 47, 35, 28, 15, 8, 41, 23, 61)(5, 6, 19, 13, 16, 15, 80, 42, 76, 6, 91, 75, 71, 31, 41)(46, 28, 33, 39, 31, 65, 40, 6, 87, 94, 76, 71, 53, 11, 26)
line 79: nearestNeighbour (6,8,3,4,6,6,4,7,8,4,2,5,6,9,4)
(5, 6, 19, 13, 16, 15, 80, 42, 76, 6, 91, 75, 71, 31, 41)
line 80: kNearestNeighbour 9 (9,1,2,6,7,6,2,3,7,10,3,9,10,3,6)
(5, 6, 19, 13, 16, 15, 80, 42, 76, 6, 91, 75, 71, 31, 41)(86, 26, 59, 6, 95, 8, 79, 47, 35, 28, 15, 8, 41, 23, 61)(46, 28, 33, 39, 31, 65, 40, 6, 87, 94, 76, 71, 53, 11, 26)(41, 25, 71, 20, 24, 1, 71, 86, 11, 96, 62, 59, 65, 63, 20)(47, 37, 46, 54, 66, 85, 39, 55, 74, 15, 29, 39, 74, 12, 95)(83, 49, 71, 26, 48, 39, 84, 43, 87, 24, 61, 10, 4, 64, 47)(12, 23, 7, 79, 62, 10, 16, 85, 69, 77, 55, 65, 79, 81, 20)(43, 53, 89, 61, 85, 58, 39, 32, 59, 81, 33, 79, 55, 58, 52)(41, 15, 85, 80, 45, 58, 87, 11, 37, 63, 56, 81, 51, 27, 95)
line 81: kNearestNeighbour 5 (4,10,3,5,3,7,5,3,5,7,7,2,1,5,6)
(5, 6, 19, 13, 16, 15, 80, 42, 76, 6, 91, 75, 71, 31, 41)(86, 26, 59, 6, 95, 8, 79, 47, 35, 28, 15, 8, 41, 23, 61)(46, 28, 33, 39, 31, 65, 40, 6, 87, 94, 76, 71, 53, 11, 26)(83, 49, 71, 26, 48, 39, 84, 43, 87, 24, 61, 10, 4, 64, 47)(41, 25, 71, 20, 24, 1, 71, 86, 11, 96, 62, 59, 65, 63, 20)
line 82: nearestNeighbour (3,10,5,10,5,2,8,4,4,3,6,10,10,1,5)
(5, 6, 19, 13, 16, 15, 80, 42, 76, 6, 91, 75, 71, 31, 41)
line 83: nearestNeighbour (1,9,8,5,8,7,6,2,1,7,6,7,1,6,4)
(5, 6, 19, 13, 16, 15, 80, 42, 76, 6, 91, 75, 71, 31, 41)
line 84: nearestNeighbour (5,8,2,4,8,4,7,8,5,10,6,3,9,1,9)
(86, 26, 59, 6, 95, 8, 79, 47, 35, 28, 15, 8, 41, 23, 61)
line 85: nearestNeighbour (3,7,1,4,9,4,2,10,7,6,4,5,10,2,4)
(5, 6, 19, 13, 16, 15, 80, 42, 76, 6, 91, 75, 71, 31, 41)
line 86: nearestNeighbour (7,3,6,7,10,3,2,9,1,1,9,6,3,10,10)
(86, 26, 59, 6, 95, 8, 79, 47, 35, 28, 15, 8, 41, 23, 61)
line 87: kNearestNeighbour 2 (2,2,7,8,6,1,8,9,3,1,1,2,6,1,10)
(86, 26, 59, 6, 95, 8, 79, 47, 35, 28, 15, 8, 41, 23, 61)(5, 6, 19, 13, 16, 15, 80, 42, 76, 6, 91, 75, 71, 31, 41)
line 88: kNearestNeighbour 9 (10,1,2,3,1,5,7,7,8,2,7,8,6,2,10)
(5, 6, 19, 13, 16, 15, 80, 42, 76, 6, 91, 75, 71, 31, 41)(86, 26, 59, 6, 95, 8, 79, 47, 35, 28, 15, 8, 41, 23, 61)(46, 28, 33, 39, 31, 65, 40, 6, 87, 94, 76, 71, 53, 11, 26)(83, 49, 71, 26, 48, 39, 84, 43, 87, 24, 61, 10, 4, 64, 47)(47, 37, 46, 54, 66, 85, 39, 55, 74, 15, 29, 39, 74, 12, 95)(41, 25, 71, 20, 24, 1, 71, 86, 11, 96, 62, 59, 65, 63, 20)(12, 23, 7, 79, 62, 10, 16, 85, 69, 77, 55, 65, 79, 81, 20)(41, 15, 85, 80, 45, 58, 87, 11, 37, 63, 56, 81, 51, 27, 95)(43, 53, 89, 61, 85, 58, 39, 32, 59, 81, 33, 79, 55, 58, 52)
line 89: nearestNeighbour (1,3,5,1,4,10,10,7,6,1,5,4,1,8,1)
(5, 6, 19, 13, 16, 15, 80, 42, 76, 6, 91, 75, 71, 31, 41)
line 90: nearestNeighbour (10,8,4,1,9,7,2,1,2,2,9,3,1,2,1)
(86, 26, 59, 6, 95, 8, 79, 47, 35, 28, 15, 8, 41, 23, 61)
line 91: kNearestNeighbour 9 (5,7,7,1,1,4,10,9,9,7,9,9,1,2,10)
(5, 6, 19, 13, 16, 15, 80, 42, 76, 6, 91, 75, 71, 31, 41)(86, 26, 59, 6, 95, 8, 79, 47, 35, 28, 15, 8, 41, 23, 61)(46, 28, 33, 39, 31, 65, 40, 6, 87, 94, 76, 71, 53, 11, 26)(83, 49, 71, 26, 48, 39, 84, 43, 87, 24, 61, 10, 4, 64, 47)(41, 25, 71, 20, 24, 1, 71, 86, 11, 96, 62, 59, 65, 63, 20)(47, 37, 46, 54, 66, 85, 39, 55, 74, 15, 29, 39, 74, 12, 95)(12, 23, 7, 79, 62, 10, 16, 85, 69, 77, 55, 65, 79, 81, 20)(41, 15, 85, 80, 45, 58, 87, 11, 37, 63, 56, 81, 51, 27, 95)(43, 53, 89, 61, 85, 58, 39, 32, 59, 81, 33, 79, 55, 58, 52)
line 92: nearestNeighbour (9,4,7,7,10,2,7,6,8,3,9,4,5,2,7)
(86, 26, 59, 6, 95, 8, 79, 47, 35, 28, 15, 8, 41, 23, 61)
line 93: kNearestNeighbour 4 (6,7,8,9,3,6,7,5,5,4,7,5,1,1,10)
(5, 6, 19, 13, 16, 15, 80, 42, 76, 6, 91, 75, 71, 31, 41)(86, 26, 59, 6, 95, 8, 79, 47, 35, 28, 15, 8, 41, 23, 61)(46, 28, 33, 39, 31, 65, 40, 6, 87, 94, 76, 71, 53, 11, 26)(83, 49, 71, 26, 48, 39, 84, 43, 87, 24, 61, 10, 4, 64, 47)
line 94: kNearestNeighbour 1 (4,3,9,5,5,3,7,1,2,5,8,1,2,5,5)
(86, 26, 59, 6, 95, 8, 79, 47, 35, 28, 15, 8, 41, 23, 61)
line 95: kNearestNeighbour 8 (1,5,6,7,7,4,7,1,8,7,7,1,6,8,4)
(5, 6, 19, 13, 16, 15, 80, 42, 76, 6, 91, 75, 71, 31, 41)(86, 26, 59, 6, 95, 8, 79, 47, 35, 28, 15, 8, 41, 23, 61)(46, 28, 33, 39, 31, 65, 40, 6, 87, 94, 76, 71, 53, 11, 26)(83, 49, 71, 26, 48, 39, 84, 43, 87, 24, 61, 10, 4, 64, 47)(41, 25, 71, 20, 24, 1, 71, 86, 11, 96, 62, 59, 65, 63, 20)(47, 37, 46, 54, 66, 85, 39, 55, 74, 15, 29, 39, 74, 12, 95)(12, 23, 7, 79, 62, 10, 16, 85, 69, 77, 55, 65, 79, 81, 20)(43, 53, 89, 61, 85, 58, 39, 32, 59, 81, 33, 79, 55, 58, 52)
line 96: nearestNeighbour (9,5,1,3,3,1,1,1,2,9,1,4,4,4,6)
(86, 26, 59, 6, 95, 8, 79, 47, 35, 28, 15, 8, 41, 23, 61)
line 97: kNearestNeighbour 10 (7,9,3,2,9,8,10,7,5,5,5,4,2,6,5)
(86, 26, 59, 6, 95, 8, 79, 47, 35, 28, 15, 8, 41, 23, 61)(5, 6, 19, 13, 16, 15, 80, 42, 76, 6, 91, 75, 71, 31, 41)(46, 28, 33, 39, 31, 65, 40, 6, 87, 94, 76, 71, 53, 11, 26)(83, 49, 71, 26, 48, 39, 84, 43, 87, 24, 61, 10, 4, 64, 47)(41, 25, 71, 20, 24, 1, 71, 86, 11, 96, 62, 59, 65, 63, 20)(47, 37, 46, 54, 66, 85, 39, 55, 74, 15, 29, 39, 74, 12, 95)(12, 23, 7, 79, 62, 10, 16, 85, 69, 77, 55, 65, 79, 81, 20)(43, 53, 89, 61, 85, 58, 39, 32, 59, 81, 33, 79, 55, 58, 52)(41, 15, 85, 80, 45, 58, 87, 11, 37, 63, 56, 81, 51, 27, 95)(72, 96, 60, 6, 30, 54, 57, 44, 90, 87, 5, 45, 65, 80, 75)
line 98: nearestNeighbour (7,10,2,5,1,8,4,7,8,9,1,5,2,1,4)
(5, 6, 19, 13, 16, 15, 80, 42, 76, 6, 91, 75, 71, 31, 41)
line 99: nearestNeighbour (9,5,2,8,6,5,10,7,5,8,5,7,9,5,1)
(5, 6, 19, 13, 16, 15, 80, 42, 76, 6, 91, 75, 71, 31, 41)
line 100: nearestNeighbour (7,5,10,3,5,8,10,6,8,8,4,7,4,1,3)
(86, 26, 59, 6, 95, 8, 79, 47, 35, 28, 15, 8, 41, 23, 61)
line 101: nearestNeighbour (1,1,1,2,3,4,4,5,8,10,3,2,5,4,10)
(5, 6, 19, 13, 16, 15, 80, 42, 76, 6, 91, 75, 71, 31, 41)
line 102: nearestNeighbour (2,3,1,5,5,6,10,8,1,8,4,3,9,8,10)
(5, 6, 19, 13, 16, 15, 80, 42, 76, 6, 91, 75, 71, 31, 41)
line 103: nearestNeighbour (1,4,5,10,9,1,8,8,9,5,2,2,9,6,8)
(5, 6, 19, 13, 16, 15, 80, 42, 76, 6, 91, 75, 71, 31, 41)
line 104: nearestNeighbour (1,2,4,5,6,4,8,1,4,5,2,8,5,4,5)
(5, 6, 19, 13, 16, 15, 80, 42, 76, 6, 91, 75, 71, 31, 41)
line 105: kNearestNeighbour 6 (2,4,2,10,8,4,5,3,5,9,10,1,3,10,3)
(5, 6, 19, 13, 16, 15, 80, 42, 76, 6, 91, 75, 71, 31, 41)(86, 26, 59, 6, 95, 8, 79, 47, 35, 28, 15, 8, 41, 23, 61)(46, 28, 33, 39, 31, 65, 40, 6, 87, 94, 76, 71, 53, 11, 26)(83, 49, 71, 26, 48, 39, 84, 43, 87, 24, 61, 10, 4, 64, 47)(41, 25, 71, 20, 24, 1, 71, 86, 11, 96, 62, 59, 65, 63, 20)(47, 37, 46, 54, 66, 85, 39, 55, 74, 15, 29, 39, 74, 12, 95)
line 106: nearestNeighbour (3,2,7,9,10,8,2,2,6,1,8,4,9,2,2)
(5, 6, 19, 13, 16, 15, 80, 42, 76, 6, 91, 75, 71, 31, 41)
line 107: kNearestNeighbour 9 (7,4,8,1,5,9,9,9,7,5,9,3,1,8,8)
(5, 6, 19, 13, 16, 15, 80, 42, 76, 6, 91, 75, 71, 31, 41)(86, 26, 59, 6, 95, 8, 79, 47, 35, 28, 15, 8, 41, 23, 61)(46, 28, 33, 39, 31, 65, 40, 6, 87, 94, 76, 71, 53, 11, 26)(83, 49, 71, 26, 48, 39, 84, 43, 87, 24, 61, 10, 4, 64, 47)(41, 25, 71, 20, 24, 1, 71, 86, 11, 96, 62, 59, 65, 63, 20)(47, 37, 46, 54, 66, 85, 39, 55, 74, 15, 29, 39, 74, 12, 95)(12, 23, 7, 79, 62, 10, 16, 85, 69, 77, 55, 65, 79, 81, 20)(43, 53, 89, 61, 85, 58, 39, 32, 59, 81, 33, 79, 55, 58, 52)(41, 15, 85, 80, 45, 58, 87, 11, 37, 63, 56, 81, 51, 27, 95)
line 108: kNearestNeighbour 1 (2,4,2,2,8,2,9,7,7,9,3,1,6,2,6)
(86, 26, 59, 6, 95, 8, 79, 47, 35, 28, 15, 8, 41, 23, 61)
line 109: nearestNeighbour (4,8,8,6,1,1,7,4,2,9,1,10,8,1,10)
(5, 6, 19, 13, 16, 15, 80, 42, 76, 6, 91, 75, 71, 31, 41)
line 110: kNearestNeighbour 1 (7,8,6,3,5,7,6,8,9,8,5,8,10,8,3)
(5, 6, 19, 13, 16, 15, 80, 42, 76, 6, 91, 75, 71, 31, 41)
line 111: kNearestNeighbour 7 (3,7,5,2,10,5,7,7,3,3,8,6,3,7,7)
(5, 6, 19, 13, 16, 15, 80, 42, 76, 6, 91, 75, 71, 31, 41)(86, 26, 59, 6, 95, 8, 79, 47, 35, 28, 15, 8, 41, 23, 61)(46, 28, 33, 39, 31, 65, 40, 6, 87, 94, 76, 71, 53, 11, 26)(83, 49, 71, 26, 48, 39, 84, 43, 87, 24, 61, 10, 4, 64, 47)(41, 25, 71, 20, 24, 1, 71, 86, 11, 96, 62, 59, 65, 63, 20)(47, 37, 46, 54, 66, 85, 39, 55, 74, 15, 29, 39, 74, 12, 95)(12, 23, 7, 79, 62, 10, 16, 85, 69, 77, 55, 65, 79, 81, 20)
line 112: nearestNeighbour (6,2,6,6,10,2,8,7,10,7,4,2,9,9,3)
(86, 26, 59, 6, 95, 8, 79, 47, 35, 28, 15, 8, 41, 23, 61)
line 113: kNearestNeighbour 8 (8,7,2,10,8,5,9,9,2,7,6,7,1,2,9)
(86, 26, 59, 6, 95, 8, 79, 47, 35, 28, 15, 8, 41, 23, 61)(5, 6, 19, 13, 16, 15, 80, 42, 76, 6, 91, 75, 71, 31, 41)(46, 28, 33, 39, 31, 65, 40, 6, 87, 94, 76, 71, 53, 11, 26)(83, 49, 71, 26, 48, 39, 84, 43, 87, 24, 61, 10, 4, 64, 47)(41, 25, 71, 20, 24, 1, 71, 86, 11, 96, 62, 59, 65, 63, 20)(47, 37, 46, 54, 66, 85, 39, 55, 74, 15, 29, 39, 74, 12, 95)(12, 23, 7, 79, 62, 10, 16, 85, 69, 77, 55, 65, 79, 81, 20)(41, 15, 85, 80, 45, 58, 87, 11, 37, 63, 56, 81, 51, 27, 95)
line 114: kNearestNeighbour 5 (2,2,7,8,1,3,7,9,2,3,4,5,6,10,2)
(5, 6, 19, 13, 16, 15, 80, 42, 76, 6, 91, 75, 71, 31, 41)(86, 26, 59, 6, 95, 8, 79, 47, 35, 28, 15, 8, 41, 23, 61)(46, 28, 33, 39, 31, 65, 40, 6, 87, 94, 76, 71, 53, 11, 26)(41, 25, 71, 20, 24, 1, 71, 86, 11, 96, 62, 59, 65, 63, 20)(83, 49, 71, 26, 48, 39, 84, 43, 87, 24, 61, 10, 4, 64, 47)
line 115: nearestNeighbour (2,10,5,1,1,10,5,5,7,9,8,9,8,5,5)
(5, 6, 19, 13, 16, 15, 80, 42, 76, 6, 91, 75, 71, 31, 41)
line 116: nearestNeighbour (8,5,9,7,5,10,3,5,1,3,7,4,1,10,5)
(86, 26, 59, 6, 95, 8, 79, 47, 35, 28, 15, 8, 41, 23, 61)
line 117: nearestNeighbour (10,3,6,1,7,8,1,4,5,3,6,4,6,1,3)
(86, 26, 59, 6, 95, 8, 79, 47, 35, 28, 15, 8, 41, 23, 61)
line 118: kNearestNeighbour 1 (8,3,7,1,10,1,3,2,3,2,8,6,2,2,9)
(86, 26, 59, 6, 95, 8, 79, 47, 35, 28, 15, 8, 41, 23, 61)
line 119: kNearestNeighbour 1 (2,6,4,3,2,3,3,1,4,7,6,3,9,10,9)
(5, 6, 19, 13, 16, 15, 80, 42, 76, 6, 91, 75, 71, 31, 41)
line 120: kNearestNeighbour 6 (3,9,6,10,8,6,1,4,1,6,6,1,4,3,8)
(86, 26, 59, 6, 95, 8, 79, 47, 35, 28, 15, 8, 41, 23, 61)(5, 6, 19, 13, 16, 15, 80, 42, 76, 6, 91, 75, 71, 31, 41)(46, 28, 33, 39, 31, 65, 40, 6, 87, 94, 76, 71, 53, 11, 26)(83, 49, 71, 26, 48, 39, 84, 43, 87, 24, 61, 10, 4, 64, 47)(47, 37, 46, 54, 66, 85, 39, 55, 74, 15, 29, 39, 74, 12, 95)(41, 25, 71, 20, 24, 1, 71, 86, 11, 96, 62, 59, 65, 63, 20)
line 121: kNearestNeighbour 7 (6,7,10,9,10,7,8,3,9,3,3,8,10,3,5)
(86, 26, 59, 6, 95, 8, 79, 47, 35, 28, 15, 8, 41, 23, 61)(5, 6, 19, 13, 16, 15, 80, 42, 76, 6, 91, 75, 71, 31, 41)(46, 28, 33, 39, 31, 65, 40, 6, 87, 94, 76, 71, 53, 11, 26)(83, 49, 71, 26, 48, 39, 84, 43, 87, 24, 61, 10, 4, 64, 47)(47, 37, 46, 54, 66, 85, 39, 55, 74, 15, 29, 39, 74, 12, 95)(41, 25, 71, 20, 24, 1, 71, 86, 11, 96, 62, 59, 65, 63, 20)(12, 23, 7, 79, 62, 10, 16, 85, 69, 77, 55, 65, 79, 81, 20)
line 122: nearestNeighbour (1,2,3,9,4,2,7,4,9,3,4,3,8,10,6)
(5, 6, 19, 13, 16, 15, 80, 42, 76, 6, 91, 75, 71, 31, 41)
line 123: kNearestNeighbour 10 (8,10,4,7,4,7,10,8,3,2,4,4,1,5,4)
(86, 26, 59, 6, 95, 8, 79, 47, 35, 28, 15, 8, 41, 23, 61)(5, 6, 19, 13, 16, 15, 80, 42, 76, 6, 91, 75, 71, 31, 41)(46, 28, 33, 39, 31, 65, 40, 6, 87, 94, 76, 71, 53, 11, 26)(83, 49, 71, 26, 48, 39, 84, 43, 87, 24, 61, 10, 4, 64, 47)(41, 25, 71, 20, 24, 1, 71, 86, 11, 96, 62, 59, 65, 63, 20)(47, 37, 46, 54, 66, 85, 39, 55, 74, 15, 29, 39, 74, 12, 95)(12, 23, 7, 79, 62, 10, 16, 85, 69, 77, 55, 65, 79, 81, 20)(43, 53, 89, 61, 85, 58, 39, 32, 59, 81, 33, 79, 55, 58, 52)(41, 15, 85, 80, 45, 58, 87, 11, 37, 63, 56, 81, 51, 27, 95)(86, 36, 99, 73, 81, 80, 24, 44, 72, 14, 68, 48, 37, 63, 63)
line 124: kNearestNeighbour 10 (5,7,4,8,2,6,3,3,8,7,7,7,6,10,8)
(5, 6, 19, 13, 16, 15, 80, 42, 76, 6, 91, 75, 71, 31, 41)(86, 26, 59, 6, 95, 8, 79, 47, 35, 28, 15, 8, 41, 23, 61)(46, 28, 33, 39, 31, 65, 40, 6, 87, 94, 76, 71, 53, 11, 26)(83, 49, 71, 26, 48, 39, 84, 43, 87, 24, 61, 10, 4, 64, 47)(41, 25, 71, 20, 24, 1, 71, 86, 11, 96, 62, 59, 65, 63, 20)(47, 37, 46, 54, 66, 85, 39, 55, 74, 15, 29, 39, 74, 12, 95)(12, 23, 7, 79, 62, 10, 16, 85, 69, 77, 55, 65, 79, 81, 20)(43, 53, 89, 61, 85, 58, 39, 32, 59, 81, 33, 79, 55, 58, 52)(41, 15, 85, 80, 45, 58, 87, 11, 37, 63, 56, 81, 51, 27, 95)(72, 96, 60, 6, 30, 54, 57, 44, 90, 87, 5, 45, 65, 80, 75)
line 125: nearestNeighbour (5,2,1,6,9,6,7,8,2,1,3,2,7,2,2)
(86, 26, 59, 6, 95, 8, 79, 47, 35, 28, 15, 8, 41, 23, 61)
line 126: nearestNeighbour (5,9,5,9,4,5,7,2,10,3,4,4,5,3,2)
(5, 6, 19, 13, 16, 15, 80, 42, 76, 6, 91, 75, 71, 31, 41)
line 127: nearestNeighbour (10,3,2,8,1,5,7,10,3,10,9,6,4,7,3)
(5, 6, 19, 13, 16, 15, 80, 42, 76, 6, 91, 75, 71, 31, 41)
line 128: nearestNeighbour (2,3,7,9,9,6,10,8,8,7,5,6,6,7,6)
(5, 6, 19, 13, 16, 15, 80, 42, 76, 6, 91, 75, 71, 31, 41)
line 129: nearestNeighbour (3,6,9,2,7,1,4,9,6,2,6,9,8,8,9)
(5, 6, 19, 13, 16, 15, 80, 42, 76, 6, 91, 75, 71, 31, 41)
line 130: kNearestNeighbour 7 (6,6,5,6,10,7,1,9,1,3,5,10,7,10,8)
(86, 26, 59, 6, 95, 8, 79, 47, 35, 28, 15, 8, 41, 23, 61)(5, 6, 19, 13, 16, 15, 80, 42, 76, 6, 91, 75, 71, 31, 41)(46, 28, 33, 39, 31, 65, 40, 6, 87, 94, 76, 71, 53, 11, 26)(41, 25, 71, 20, 24, 1, 71, 86, 11, 96, 62, 59, 65, 63, 20)(47, 37, 46, 54, 66, 85, 39, 55, 74, 15, 29, 39, 74, 12, 95)(83, 49, 71, 26, 48, 39, 84, 43, 87, 24, 61, 10, 4, 64, 47)(12, 23, 7, 79, 62, 10, 16, 85, 69, 77, 55, 65, 79, 81, 20)
line 131: kNearestNeighbour 3 (4,7,7,3,8,1,6,5,7,1,7,1,6,10,7)
(86, 26, 59, 6, 95, 8, 79, 47, 35, 28, 15, 8, 41, 23, 61)(5, 6, 19, 13, 16, 15, 80, 42, 76, 6, 91, 75, 71, 31, 41)(46, 28, 33, 39, 31, 65, 40, 6, 87, 94, 76, 71, 53, 11, 26)
line 132: kNearestNeighbour 6 (6,5,3,2,2,4,3,9,7,3,4,1,6,2,10)
(5, 6, 19, 13, 16, 15, 80, 42, 76, 6, 91, 75, 71, 31, 41)(86, 26, 59, 6, 95, 8, 79, 47, 35, 28, 15, 8, 41, 23, 61)(46, 28, 33, 39, 31, 65, 40, 6, 87, 94, 76, 71, 53, 11, 26)(83, 49, 71, 26, 48, 39, 84, 43, 87, 24, 61, 10, 4, 64, 47)(47, 37, 46, 54, 66, 85, 39, 55, 74, 15, 29, 39, 74, 12, 95)(41, 25, 71, 20, 24, 1, 71, 86, 11, 96, 62, 59, 65, 63, 20)
line 133: nearestNeighbour (6,4,5,3,10,5,3,2,8,10,2,5,5,4,8)
(86, 26, 59, 6, 95, 8, 79, 47, 35, 28, 15, 8, 41, 23, 61)
line 134: kNearestNeighbour 7 (7,6,5,3,1,10,5,2,4,3,4,9,1,9,8)
(5, 6, 19, 13, 16, 15, 80, 42, 76, 6, 91, 75, 71, 31, 41)(86, 26, 59, 6, 95, 8, 79, 47, 35, 28, 15, 8, 41, 23, 61)(46, 28, 33, 39, 31, 65, 40, 6, 87, 94, 76, 71, 53, 11, 26)(83, 49, 71, 26, 48, 39, 84, 43, 87, 24, 61, 10, 4, 64, 47)(41, 25, 71, 20, 24, 1, 71, 86, 11, 96, 62, 59, 65, 63, 20)(47, 37, 46, 54, 66, 85, 39, 55, 74, 15, 29, 39, 74, 12, 95)(12, 23, 7, 79, 62, 10, 16, 85, 69, 77, 55, 65, 79, 81, 20)
line 135: kNearestNeighbour 4 (7,5,3,6,10,3,6,5,8,7,7,5,4,9,6)
(86, 26, 59, 6, 95, 8, 79, 47, 35, 28, 15, 8, 41, 23, 61)(5, 6, 19, 13, 16, 15, 80, 42, 76, 6, 91, 75, 71, 31, 41)(46, 28, 33, 39, 31, 65, 40, 6, 87, 94, 76, 71, 53, 11, 26)(83, 49, 71, 26, 48, 39, 84, 43, 87, 24, 61, 10, 4, 64, 47)
line 136: nearestNeighbour (7,8,10,2,10,3,3,6,4,6,10,9,7,4,7)
(86, 26, 59, 6, 95, 8, 79, 47, 35, 28, 15, 8, 41, 23, 61)
line 137: kNearestNeighbour 5 (10,9,8,5,10,8,9,4,8,1,9,1,3,7,5)
(86, 26, 59, 6, 95, 8, 79, 47, 35, 28, 15, 8, 41, 23, 61)(5, 6, 19, 13, 16, 15, 80, 42, 76, 6, 91, 75, 71, 31, 41)(46, 28, 33, 39, 31, 65, 40, 6, 87, 94, 76, 71, 53, 11, 26)(83, 49, 71, 26, 48, 39, 84, 43, 87, 24, 61, 10, 4, 64, 47)(47, 37, 46, 54, 66, 85, 39, 55, 74, 15, 29, 39, 74, 12, 95)
line 138: kNearestNeighbour 4 (2,1,9,4,10,9,4,1,2,9,8,4,2,6,9)
(86, 26, 59, 6, 95, 8, 79, 47, 35, 28, 15, 8, 41, 23, 61)(5, 6, 19, 13, 16, 15, 80, 42, 76, 6, 91, 75, 71, 31, 41)(46, 28, 33, 39, 31, 65, 40, 6, 87, 94, 76, 71, 53, 11, 26)(83, 49, 71, 26, 48, 39, 84, 43, 87, 24, 61, 10, 4, 64, 47)
line 139: nearestNeighbour (1,2,8,3,10,1,3,5,7,6,5,10,8,7,5)
(5, 6, 19, 13, 16, 15, 80, 42, 76, 6, 91, 75, 71, 31, 41)
line 140: nearestNeighbour (9,8,4,10,8,4,5,4,1,2,8,4,7,2,3)
(86, 26, 59, 6, 95, 8, 79, 47, 35, 28, 15, 8, 41, 23, 61)
line 141: kNearestNeighbour 5 (1,10,2,2,3,10,1,10,4,6,8,4,3,5,5)
(5, 6, 19, 13, 16, 15, 80, 42, 76, 6, 91, 75, 71, 31, 41)(86, 26, 59, 6, 95, 8, 79, 47, 35, 28, 15, 8, 41, 23, 61)(46, 28, 33, 39, 31, 65, 40, 6, 87, 94, 76, 71, 53, 11, 26)(41, 25, 71, 20, 24, 1, 71, 86, 11, 96, 62, 59, 65, 63, 20)(83, 49, 71, 26, 48, 39, 84, 43, 87, 24, 61, 10, 4, 64, 47)
line 142: kNearestNeighbour 6 (7,3,10,9,5,1,9,4,10,5,10,10,8,1,5)
(5, 6, 19, 13, 16, 15, 80, 42, 76, 6, 91, 75, 71, 31, 41)(86, 26, 59, 6, 95, 8, 79, 47, 35, 28, 15, 8, 41, 23, 61)(46, 28, 33, 39, 31, 65, 40, 6, 87, 94, 76, 71, 53, 11, 26)(83, 49, 71, 26, 48, 39, 84, 43, 87, 24, 61, 10, 4, 64, 47)(41, 25, 71, 20, 24, 1, 71, 86, 11, 96, 62, 59, 65, 63, 20)(47, 37, 46, 54, 66, 85, 39, 55, 74, 15, 29, 39, 74, 12, 95)
line 143: kNearestNeighbour 9 (10,4,8,4,6,3,9,1,1,8,7,1,1,3,5)
(86, 26, 59, 6, 95, 8, 79, 47, 35, 28, 15, 8, 41, 23, 61)(5, 6, 19, 13, 16, 15, 80, 42, 76, 6, 91, 75, 71, 31, 41)(46, 28, 33, 39, 31, 65, 40, 6, 87, 94, 76, 71, 53, 11, 26)(83, 49, 71, 26, 48, 39, 84, 43, 87, 24, 61, 10, 4, 64, 47)(41, 25, 71, 20, 24, 1, 71, 86, 11, 96, 62, 59, 65, 63, 20)(47, 37, 46, 54, 66, 85, 39, 55, 74, 15, 29, 39, 74, 12, 95)(12, 23, 7, 79, 62, 10, 16, 85, 69, 77, 55, 65, 79, 81, 20)(41, 15, 85, 80, 45, 58, 87, 11, 37, 63, 56, 81, 51, 27, 95)(43, 53, 89, 61, 85, 58, 39, 32, 59, 81, 33, 79, 55, 58, 52)
line 144: nearestNeighbour (8,9,1,4,10,9,10,8,1,5,2,8,7,2,8)
(86, 26, 59, 6, 95, 8, 79, 47, 35, 28, 15, 8, 41, 23, 61)
line 145: nearestNeighbour (9,3,2,3,5,4,6,7,9,2,2,5,2,6,10)
(86, 26, 59, 6, 95, 8, 79, 47, 35, 28, 15, 8, 41, 23, 61)
line 146: kNearestNeighbour 8 (2,5,7,6,1,10,10,10,5,9,10,7,3,2,6)
(5, 6, 19, 13, 16, 15, 80, 42, 76, 6, 91, 75, 71, 31, 41)(86, 26, 59, 6, 95, 8, 79, 47, 35, 28, 15, 8, 41, 23, 61)(46, 28, 33, 39, 31, 65, 40, 6, 87, 94, 76, 71, 53, 11, 26)(41, 25, 71, 20, 24, 1, 71, 86, 11, 96, 62, 59, 65, 63, 20)(83, 49, 71, 26, 48, 39, 84, 43, 87, 24, 61, 10, 4, 64, 47)(47, 37, 46, 54, 66, 85, 39, 55, 74, 15, 29, 39, 74, 12, 95)(12, 23, 7, 79, 62, 10, 16, 85, 69, 77, 55, 65, 79, 81, 20)(41, 15, 85, 80, 45, 58, 87, 11, 37, 63, 56, 81, 51, 27, 95)
line 147: nearestNeighbour (6,2,3,3,6,6,7,7,5,10,6,8,9,4,3)
(5, 6, 19, 13, 16, 15, 80, 42, 76, 6, 91, 75, 71, 31, 41)
line 148: kNearestNeighbour 9 (2,8,8,8,3,8,9,8,4,9,9,6,3,10,6)
