line 1: k=17
line 2: clear
line 3: buildTree 19
(91,51,56,89,17,23,90,60,26,98,94,34,94,84,70,75,95) (87,49,79,24,62,71,73,53,60,66,4,32,7,32,12,51,15) (70,65,86,30,91,57,75,18,89,17,1,93,7,17,59,17,15) (100,48,54,70,22,83,57,45,1,80,14,39,61,4,73,51,7) (56,49,73,49,85,81,64,77,21,45,45,1,96,63,64,87,46) (26,39,63,59,80,74,85,41,21,17,4,21,34,53,3,10,91) (29,46,52,44,48,14,82,96,67,67,2,92,90,31,69,40,74) (58,21,56,76,47,57,90,82,76,43,72,28,80,99,81,1,46) (59,14,73,61,7,34,65,62,16,38,40,8,13,10,1,45,66) (57,15,33,83,75,25,76,22,87,4,42,30,23,67,68,48,12) (35,46,52,5,100,31,59,33,36,64,31,13,9,59,48,83,53) (7,29,5,81,90,78,16,77,82,17,3,95,6,52,50,65,53) (9,20,50,96,66,8,19,15,27,97,92,16,45,64,38,34,54) (42,79,35,49,17,90,58,91,9,18,68,8,90,24,63,40,88) (91,13,80,20,68,4,9,20,8,28,77,89,12,2,10,87,58) (41,35,100,39,7,60,46,39,4,20,8,18,89,30,57,57,78) (82,36,44,55,59,8,25,48,87,72,44,62,43,69,72,56,89) (40,13,82,69,2,17,40,71,76,88,50,55,18,83,42,22,78) (32,14,69,40,55,73,56,10,62,39,88,52,5,91,65,48,64) 
line 4: nodeCount_height_leafCount
nodeCount=19;height=5;leafCount=8
line 5: inorderTraversal
(7, 29, 5, 81, 90, 78, 16, 77, 82, 17, 3, 95, 6, 52, 50, 65, 53) (9, 20, 50, 96, 66, 8, 19, 15, 27, 97, 92, 16, 45, 64, 38, 34, 54) (32, 14, 69, 40, 55, 73, 56, 10, 62, 39, 88, 52, 5, 91, 65, 48, 64) (40, 13, 82, 69, 2, 17, 40, 71, 76, 88, 50, 55, 18, 83, 42, 22, 78) (41, 35, 100, 39, 7, 60, 46, 39, 4, 20, 8, 18, 89, 30, 57, 57, 78) (42, 79, 35, 49, 17, 90, 58, 91, 9, 18, 68, 8, 90, 24, 63, 40, 88) (29, 46, 52, 44, 48, 14, 82, 96, 67, 67, 2, 92, 90, 31, 69, 40, 74) (35, 46, 52, 5, 100, 31, 59, 33, 36, 64, 31, 13, 9, 59, 48, 83, 53) (26, 39, 63, 59, 80, 74, 85, 41, 21, 17, 4, 21, 34, 53, 3, 10, 91) (56, 49, 73, 49, 85, 81, 64, 77, 21, 45, 45, 1, 96, 63, 64, 87, 46) (57, 15, 33, 83, 75, 25, 76, 22, 87, 4, 42, 30, 23, 67, 68, 48, 12) (58, 21, 56, 76, 47, 57, 90, 82, 76, 43, 72, 28, 80, 99, 81, 1, 46) (91, 13, 80, 20, 68, 4, 9, 20, 8, 28, 77, 89, 12, 2, 10, 87, 58) (59, 14, 73, 61, 7, 34, 65, 62, 16, 38, 40, 8, 13, 10, 1, 45, 66) (82, 36, 44, 55, 59, 8, 25, 48, 87, 72, 44, 62, 43, 69, 72, 56, 89) (100, 48, 54, 70, 22, 83, 57, 45, 1, 80, 14, 39, 61, 4, 73, 51, 7) (91, 51, 56, 89, 17, 23, 90, 60, 26, 98, 94, 34, 94, 84, 70, 75, 95) (87, 49, 79, 24, 62, 71, 73, 53, 60, 66, 4, 32, 7, 32, 12, 51, 15) (70, 65, 86, 30, 91, 57, 75, 18, 89, 17, 1, 93, 7, 17, 59, 17, 15) 
line 6: preorderTraversal
(56, 49, 73, 49, 85, 81, 64, 77, 21, 45, 45, 1, 96, 63, 64, 87, 46) (41, 35, 100, 39, 7, 60, 46, 39, 4, 20, 8, 18, 89, 30, 57, 57, 78) (9, 20, 50, 96, 66, 8, 19, 15, 27, 97, 92, 16, 45, 64, 38, 34, 54) (7, 29, 5, 81, 90, 78, 16, 77, 82, 17, 3, 95, 6, 52, 50, 65, 53) (32, 14, 69, 40, 55, 73, 56, 10, 62, 39, 88, 52, 5, 91, 65, 48, 64) (40, 13, 82, 69, 2, 17, 40, 71, 76, 88, 50, 55, 18, 83, 42, 22, 78) (29, 46, 52, 44, 48, 14, 82, 96, 67, 67, 2, 92, 90, 31, 69, 40, 74) (42, 79, 35, 49, 17, 90, 58, 91, 9, 18, 68, 8, 90, 24, 63, 40, 88) (35, 46, 52, 5, 100, 31, 59, 33, 36, 64, 31, 13, 9, 59, 48, 83, 53) (26, 39, 63, 59, 80, 74, 85, 41, 21, 17, 4, 21, 34, 53, 3, 10, 91) (82, 36, 44, 55, 59, 8, 25, 48, 87, 72, 44, 62, 43, 69, 72, 56, 89) (58, 21, 56, 76, 47, 57, 90, 82, 76, 43, 72, 28, 80, 99, 81, 1, 46) (57, 15, 33, 83, 75, 25, 76, 22, 87, 4, 42, 30, 23, 67, 68, 48, 12) (91, 13, 80, 20, 68, 4, 9, 20, 8, 28, 77, 89, 12, 2, 10, 87, 58) (59, 14, 73, 61, 7, 34, 65, 62, 16, 38, 40, 8, 13, 10, 1, 45, 66) (91, 51, 56, 89, 17, 23, 90, 60, 26, 98, 94, 34, 94, 84, 70, 75, 95) (100, 48, 54, 70, 22, 83, 57, 45, 1, 80, 14, 39, 61, 4, 73, 51, 7) (87, 49, 79, 24, 62, 71, 73, 53, 60, 66, 4, 32, 7, 32, 12, 51, 15) (70, 65, 86, 30, 91, 57, 75, 18, 89, 17, 1, 93, 7, 17, 59, 17, 15) 
line 7: postorderTraversal
(7, 29, 5, 81, 90, 78, 16, 77, 82, 17, 3, 95, 6, 52, 50, 65, 53) (40, 13, 82, 69, 2, 17, 40, 71, 76, 88, 50, 55, 18, 83, 42, 22, 78) (32, 14, 69, 40, 55, 73, 56, 10, 62, 39, 88, 52, 5, 91, 65, 48, 64) (9, 20, 50, 96, 66, 8, 19, 15, 27, 97, 92, 16, 45, 64, 38, 34, 54) (42, 79, 35, 49, 17, 90, 58, 91, 9, 18, 68, 8, 90, 24, 63, 40, 88) (26, 39, 63, 59, 80, 74, 85, 41, 21, 17, 4, 21, 34, 53, 3, 10, 91) (35, 46, 52, 5, 100, 31, 59, 33, 36, 64, 31, 13, 9, 59, 48, 83, 53) (29, 46, 52, 44, 48, 14, 82, 96, 67, 67, 2, 92, 90, 31, 69, 40, 74) (41, 35, 100, 39, 7, 60, 46, 39, 4, 20, 8, 18, 89, 30, 57, 57, 78) (57, 15, 33, 83, 75, 25, 76, 22, 87, 4, 42, 30, 23, 67, 68, 48, 12) (59, 14, 73, 61, 7, 34, 65, 62, 16, 38, 40, 8, 13, 10, 1, 45, 66) (91, 13, 80, 20, 68, 4, 9, 20, 8, 28, 77, 89, 12, 2, 10, 87, 58) (58, 21, 56, 76, 47, 57, 90, 82, 76, 43, 72, 28, 80, 99, 81, 1, 46) (100, 48, 54, 70, 22, 83, 57, 45, 1, 80, 14, 39, 61, 4, 73, 51, 7) (70, 65, 86, 30, 91, 57, 75, 18, 89, 17, 1, 93, 7, 17, 59, 17, 15) (87, 49, 79, 24, 62, 71, 73, 53, 60, 66, 4, 32, 7, 32, 12, 51, 15) (91, 51, 56, 89, 17, 23, 90, 60, 26, 98, 94, 34, 94, 84, 70, 75, 95) (82, 36, 44, 55, 59, 8, 25, 48, 87, 72, 44, 62, 43, 69, 72, 56, 89) (56, 49, 73, 49, 85, 81, 64, 77, 21, 45, 45, 1, 96, 63, 64, 87, 46) 
line 8: nearestNeighbour (1,7,8,4,2,5,3,10,3,5,9,5,7,8,3,5,2)
(59, 14, 73, 61, 7, 34, 65, 62, 16, 38, 40, 8, 13, 10, 1, 45, 66)
line 9: kNearestNeighbour 10 (4,3,7,10,7,3,5,3,6,4,1,6,5,5,4,5,7)
(59, 14, 73, 61, 7, 34, 65, 62, 16, 38, 40, 8, 13, 10, 1, 45, 66)(26, 39, 63, 59, 80, 74, 85, 41, 21, 17, 4, 21, 34, 53, 3, 10, 91)(35, 46, 52, 5, 100, 31, 59, 33, 36, 64, 31, 13, 9, 59, 48, 83, 53)(41, 35, 100, 39, 7, 60, 46, 39, 4, 20, 8, 18, 89, 30, 57, 57, 78)(57, 15, 33, 83, 75, 25, 76, 22, 87, 4, 42, 30, 23, 67, 68, 48, 12)(87, 49, 79, 24, 62, 71, 73, 53, 60, 66, 4, 32, 7, 32, 12, 51, 15)(91, 13, 80, 20, 68, 4, 9, 20, 8, 28, 77, 89, 12, 2, 10, 87, 58)(9, 20, 50, 96, 66, 8, 19, 15, 27, 97, 92, 16, 45, 64, 38, 34, 54)(100, 48, 54, 70, 22, 83, 57, 45, 1, 80, 14, 39, 61, 4, 73, 51, 7)(32, 14, 69, 40, 55, 73, 56, 10, 62, 39, 88, 52, 5, 91, 65, 48, 64)
line 10: nearestNeighbour (2,1,6,8,1,5,2,9,3,3,7,2,6,5,4,3,6)
(59, 14, 73, 61, 7, 34, 65, 62, 16, 38, 40, 8, 13, 10, 1, 45, 66)
line 11: nearestNeighbour (3,3,10,8,1,2,7,7,5,5,8,8,10,2,2,3,10)
(59, 14, 73, 61, 7, 34, 65, 62, 16, 38, 40, 8, 13, 10, 1, 45, 66)
line 12: kNearestNeighbour 1 (1,5,5,7,8,5,4,2,1,9,9,1,5,9,10,1,2)
(59, 14, 73, 61, 7, 34, 65, 62, 16, 38, 40, 8, 13, 10, 1, 45, 66)
line 13: nearestNeighbour (10,8,5,1,9,4,4,6,1,3,4,9,9,8,10,1,1)
(59, 14, 73, 61, 7, 34, 65, 62, 16, 38, 40, 8, 13, 10, 1, 45, 66)
line 14: kNearestNeighbour 3 (9,9,5,10,4,5,9,3,5,9,10,7,2,8,4,2,1)
(59, 14, 73, 61, 7, 34, 65, 62, 16, 38, 40, 8, 13, 10, 1, 45, 66)(35, 46, 52, 5, 100, 31, 59, 33, 36, 64, 31, 13, 9, 59, 48, 83, 53)(26, 39, 63, 59, 80, 74, 85, 41, 21, 17, 4, 21, 34, 53, 3, 10, 91)
line 15: nearestNeighbour (10,5,8,2,1,9,6,6,2,7,1,2,2,3,4,6,2)
(59, 14, 73, 61, 7, 34, 65, 62, 16, 38, 40, 8, 13, 10, 1, 45, 66)
line 16: kNearestNeighbour 3 (10,7,9,3,6,4,5,9,6,8,7,5,2,8,4,10,2)
(59, 14, 73, 61, 7, 34, 65, 62, 16, 38, 40, 8, 13, 10, 1, 45, 66)(35, 46, 52, 5, 100, 31, 59, 33, 36, 64, 31, 13, 9, 59, 48, 83, 53)(41, 35, 100, 39, 7, 60, 46, 39, 4, 20, 8, 18, 89, 30, 57, 57, 78)
line 17: nearestNeighbour (8,2,8,9,1,8,2,6,4,3,3,9,8,2,4,3,5)
(59, 14, 73, 61, 7, 34, 65, 62, 16, 38, 40, 8, 13, 10, 1, 45, 66)
line 18: nearestNeighbour (6,1,10,5,5,2,4,4,5,6,4,8,5,8,6,1,1)
(59, 14, 73, 61, 7, 34, 65, 62, 16, 38, 40, 8, 13, 10, 1, 45, 66)
line 19: kNearestNeighbour 9 (7,7,10,10,2,10,5,8,9,1,4,6,5,4,4,1,8)
(59, 14, 73, 61, 7, 34, 65, 62, 16, 38, 40, 8, 13, 10, 1, 45, 66)(26, 39, 63, 59, 80, 74, 85, 41, 21, 17, 4, 21, 34, 53, 3, 10, 91)(41, 35, 100, 39, 7, 60, 46, 39, 4, 20, 8, 18, 89, 30, 57, 57, 78)(35, 46, 52, 5, 100, 31, 59, 33, 36, 64, 31, 13, 9, 59, 48, 83, 53)(57, 15, 33, 83, 75, 25, 76, 22, 87, 4, 42, 30, 23, 67, 68, 48, 12)(87, 49, 79, 24, 62, 71, 73, 53, 60, 66, 4, 32, 7, 32, 12, 51, 15)(91, 13, 80, 20, 68, 4, 9, 20, 8, 28, 77, 89, 12, 2, 10, 87, 58)(9, 20, 50, 96, 66, 8, 19, 15, 27, 97, 92, 16, 45, 64, 38, 34, 54)(100, 48, 54, 70, 22, 83, 57, 45, 1, 80, 14, 39, 61, 4, 73, 51, 7)
line 20: kNearestNeighbour 10 (10,7,7,7,2,1,3,1,7,6,6,10,5,10,4,3,6)
(59, 14, 73, 61, 7, 34, 65, 62, 16, 38, 40, 8, 13, 10, 1, 45, 66)(35, 46, 52, 5, 100, 31, 59, 33, 36, 64, 31, 13, 9, 59, 48, 83, 53)(41, 35, 100, 39, 7, 60, 46, 39, 4, 20, 8, 18, 89, 30, 57, 57, 78)(26, 39, 63, 59, 80, 74, 85, 41, 21, 17, 4, 21, 34, 53, 3, 10, 91)(57, 15, 33, 83, 75, 25, 76, 22, 87, 4, 42, 30, 23, 67, 68, 48, 12)(91, 13, 80, 20, 68, 4, 9, 20, 8, 28, 77, 89, 12, 2, 10, 87, 58)(87, 49, 79, 24, 62, 71, 73, 53, 60, 66, 4, 32, 7, 32, 12, 51, 15)(9, 20, 50, 96, 66, 8, 19, 15, 27, 97, 92, 16, 45, 64, 38, 34, 54)(100, 48, 54, 70, 22, 83, 57, 45, 1, 80, 14, 39, 61, 4, 73, 51, 7)(32, 14, 69, 40, 55, 73, 56, 10, 62, 39, 88, 52, 5, 91, 65, 48, 64)
line 21: nearestNeighbour (1,7,3,8,8,10,2,6,1,5,7,5,7,10,2,1,10)
(59, 14, 73, 61, 7, 34, 65, 62, 16, 38, 40, 8, 13, 10, 1, 45, 66)
line 22: kNearestNeighbour 3 (4,1,1,1,3,2,5,4,4,2,10,2,3,10,3,5,8)
(59, 14, 73, 61, 7, 34, 65, 62, 16, 38, 40, 8, 13, 10, 1, 45, 66)(35, 46, 52, 5, 100, 31, 59, 33, 36, 64, 31, 13, 9, 59, 48, 83, 53)(26, 39, 63, 59, 80, 74, 85, 41, 21, 17, 4, 21, 34, 53, 3, 10, 91)
line 23: nearestNeighbour (8,8,9,8,1,2,4,2,5,2,2,1,4,3,9,8,1)
(59, 14, 73, 61, 7, 34, 65, 62, 16, 38, 40, 8, 13, 10, 1, 45, 66)
line 24: nearestNeighbour (10,2,2,9,2,6,2,2,5,10,3,9,10,10,8,6,4)
(59, 14, 73, 61, 7, 34, 65, 62, 16, 38, 40, 8, 13, 10, 1, 45, 66)
line 25: nearestNeighbour (10,5,2,10,5,10,6,10,9,2,7,9,1,8,8,1,10)
(59, 14, 73, 61, 7, 34, 65, 62, 16, 38, 40, 8, 13, 10, 1, 45, 66)
line 26: nearestNeighbour (8,6,6,10,5,1,5,3,9,8,2,2,10,4,5,5,2)
(59, 14, 73, 61, 7, 34, 65, 62, 16, 38, 40, 8, 13, 10, 1, 45, 66)
line 27: kNearestNeighbour 10 (10,8,1,2,10,6,7,2,2,3,10,5,6,9,2,4,7)
(59, 14, 73, 61, 7, 34, 65, 62, 16, 38, 40, 8, 13, 10, 1, 45, 66)(35, 46, 52, 5, 100, 31, 59, 33, 36, 64, 31, 13, 9, 59, 48, 83, 53)(26, 39, 63, 59, 80, 74, 85, 41, 21, 17, 4, 21, 34, 53, 3, 10, 91)(41, 35, 100, 39, 7, 60, 46, 39, 4, 20, 8, 18, 89, 30, 57, 57, 78)(57, 15, 33, 83, 75, 25, 76, 22, 87, 4, 42, 30, 23, 67, 68, 48, 12)(91, 13, 80, 20, 68, 4, 9, 20, 8, 28, 77, 89, 12, 2, 10, 87, 58)(87, 49, 79, 24, 62, 71, 73, 53, 60, 66, 4, 32, 7, 32, 12, 51, 15)(9, 20, 50, 96, 66, 8, 19, 15, 27, 97, 92, 16, 45, 64, 38, 34, 54)(32, 14, 69, 40, 55, 73, 56, 10, 62, 39, 88, 52, 5, 91, 65, 48, 64)(100, 48, 54, 70, 22, 83, 57, 45, 1, 80, 14, 39, 61, 4, 73, 51, 7)
line 28: kNearestNeighbour 1 (3,7,9,2,1,5,8,9,2,10,7,8,9,6,1,10,2)
(59, 14, 73, 61, 7, 34, 65, 62, 16, 38, 40, 8, 13, 10, 1, 45, 66)
line 29: nearestNeighbour (5,1,8,8,7,3,2,10,3,10,8,3,10,4,4,6,5)
(59, 14, 73, 61, 7, 34, 65, 62, 16, 38, 40, 8, 13, 10, 1, 45, 66)
line 30: kNearestNeighbour 2 (10,5,1,1,1,2,1,6,3,2,1,7,9,10,7,10,4)
(59, 14, 73, 61, 7, 34, 65, 62, 16, 38, 40, 8, 13, 10, 1, 45, 66)(41, 35, 100, 39, 7, 60, 46, 39, 4, 20, 8, 18, 89, 30, 57, 57, 78)
line 31: nearestNeighbour (7,3,4,1,1,1,7,4,7,7,3,4,6,5,9,2,9)
(59, 14, 73, 61, 7, 34, 65, 62, 16, 38, 40, 8, 13, 10, 1, 45, 66)
line 32: nearestNeighbour (1,5,6,7,4,6,4,3,2,2,5,10,6,3,1,7,9)
(59, 14, 73, 61, 7, 34, 65, 62, 16, 38, 40, 8, 13, 10, 1, 45, 66)
line 33: nearestNeighbour (10,5,3,10,5,6,5,5,3,7,4,5,7,5,9,4,10)
(59, 14, 73, 61, 7, 34, 65, 62, 16, 38, 40, 8, 13, 10, 1, 45, 66)
line 34: nearestNeighbour (10,4,10,4,5,5,4,4,5,8,9,1,1,4,3,5,6)
(59, 14, 73, 61, 7, 34, 65, 62, 16, 38, 40, 8, 13, 10, 1, 45, 66)
line 35: kNearestNeighbour 4 (7,2,10,3,2,2,8,2,7,8,7,3,9,6,9,2,5)
(59, 14, 73, 61, 7, 34, 65, 62, 16, 38, 40, 8, 13, 10, 1, 45, 66)(41, 35, 100, 39, 7, 60, 46, 39, 4, 20, 8, 18, 89, 30, 57, 57, 78)(35, 46, 52, 5, 100, 31, 59, 33, 36, 64, 31, 13, 9, 59, 48, 83, 53)(26, 39, 63, 59, 80, 74, 85, 41, 21, 17, 4, 21, 34, 53, 3, 10, 91)
line 36: nearestNeighbour (9,5,7,4,9,1,9,9,5,8,6,8,8,3,2,6,6)
(59, 14, 73, 61, 7, 34, 65, 62, 16, 38, 40, 8, 13, 10, 1, 45, 66)
line 37: nearestNeighbour (3,5,7,4,4,5,5,6,5,9,9,7,10,8,4,8,3)
(59, 14, 73, 61, 7, 34, 65, 62, 16, 38, 40, 8, 13, 10, 1, 45, 66)
line 38: kNearestNeighbour 7 (4,2,5,2,4,2,5,2,9,10,8,8,6,1,5,8,5)
(59, 14, 73, 61, 7, 34, 65, 62, 16, 38, 40, 8, 13, 10, 1, 45, 66)(35, 46, 52, 5, 100, 31, 59, 33, 36, 64, 31, 13, 9, 59, 48, 83, 53)(41, 35, 100, 39, 7, 60, 46, 39, 4, 20, 8, 18, 89, 30, 57, 57, 78)(26, 39, 63, 59, 80, 74, 85, 41, 21, 17, 4, 21, 34, 53, 3, 10, 91)(91, 13, 80, 20, 68, 4, 9, 20, 8, 28, 77, 89, 12, 2, 10, 87, 58)(57, 15, 33, 83, 75, 25, 76, 22, 87, 4, 42, 30, 23, 67, 68, 48, 12)(87, 49, 79, 24, 62, 71, 73, 53, 60, 66, 4, 32, 7, 32, 12, 51, 15)
line 39: nearestNeighbour (2,10,2,3,8,10,9,5,6,10,2,9,1,8,8,10,2)
(59, 14, 73, 61, 7, 34, 65, 62, 16, 38, 40, 8, 13, 10, 1, 45, 66)
line 40: kNearestNeighbour 10 (3,9,9,8,4,3,5,7,8,4,5,9,8,1,3,8,1)
(59, 14, 73, 61, 7, 34, 65, 62, 16, 38, 40, 8, 13, 10, 1, 45, 66)(41, 35, 100, 39, 7, 60, 46, 39, 4, 20, 8, 18, 89, 30, 57, 57, 78)(35, 46, 52, 5, 100, 31, 59, 33, 36, 64, 31, 13, 9, 59, 48, 83, 53)(26, 39, 63, 59, 80, 74, 85, 41, 21, 17, 4, 21, 34, 53, 3, 10, 91)(57, 15, 33, 83, 75, 25, 76, 22, 87, 4, 42, 30, 23, 67, 68, 48, 12)(87, 49, 79, 24, 62, 71, 73, 53, 60, 66, 4, 32, 7, 32, 12, 51, 15)(91, 13, 80, 20, 68, 4, 9, 20, 8, 28, 77, 89, 12, 2, 10, 87, 58)(9, 20, 50, 96, 66, 8, 19, 15, 27, 97, 92, 16, 45, 64, 38, 34, 54)(100, 48, 54, 70, 22, 83, 57, 45, 1, 80, 14, 39, 61, 4, 73, 51, 7)(32, 14, 69, 40, 55, 73, 56, 10, 62, 39, 88, 52, 5, 91, 65, 48, 64)
line 41: kNearestNeighbour 5 (10,9,7,7,5,8,3,2,9,8,7,7,5,4,1,6,3)
(59, 14, 73, 61, 7, 34, 65, 62, 16, 38, 40, 8, 13, 10, 1, 45, 66)(35, 46, 52, 5, 100, 31, 59, 33, 36, 64, 31, 13, 9, 59, 48, 83, 53)(41, 35, 100, 39, 7, 60, 46, 39, 4, 20, 8, 18, 89, 30, 57, 57, 78)(26, 39, 63, 59, 80, 74, 85, 41, 21, 17, 4, 21, 34, 53, 3, 10, 91)(87, 49, 79, 24, 62, 71, 73, 53, 60, 66, 4, 32, 7, 32, 12, 51, 15)
line 42: nearestNeighbour (10,6,2,8,1,2,5,4,4,7,3,4,9,5,4,1,9)
(59, 14, 73, 61, 7, 34, 65, 62, 16, 38, 40, 8, 13, 10, 1, 45, 66)
line 43: kNearestNeighbour 4 (1,4,9,4,3,10,5,5,3,1,9,6,7,5,9,7,1)
(59, 14, 73, 61, 7, 34, 65, 62, 16, 38, 40, 8, 13, 10, 1, 45, 66)(41, 35, 100, 39, 7, 60, 46, 39, 4, 20, 8, 18, 89, 30, 57, 57, 78)(35, 46, 52, 5, 100, 31, 59, 33, 36, 64, 31, 13, 9, 59, 48, 83, 53)(26, 39, 63, 59, 80, 74, 85, 41, 21, 17, 4, 21, 34, 53, 3, 10, 91)
line 44: kNearestNeighbour 5 (3,6,4,8,9,3,7,3,1,2,7,10,2,3,7,2,8)
(59, 14, 73, 61, 7, 34, 65, 62, 16, 38, 40, 8, 13, 10, 1, 45, 66)(26, 39, 63, 59, 80, 74, 85, 41, 21, 17, 4, 21, 34, 53, 3, 10, 91)(35, 46, 52, 5, 100, 31, 59, 33, 36, 64, 31, 13, 9, 59, 48, 83, 53)(41, 35, 100, 39, 7, 60, 46, 39, 4, 20, 8, 18, 89, 30, 57, 57, 78)(57, 15, 33, 83, 75, 25, 76, 22, 87, 4, 42, 30, 23, 67, 68, 48, 12)
line 45: nearestNeighbour (4,4,9,2,1,8,1,4,8,3,9,7,10,4,9,2,2)
(59, 14, 73, 61, 7, 34, 65, 62, 16, 38, 40, 8, 13, 10, 1, 45, 66)
line 46: kNearestNeighbour 3 (1,5,7,2,6,2,10,4,5,5,5,2,4,6,3,4,2)
(59, 14, 73, 61, 7, 34, 65, 62, 16, 38, 40, 8, 13, 10, 1, 45, 66)(35, 46, 52, 5, 100, 31, 59, 33, 36, 64, 31, 13, 9, 59, 48, 83, 53)(26, 39, 63, 59, 80, 74, 85, 41, 21, 17, 4, 21, 34, 53, 3, 10, 91)
line 47: kNearestNeighbour 2 (6,1,8,3,8,9,5,9,9,6,6,1,10,6,2,10,10)
(59, 14, 73, 61, 7, 34, 65, 62, 16, 38, 40, 8, 13, 10, 1, 45, 66)(35, 46, 52, 5, 100, 31, 59, 33, 36, 64, 31, 13, 9, 59, 48, 83, 53)
line 48: kNearestNeighbour 6 (9,9,8,6,9,5,9,5,7,6,5,3,1,3,4,10,5)
(59, 14, 73, 61, 7, 34, 65, 62, 16, 38, 40, 8, 13, 10, 1, 45, 66)(35, 46, 52, 5, 100, 31, 59, 33, 36, 64, 31, 13, 9, 59, 48, 83, 53)(26, 39, 63, 59, 80, 74, 85, 41, 21, 17, 4, 21, 34, 53, 3, 10, 91)(41, 35, 100, 39, 7, 60, 46, 39, 4, 20, 8, 18, 89, 30, 57, 57, 78)(87, 49, 79, 24, 62, 71, 73, 53, 60, 66, 4, 32, 7, 32, 12, 51, 15)(57, 15, 33, 83, 75, 25, 76, 22, 87, 4, 42, 30, 23, 67, 68, 48, 12)
line 49: kNearestNeighbour 4 (1,10,5,1,6,5,3,8,5,9,10,1,8,7,10,1,8)
(59, 14, 73, 61, 7, 34, 65, 62, 16, 38, 40, 8, 13, 10, 1, 45, 66)(35, 46, 52, 5, 100, 31, 59, 33, 36, 64, 31, 13, 9, 59, 48, 83, 53)(41, 35, 100, 39, 7, 60, 46, 39, 4, 20, 8, 18, 89, 30, 57, 57, 78)(26, 39, 63, 59, 80, 74, 85, 41, 21, 17, 4, 21, 34, 53, 3, 10, 91)
line 50: nearestNeighbour (9,9,2,9,3,7,1,8,7,3,2,6,6,6,1,10,3)
(59, 14, 73, 61, 7, 34, 65, 62, 16, 38, 40, 8, 13, 10, 1, 45, 66)
line 51: nearestNeighbour (6,7,5,8,3,3,6,2,5,2,8,5,10,10,2,9,3)
(59, 14, 73, 61, 7, 34, 65, 62, 16, 38, 40, 8, 13, 10, 1, 45, 66)
line 52: kNearestNeighbour 8 (9,6,7,7,2,2,6,4,2,5,2,3,8,8,10,10,5)
(59, 14, 73, 61, 7, 34, 65, 62, 16, 38, 40, 8, 13, 10, 1, 45, 66)(41, 35, 100, 39, 7, 60, 46, 39, 4, 20, 8, 18, 89, 30, 57, 57, 78)(35, 46, 52, 5, 100, 31, 59, 33, 36, 64, 31, 13, 9, 59, 48, 83, 53)(26, 39, 63, 59, 80, 74, 85, 41, 21, 17, 4, 21, 34, 53, 3, 10, 91)(57, 15, 33, 83, 75, 25, 76, 22, 87, 4, 42, 30, 23, 67, 68, 48, 12)(87, 49, 79, 24, 62, 71, 73, 53, 60, 66, 4, 32, 7, 32, 12, 51, 15)(91, 13, 80, 20, 68, 4, 9, 20, 8, 28, 77, 89, 12, 2, 10, 87, 58)(9, 20, 50, 96, 66, 8, 19, 15, 27, 97, 92, 16, 45, 64, 38, 34, 54)
line 53: nearestNeighbour (6,10,6,7,5,2,10,4,10,5,9,1,6,7,5,10,6)
(59, 14, 73, 61, 7, 34, 65, 62, 16, 38, 40, 8, 13, 10, 1, 45, 66)
line 54: nearestNeighbour (7,10,2,10,6,3,3,2,3,9,4,7,10,3,7,4,3)
(59, 14, 73, 61, 7, 34, 65, 62, 16, 38, 40, 8, 13, 10, 1, 45, 66)
line 55: nearestNeighbour (6,10,8,10,3,6,8,6,6,3,6,7,5,10,4,5,1)
(59, 14, 73, 61, 7, 34, 65, 62, 16, 38, 40, 8, 13, 10, 1, 45, 66)
line 56: nearestNeighbour (9,1,8,8,1,9,1,6,7,10,9,2,1,4,5,8,1)
(59, 14, 73, 61, 7, 34, 65, 62, 16, 38, 40, 8, 13, 10, 1, 45, 66)
line 57: kNearestNeighbour 10 (8,4,4,9,7,7,2,1,9,10,8,6,7,6,9,3,6)
(59, 14, 73, 61, 7, 34, 65, 62, 16, 38, 40, 8, 13, 10, 1, 45, 66)(35, 46, 52, 5, 100, 31, 59, 33, 36, 64, 31, 13, 9, 59, 48, 83, 53)(41, 35, 100, 39, 7, 60, 46, 39, 4, 20, 8, 18, 89, 30, 57, 57, 78)(26, 39, 63, 59, 80, 74, 85, 41, 21, 17, 4, 21, 34, 53, 3, 10, 91)(57, 15, 33, 83, 75, 25, 76, 22, 87, 4, 42, 30, 23, 67, 68, 48, 12)(9, 20, 50, 96, 66, 8, 19, 15, 27, 97, 92, 16, 45, 64, 38, 34, 54)(87, 49, 79, 24, 62, 71, 73, 53, 60, 66, 4, 32, 7, 32, 12, 51, 15)(91, 13, 80, 20, 68, 4, 9, 20, 8, 28, 77, 89, 12, 2, 10, 87, 58)(100, 48, 54, 70, 22, 83, 57, 45, 1, 80, 14, 39, 61, 4, 73, 51, 7)(32, 14, 69, 40, 55, 73, 56, 10, 62, 39, 88, 52, 5, 91, 65, 48, 64)
line 58: nearestNeighbour (5,8,8,7,9,5,6,5,8,10,1,6,7,7,10,4,1)
(59, 14, 73, 61, 7, 34, 65, 62, 16, 38, 40, 8, 13, 10, 1, 45, 66)
line 59: kNearestNeighbour 3 (3,7,7,6,10,1,1,8,6,6,8,9,6,10,9,10,5)
(59, 14, 73, 61, 7, 34, 65, 62, 16, 38, 40, 8, 13, 10, 1, 45, 66)(35, 46, 52, 5, 100, 31, 59, 33, 36, 64, 31, 13, 9, 59, 48, 83, 53)(41, 35, 100, 39, 7, 60, 46, 39, 4, 20, 8, 18, 89, 30, 57, 57, 78)
line 60: nearestNeighbour (4,1,10,7,6,10,3,2,10,2,7,9,3,10,5,5,2)
(59, 14, 73, 61, 7, 34, 65, 62, 16, 38, 40, 8, 13, 10, 1, 45, 66)
line 61: kNearestNeighbour 7 (8,8,6,10,6,5,1,10,8,2,10,3,5,5,7,7,7)
(59, 14, 73, 61, 7, 34, 65, 62, 16, 38, 40, 8, 13, 10, 1, 45, 66)(35, 46, 52, 5, 100, 31, 59, 33, 36, 64, 31, 13, 9, 59, 48, 83, 53)(41, 35, 100, 39, 7, 60, 46, 39, 4, 20, 8, 18, 89, 30, 57, 57, 78)(26, 39, 63, 59, 80, 74, 85, 41, 21, 17, 4, 21, 34, 53, 3, 10, 91)(57, 15, 33, 83, 75, 25, 76, 22, 87, 4, 42, 30, 23, 67, 68, 48, 12)(91, 13, 80, 20, 68, 4, 9, 20, 8, 28, 77, 89, 12, 2, 10, 87, 58)(87, 49, 79, 24, 62, 71, 73, 53, 60, 66, 4, 32, 7, 32, 12, 51, 15)
line 62: nearestNeighbour (1,4,7,9,4,1,5,3,4,7,6,3,9,3,2,5,3)
(59, 14, 73, 61, 7, 34, 65, 62, 16, 38, 40, 8, 13, 10, 1, 45, 66)
line 63: kNearestNeighbour 7 (2,2,9,7,10,6,7,7,1,10,8,5,10,9,4,7,5)
(59, 14, 73, 61, 7, 34, 65, 62, 16, 38, 40, 8, 13, 10, 1, 45, 66)(35, 46, 52, 5, 100, 31, 59, 33, 36, 64, 31, 13, 9, 59, 48, 83, 53)(26, 39, 63, 59, 80, 74, 85, 41, 21, 17, 4, 21, 34, 53, 3, 10, 91)(41, 35, 100, 39, 7, 60, 46, 39, 4, 20, 8, 18, 89, 30, 57, 57, 78)(9, 20, 50, 96, 66, 8, 19, 15, 27, 97, 92, 16, 45, 64, 38, 34, 54)(57, 15, 33, 83, 75, 25, 76, 22, 87, 4, 42, 30, 23, 67, 68, 48, 12)(87, 49, 79, 24, 62, 71, 73, 53, 60, 66, 4, 32, 7, 32, 12, 51, 15)
line 64: nearestNeighbour (1,2,9,10,6,7,10,9,1,4,1,4,10,5,3,8,10)
(59, 14, 73, 61, 7, 34, 65, 62, 16, 38, 40, 8, 13, 10, 1, 45, 66)
line 65: nearestNeighbour (6,9,2,2,2,7,10,10,5,1,4,9,6,8,7,6,3)
(59, 14, 73, 61, 7, 34, 65, 62, 16, 38, 40, 8, 13, 10, 1, 45, 66)
line 66: nearestNeighbour (10,7,9,6,1,6,2,6,7,5,7,3,10,6,9,6,10)
(59, 14, 73, 61, 7, 34, 65, 62, 16, 38, 40, 8, 13, 10, 1, 45, 66)
line 67: nearestNeighbour (9,5,7,5,6,4,4,2,8,5,4,3,3,2,8,1,2)
(59, 14, 73, 61, 7, 34, 65, 62, 16, 38, 40, 8, 13, 10, 1, 45, 66)
line 68: kNearestNeighbour 1 (2,4,7,4,1,7,9,4,1,7,1,7,5,6,9,9,3)
(59, 14, 73, 61, 7, 34, 65, 62, 16, 38, 40, 8, 13, 10, 1, 45, 66)
line 69: kNearestNeighbour 4 (8,3,3,2,4,4,10,3,7,5,4,10,10,4,5,9,5)
(59, 14, 73, 61, 7, 34, 65, 62, 16, 38, 40, 8, 13, 10, 1, 45, 66)(35, 46, 52, 5, 100, 31, 59, 33, 36, 64, 31, 13, 9, 59, 48, 83, 53)(41, 35, 100, 39, 7, 60, 46, 39, 4, 20, 8, 18, 89, 30, 57, 57, 78)(26, 39, 63, 59, 80, 74, 85, 41, 21, 17, 4, 21, 34, 53, 3, 10, 91)
line 70: nearestNeighbour (7,9,5,7,1,3,10,4,8,8,3,8,5,1,9,4,5)
(59, 14, 73, 61, 7, 34, 65, 62, 16, 38, 40, 8, 13, 10, 1, 45, 66)
line 71: nearestNeighbour (9,2,7,4,4,5,10,7,2,8,2,6,4,4,2,7,1)
(59, 14, 73, 61, 7, 34, 65, 62, 16, 38, 40, 8, 13, 10, 1, 45, 66)
line 72: nearestNeighbour (4,8,7,6,2,10,9,3,6,1,1,2,4,4,1,3,8)
(59, 14, 73, 61, 7, 34, 65, 62, 16, 38, 40, 8, 13, 10, 1, 45, 66)
line 73: kNearestNeighbour 9 (9,9,5,2,4,9,5,3,5,2,6,2,2,6,7,4,4)
(59, 14, 73, 61, 7, 34, 65, 62, 16, 38, 40, 8, 13, 10, 1, 45, 66)(35, 46, 52, 5, 100, 31, 59, 33, 36, 64, 31, 13, 9, 59, 48, 83, 53)(41, 35, 100, 39, 7, 60, 46, 39, 4, 20, 8, 18, 89, 30, 57, 57, 78)(26, 39, 63, 59, 80, 74, 85, 41, 21, 17, 4, 21, 34, 53, 3, 10, 91)(87, 49, 79, 24, 62, 71, 73, 53, 60, 66, 4, 32, 7, 32, 12, 51, 15)(57, 15, 33, 83, 75, 25, 76, 22, 87, 4, 42, 30, 23, 67, 68, 48, 12)(91, 13, 80, 20, 68, 4, 9, 20, 8, 28, 77, 89, 12, 2, 10, 87, 58)(9, 20, 50, 96, 66, 8, 19, 15, 27, 97, 92, 16, 45, 64, 38, 34, 54)(100, 48, 54, 70, 22, 83, 57, 45, 1, 80, 14, 39, 61, 4, 73, 51, 7)
line 74: nearestNeighbour (10,4,9,10,2,7,6,7,3,1,1,5,10,10,3,3,9)
(59, 14, 73, 61, 7, 34, 65, 62, 16, 38, 40, 8, 13, 10, 1, 45, 66)
line 75: kNearestNeighbour 10 (6,7,3,9,6,9,4,3,6,10,9,7,4,3,8,6,1)
(59, 14, 73, 61, 7, 34, 65, 62, 16, 38, 40, 8, 13, 10, 1, 45, 66)(35, 46, 52, 5, 100, 31, 59, 33, 36, 64, 31, 13, 9, 59, 48, 83, 53)(41, 35, 100, 39, 7, 60, 46, 39, 4, 20, 8, 18, 89, 30, 57, 57, 78)(26, 39, 63, 59, 80, 74, 85, 41, 21, 17, 4, 21, 34, 53, 3, 10, 91)(57, 15, 33, 83, 75, 25, 76, 22, 87, 4, 42, 30, 23, 67, 68, 48, 12)(87, 49, 79, 24, 62, 71, 73, 53, 60, 66, 4, 32, 7, 32, 12, 51, 15)(9, 20, 50, 96, 66, 8, 19, 15, 27, 97, 92, 16, 45, 64, 38, 34, 54)(91, 13, 80, 20, 68, 4, 9, 20, 8, 28, 77, 89, 12, 2, 10, 87, 58)(100, 48, 54, 70, 22, 83, 57, 45, 1, 80, 14, 39, 61, 4, 73, 51, 7)(32, 14, 69, 40, 55, 73, 56, 10, 62, 39, 88, 52, 5, 91, 65, 48, 64)
line 76: nearestNeighbour (9,1,6,2,8,10,10,4,2,5,4,5,3,1,7,9,3)
(59, 14, 73, 61, 7, 34, 65, 62, 16, 38, 40, 8, 13, 10, 1, 45, 66)
line 77: nearestNeighbour (3,7,10,9,5,10,4,1,4,1,9,4,1,5,3,6,9)
(59, 14, 73, 61, 7, 34, 65, 62, 16, 38, 40, 8, 13, 10, 1, 45, 66)
line 78: kNearestNeighbour 4 (10,2,6,10,6,9,6,1,4,4,8,3,7,2,9,10,5)
(59, 14, 73, 61, 7, 34, 65, 62, 16, 38, 40, 8, 13, 10, 1, 45, 66)(41, 35, 100, 39, 7, 60, 46, 39, 4, 20, 8, 18, 89, 30, 57, 57, 78)(35, 46, 52, 5, 100, 31, 59, 33, 36, 64, 31, 13, 9, 59, 48, 83, 53)(26, 39, 63, 59, 80, 74, 85, 41, 21, 17, 4, 21, 34, 53, 3, 10, 91)
line 79: nearestNeighbour (4,8,2,6,3,5,5,7,3,4,10,3,5,10,9,3,7)
(59, 14, 73, 61, 7, 34, 65, 62, 16, 38, 40, 8, 13, 10, 1, 45, 66)
line 80: nearestNeighbour (3,4,1,7,10,8,6,7,1,2,8,5,4,3,1,5,7)
(59, 14, 73, 61, 7, 34, 65, 62, 16, 38, 40, 8, 13, 10, 1, 45, 66)
line 81: kNearestNeighbour 1 (6,10,10,7,6,4,10,5,4,10,6,3,2,9,1,8,8)
(59, 14, 73, 61, 7, 34, 65, 62, 16, 38, 40, 8, 13, 10, 1, 45, 66)
line 82: nearestNeighbour (2,1,5,4,3,5,9,6,6,5,9,8,2,5,5,6,6)
(59, 14, 73, 61, 7, 34, 65, 62, 16, 38, 40, 8, 13, 10, 1, 45, 66)
line 83: kNearestNeighbour 7 (9,1,5,3,3,8,1,10,1,4,4,5,1,1,7,1,9)
(59, 14, 73, 61, 7, 34, 65, 62, 16, 38, 40, 8, 13, 10, 1, 45, 66)(41, 35, 100, 39, 7, 60, 46, 39, 4, 20, 8, 18, 89, 30, 57, 57, 78)(26, 39, 63, 59, 80, 74, 85, 41, 21, 17, 4, 21, 34, 53, 3, 10, 91)(35, 46, 52, 5, 100, 31, 59, 33, 36, 64, 31, 13, 9, 59, 48, 83, 53)(91, 13, 80, 20, 68, 4, 9, 20, 8, 28, 77, 89, 12, 2, 10, 87, 58)(87, 49, 79, 24, 62, 71, 73, 53, 60, 66, 4, 32, 7, 32, 12, 51, 15)(57, 15, 33, 83, 75, 25, 76, 22, 87, 4, 42, 30, 23, 67, 68, 48, 12)
line 84: kNearestNeighbour 7 (6,8,9,4,1,2,5,4,10,1,4,6,6,10,3,7,3)
(59, 14, 73, 61, 7, 34, 65, 62, 16, 38, 40, 8, 13, 10, 1, 45, 66)(41, 35, 100, 39, 7, 60, 46, 39, 4, 20, 8, 18, 89, 30, 57, 57, 78)(35, 46, 52, 5, 100, 31, 59, 33, 36, 64, 31, 13, 9, 59, 48, 83, 53)(26, 39, 63, 59, 80, 74, 85, 41, 21, 17, 4, 21, 34, 53, 3, 10, 91)(57, 15, 33, 83, 75, 25, 76, 22, 87, 4, 42, 30, 23, 67, 68, 48, 12)(87, 49, 79, 24, 62, 71, 73, 53, 60, 66, 4, 32, 7, 32, 12, 51, 15)(91, 13, 80, 20, 68, 4, 9, 20, 8, 28, 77, 89, 12, 2, 10, 87, 58)
line 85: kNearestNeighbour 6 (3,8,8,2,10,6,1,10,1,5,9,8,10,1,10,9,9)
(59, 14, 73, 61, 7, 34, 65, 62, 16, 38, 40, 8, 13, 10, 1, 45, 66)(35, 46, 52, 5, 100, 31, 59, 33, 36, 64, 31, 13, 9, 59, 48, 83, 53)(41, 35, 100, 39, 7, 60, 46, 39, 4, 20, 8, 18, 89, 30, 57, 57, 78)(26, 39, 63, 59, 80, 74, 85, 41, 21, 17, 4, 21, 34, 53, 3, 10, 91)(91, 13, 80, 20, 68, 4, 9, 20, 8, 28, 77, 89, 12, 2, 10, 87, 58)(87, 49, 79, 24, 62, 71, 73, 53, 60, 66, 4, 32, 7, 32, 12, 51, 15)
line 86: kNearestNeighbour 1 (2,8,1,4,9,6,4,5,9,9,2,10,5,4,2,4,1)
(59, 14, 73, 61, 7, 34, 65, 62, 16, 38, 40, 8, 13, 10, 1, 45, 66)
line 87: kNearestNeighbour 8 (10,7,8,2,10,5,9,3,1,9,10,1,6,1,5,1,9)
(59, 14, 73, 61, 7, 34, 65, 62, 16, 38, 40, 8, 13, 10, 1, 45, 66)(35, 46, 52, 5, 100, 31, 59, 33, 36, 64, 31, 13, 9, 59, 48, 83, 53)(26, 39, 63, 59, 80, 74, 85, 41, 21, 17, 4, 21, 34, 53, 3, 10, 91)(41, 35, 100, 39, 7, 60, 46, 39, 4, 20, 8, 18, 89, 30, 57, 57, 78)(87, 49, 79, 24, 62, 71, 73, 53, 60, 66, 4, 32, 7, 32, 12, 51, 15)(91, 13, 80, 20, 68, 4, 9, 20, 8, 28, 77, 89, 12, 2, 10, 87, 58)(57, 15, 33, 83, 75, 25, 76, 22, 87, 4, 42, 30, 23, 67, 68, 48, 12)(9, 20, 50, 96, 66, 8, 19, 15, 27, 97, 92, 16, 45, 64, 38, 34, 54)
line 88: kNearestNeighbour 1 (10,4,2,1,7,5,7,4,1,5,3,4,1,5,2,3,8)
(59, 14, 73, 61, 7, 34, 65, 62, 16, 38, 40, 8, 13, 10, 1, 45, 66)
line 89: nearestNeighbour (8,9,6,9,2,1,9,9,1,10,9,1,3,5,7,8,1)
(59, 14, 73, 61, 7, 34, 65, 62, 16, 38, 40, 8, 13, 10, 1, 45, 66)
line 90: kNearestNeighbour 10 (4,5,3,6,5,8,8,8,9,10,3,3,1,1,2,2,2)
(59, 14, 73, 61, 7, 34, 65, 62, 16, 38, 40, 8, 13, 10, 1, 45, 66)(35, 46, 52, 5, 100, 31, 59, 33, 36, 64, 31, 13, 9, 59, 48, 83, 53)(26, 39, 63, 59, 80, 74, 85, 41, 21, 17, 4, 21, 34, 53, 3, 10, 91)(87, 49, 79, 24, 62, 71, 73, 53, 60, 66, 4, 32, 7, 32, 12, 51, 15)(41, 35, 100, 39, 7, 60, 46, 39, 4, 20, 8, 18, 89, 30, 57, 57, 78)(57, 15, 33, 83, 75, 25, 76, 22, 87, 4, 42, 30, 23, 67, 68, 48, 12)(9, 20, 50, 96, 66, 8, 19, 15, 27, 97, 92, 16, 45, 64, 38, 34, 54)(91, 13, 80, 20, 68, 4, 9, 20, 8, 28, 77, 89, 12, 2, 10, 87, 58)(100, 48, 54, 70, 22, 83, 57, 45, 1, 80, 14, 39, 61, 4, 73, 51, 7)(32, 14, 69, 40, 55, 73, 56, 10, 62, 39, 88, 52, 5, 91, 65, 48, 64)
line 91: nearestNeighbour (3,7,9,1,6,7,10,9,2,1,4,3,8,10,7,4,10)
(59, 14, 73, 61, 7, 34, 65, 62, 16, 38, 40, 8, 13, 10, 1, 45, 66)
line 92: kNearestNeighbour 3 (1,8,4,5,7,1,6,4,1,7,6,7,3,8,9,5,9)
(59, 14, 73, 61, 7, 34, 65, 62, 16, 38, 40, 8, 13, 10, 1, 45, 66)(35, 46, 52, 5, 100, 31, 59, 33, 36, 64, 31, 13, 9, 59, 48, 83, 53)(26, 39, 63, 59, 80, 74, 85, 41, 21, 17, 4, 21, 34, 53, 3, 10, 91)
line 93: kNearestNeighbour 10 (3,4,10,8,2,4,10,7,7,10,3,5,10,8,1,3,7)
(59, 14, 73, 61, 7, 34, 65, 62, 16, 38, 40, 8, 13, 10, 1, 45, 66)(41, 35, 100, 39, 7, 60, 46, 39, 4, 20, 8, 18, 89, 30, 57, 57, 78)(26, 39, 63, 59, 80, 74, 85, 41, 21, 17, 4, 21, 34, 53, 3, 10, 91)(35, 46, 52, 5, 100, 31, 59, 33, 36, 64, 31, 13, 9, 59, 48, 83, 53)(87, 49, 79, 24, 62, 71, 73, 53, 60, 66, 4, 32, 7, 32, 12, 51, 15)(57, 15, 33, 83, 75, 25, 76, 22, 87, 4, 42, 30, 23, 67, 68, 48, 12)(9, 20, 50, 96, 66, 8, 19, 15, 27, 97, 92, 16, 45, 64, 38, 34, 54)(91, 13, 80, 20, 68, 4, 9, 20, 8, 28, 77, 89, 12, 2, 10, 87, 58)(100, 48, 54, 70, 22, 83, 57, 45, 1, 80, 14, 39, 61, 4, 73, 51, 7)(40, 13, 82, 69, 2, 17, 40, 71, 76, 88, 50, 55, 18, 83, 42, 22, 78)
line 94: nearestNeighbour (10,7,7,8,1,10,10,5,6,10,9,3,6,3,5,6,7)
(59, 14, 73, 61, 7, 34, 65, 62, 16, 38, 40, 8, 13, 10, 1, 45, 66)
line 95: nearestNeighbour (8,8,2,5,2,10,5,8,9,6,9,10,6,10,4,3,8)
(59, 14, 73, 61, 7, 34, 65, 62, 16, 38, 40, 8, 13, 10, 1, 45, 66)
line 96: kNearestNeighbour 8 (5,6,4,9,7,3,2,1,8,4,2,7,8,2,9,10,4)
(59, 14, 73, 61, 7, 34, 65, 62, 16, 38, 40, 8, 13, 10, 1, 45, 66)(35, 46, 52, 5, 100, 31, 59, 33, 36, 64, 31, 13, 9, 59, 48, 83, 53)(41, 35, 100, 39, 7, 60, 46, 39, 4, 20, 8, 18, 89, 30, 57, 57, 78)(26, 39, 63, 59, 80, 74, 85, 41, 21, 17, 4, 21, 34, 53, 3, 10, 91)(57, 15, 33, 83, 75, 25, 76, 22, 87, 4, 42, 30, 23, 67, 68, 48, 12)(91, 13, 80, 20, 68, 4, 9, 20, 8, 28, 77, 89, 12, 2, 10, 87, 58)(87, 49, 79, 24, 62, 71, 73, 53, 60, 66, 4, 32, 7, 32, 12, 51, 15)(9, 20, 50, 96, 66, 8, 19, 15, 27, 97, 92, 16, 45, 64, 38, 34, 54)
line 97: nearestNeighbour (4,2,6,8,10,2,4,2,1,3,6,4,3,9,8,7,8)
(59, 14, 73, 61, 7, 34, 65, 62, 16, 38, 40, 8, 13, 10, 1, 45, 66)
line 98: kNearestNeighbour 6 (7,1,9,5,10,3,10,4,2,8,10,5,4,8,8,4,6)
(59, 14, 73, 61, 7, 34, 65, 62, 16, 38, 40, 8, 13, 10, 1, 45, 66)(35, 46, 52, 5, 100, 31, 59, 33, 36, 64, 31, 13, 9, 59, 48, 83, 53)(26, 39, 63, 59, 80, 74, 85, 41, 21, 17, 4, 21, 34, 53, 3, 10, 91)(41, 35, 100, 39, 7, 60, 46, 39, 4, 20, 8, 18, 89, 30, 57, 57, 78)(57, 15, 33, 83, 75, 25, 76, 22, 87, 4, 42, 30, 23, 67, 68, 48, 12)(91, 13, 80, 20, 68, 4, 9, 20, 8, 28, 77, 89, 12, 2, 10, 87, 58)
line 99: nearestNeighbour (2,8,2,5,3,8,3,10,5,4,2,4,6,4,7,10,2)
(59, 14, 73, 61, 7, 34, 65, 62, 16, 38, 40, 8, 13, 10, 1, 45, 66)
line 100: kNearestNeighbour 7 (10,2,6,6,1,10,6,6,3,9,2,10,3,3,3,4,2)
(59, 14, 73, 61, 7, 34, 65, 62, 16, 38, 40, 8, 13, 10, 1, 45, 66)(41, 35, 100, 39, 7, 60, 46, 39, 4, 20, 8, 18, 89, 30, 57, 57, 78)(26, 39, 63, 59, 80, 74, 85, 41, 21, 17, 4, 21, 34, 53, 3, 10, 91)(35, 46, 52, 5, 100, 31, 59, 33, 36, 64, 31, 13, 9, 59, 48, 83, 53)(87, 49, 79, 24, 62, 71, 73, 53, 60, 66, 4, 32, 7, 32, 12, 51, 15)(91, 13, 80, 20, 68, 4, 9, 20, 8, 28, 77, 89, 12, 2, 10, 87, 58)(57, 15, 33, 83, 75, 25, 76, 22, 87, 4, 42, 30, 23, 67, 68, 48, 12)
line 101: nearestNeighbour (2,1,8,9,10,4,3,3,4,8,7,8,3,3,6,1,1)
(59, 14, 73, 61, 7, 34, 65, 62, 16, 38, 40, 8, 13, 10, 1, 45, 66)
line 102: kNearestNeighbour 4 (9,8,5,3,6,5,8,9,9,5,7,8,2,10,3,4,10)
(59, 14, 73, 61, 7, 34, 65, 62, 16, 38, 40, 8, 13, 10, 1, 45, 66)(35, 46, 52, 5, 100, 31, 59, 33, 36, 64, 31, 13, 9, 59, 48, 83, 53)(26, 39, 63, 59, 80, 74, 85, 41, 21, 17, 4, 21, 34, 53, 3, 10, 91)(41, 35, 100, 39, 7, 60, 46, 39, 4, 20, 8, 18, 89, 30, 57, 57, 78)
line 103: kNearestNeighbour 1 (1,7,8,5,9,6,4,4,9,4,8,3,8,1,6,1,9)
(59, 14, 73, 61, 7, 34, 65, 62, 16, 38, 40, 8, 13, 10, 1, 45, 66)
line 104: nearestNeighbour (4,2,4,1,7,1,10,5,5,1,3,4,3,7,7,3,4)
(59, 14, 73, 61, 7, 34, 65, 62, 16, 38, 40, 8, 13, 10, 1, 45, 66)
line 105: nearestNeighbour (10,8,8,1,6,5,6,6,4,8,8,4,3,8,10,8,3)
(59, 14, 73, 61, 7, 34, 65, 62, 16, 38, 40, 8, 13, 10, 1, 45, 66)
line 106: kNearestNeighbour 9 (7,9,2,9,6,7,10,4,7,3,9,10,8,8,2,8,4)
(59, 14, 73, 61, 7, 34, 65, 62, 16, 38, 40, 8, 13, 10, 1, 45, 66)(35, 46, 52, 5, 100, 31, 59, 33, 36, 64, 31, 13, 9, 59, 48, 83, 53)(26, 39, 63, 59, 80, 74, 85, 41, 21, 17, 4, 21, 34, 53, 3, 10, 91)(41, 35, 100, 39, 7, 60, 46, 39, 4, 20, 8, 18, 89, 30, 57, 57, 78)(57, 15, 33, 83, 75, 25, 76, 22, 87, 4, 42, 30, 23, 67, 68, 48, 12)(87, 49, 79, 24, 62, 71, 73, 53, 60, 66, 4, 32, 7, 32, 12, 51, 15)(91, 13, 80, 20, 68, 4, 9, 20, 8, 28, 77, 89, 12, 2, 10, 87, 58)(9, 20, 50, 96, 66, 8, 19, 15, 27, 97, 92, 16, 45, 64, 38, 34, 54)(100, 48, 54, 70, 22, 83, 57, 45, 1, 80, 14, 39, 61, 4, 73, 51, 7)
line 107: nearestNeighbour (5,3,9,5,9,8,10,10,4,10,6,8,4,4,6,5,8)
(59, 14, 73, 61, 7, 34, 65, 62, 16, 38, 40, 8, 13, 10, 1, 45, 66)
line 108: nearestNeighbour (9,7,5,8,8,1,8,6,4,6,6,3,10,8,5,7,3)
(59, 14, 73, 61, 7, 34, 65, 62, 16, 38, 40, 8, 13, 10, 1, 45, 66)
line 109: nearestNeighbour (7,8,9,7,9,1,3,10,5,2,8,5,6,2,1,9,2)
(59, 14, 73, 61, 7, 34, 65, 62, 16, 38, 40, 8, 13, 10, 1, 45, 66)
line 110: nearestNeighbour (4,6,1,10,8,9,4,5,5,6,8,10,1,2,9,1,6)
(59, 14, 73, 61, 7, 34, 65, 62, 16, 38, 40, 8, 13, 10, 1, 45, 66)
line 111: kNearestNeighbour 10 (1,8,5,6,9,9,10,10,6,5,3,5,10,5,3,10,5)
(59, 14, 73, 61, 7, 34, 65, 62, 16, 38, 40, 8, 13, 10, 1, 45, 66)(35, 46, 52, 5, 100, 31, 59, 33, 36, 64, 31, 13, 9, 59, 48, 83, 53)(26, 39, 63, 59, 80, 74, 85, 41, 21, 17, 4, 21, 34, 53, 3, 10, 91)(41, 35, 100, 39, 7, 60, 46, 39, 4, 20, 8, 18, 89, 30, 57, 57, 78)(87, 49, 79, 24, 62, 71, 73, 53, 60, 66, 4, 32, 7, 32, 12, 51, 15)(57, 15, 33, 83, 75, 25, 76, 22, 87, 4, 42, 30, 23, 67, 68, 48, 12)(91, 13, 80, 20, 68, 4, 9, 20, 8, 28, 77, 89, 12, 2, 10, 87, 58)(9, 20, 50, 96, 66, 8, 19, 15, 27, 97, 92, 16, 45, 64, 38, 34, 54)(100, 48, 54, 70, 22, 83, 57, 45, 1, 80, 14, 39, 61, 4, 73, 51, 7)(32, 14, 69, 40, 55, 73, 56, 10, 62, 39, 88, 52, 5, 91, 65, 48, 64)
line 112: nearestNeighbour (7,4,8,9,5,6,10,1,1,6,9,3,2,2,8,4,7)
(59, 14, 73, 61, 7, 34, 65, 62, 16, 38, 40, 8, 13, 10, 1, 45, 66)
line 113: nearestNeighbour (1,8,7,6,10,8,2,10,6,6,7,9,9,9,7,9,4)
(59, 14, 73, 61, 7, 34, 65, 62, 16, 38, 40, 8, 13, 10, 1, 45, 66)
line 114: kNearestNeighbour 5 (4,10,5,8,1,6,6,1,9,10,1,5,2,1,3,1,2)
(59, 14, 73, 61, 7, 34, 65, 62, 16, 38, 40, 8, 13, 10, 1, 45, 66)(35, 46, 52, 5, 100, 31, 59, 33, 36, 64, 31, 13, 9, 59, 48, 83, 53)(26, 39, 63, 59, 80, 74, 85, 41, 21, 17, 4, 21, 34, 53, 3, 10, 91)(41, 35, 100, 39, 7, 60, 46, 39, 4, 20, 8, 18, 89, 30, 57, 57, 78)(87, 49, 79, 24, 62, 71, 73, 53, 60, 66, 4, 32, 7, 32, 12, 51, 15)
line 115: kNearestNeighbour 10 (1,10,7,4,9,5,4,6,7,10,8,9,5,10,10,9,1)
(59, 14, 73, 61, 7, 34, 65, 62, 16, 38, 40, 8, 13, 10, 1, 45, 66)(35, 46, 52, 5, 100, 31, 59, 33, 36, 64, 31, 13, 9, 59, 48, 83, 53)(41, 35, 100, 39, 7, 60, 46, 39, 4, 20, 8, 18, 89, 30, 57, 57, 78)(26, 39, 63, 59, 80, 74, 85, 41, 21, 17, 4, 21, 34, 53, 3, 10, 91)(57, 15, 33, 83, 75, 25, 76, 22, 87, 4, 42, 30, 23, 67, 68, 48, 12)(87, 49, 79, 24, 62, 71, 73, 53, 60, 66, 4, 32, 7, 32, 12, 51, 15)(9, 20, 50, 96, 66, 8, 19, 15, 27, 97, 92, 16, 45, 64, 38, 34, 54)(91, 13, 80, 20, 68, 4, 9, 20, 8, 28, 77, 89, 12, 2, 10, 87, 58)(32, 14, 69, 40, 55, 73, 56, 10, 62, 39, 88, 52, 5, 91, 65, 48, 64)(100, 48, 54, 70, 22, 83, 57, 45, 1, 80, 14, 39, 61, 4, 73, 51, 7)
line 116: kNearestNeighbour 4 (9,3,3,7,7,1,10,2,6,6,7,2,7,10,2,6,7)
(59, 14, 73, 61, 7, 34, 65, 62, 16, 38, 40, 8, 13, 10, 1, 45, 66)(35, 46, 52, 5, 100, 31, 59, 33, 36, 64, 31, 13, 9, 59, 48, 83, 53)(26, 39, 63, 59, 80, 74, 85, 41, 21, 17, 4, 21, 34, 53, 3, 10, 91)(41, 35, 100, 39, 7, 60, 46, 39, 4, 20, 8, 18, 89, 30, 57, 57, 78)
line 117: nearestNeighbour (1,6,4,7,3,1,1,5,5,8,8,3,4,10,8,5,7)
(59, 14, 73, 61, 7, 34, 65, 62, 16, 38, 40, 8, 13, 10, 1, 45, 66)
line 118: kNearestNeighbour 9 (5,7,8,6,5,10,4,1,1,1,3,10,10,8,10,9,10)
(59, 14, 73, 61, 7, 34, 65, 62, 16, 38, 40, 8, 13, 10, 1, 45, 66)(41, 35, 100, 39, 7, 60, 46, 39, 4, 20, 8, 18, 89, 30, 57, 57, 78)(26, 39, 63, 59, 80, 74, 85, 41, 21, 17, 4, 21, 34, 53, 3, 10, 91)(35, 46, 52, 5, 100, 31, 59, 33, 36, 64, 31, 13, 9, 59, 48, 83, 53)(57, 15, 33, 83, 75, 25, 76, 22, 87, 4, 42, 30, 23, 67, 68, 48, 12)(91, 13, 80, 20, 68, 4, 9, 20, 8, 28, 77, 89, 12, 2, 10, 87, 58)(87, 49, 79, 24, 62, 71, 73, 53, 60, 66, 4, 32, 7, 32, 12, 51, 15)(9, 20, 50, 96, 66, 8, 19, 15, 27, 97, 92, 16, 45, 64, 38, 34, 54)(100, 48, 54, 70, 22, 83, 57, 45, 1, 80, 14, 39, 61, 4, 73, 51, 7)
line 119: kNearestNeighbour 8 (2,8,10,5,5,2,8,7,9,8,1,6,2,8,1,4,10)
(59, 14, 73, 61, 7, 34, 65, 62, 16, 38, 40, 8, 13, 10, 1, 45, 66)(35, 46, 52, 5, 100, 31, 59, 33, 36, 64, 31, 13, 9, 59, 48, 83, 53)(26, 39, 63, 59, 80, 74, 85, 41, 21, 17, 4, 21, 34, 53, 3, 10, 91)(41, 35, 100, 39, 7, 60, 46, 39, 4, 20, 8, 18, 89, 30, 57, 57, 78)(87, 49, 79, 24, 62, 71, 73, 53, 60, 66, 4, 32, 7, 32, 12, 51, 15)(57, 15, 33, 83, 75, 25, 76, 22, 87, 4, 42, 30, 23, 67, 68, 48, 12)(91, 13, 80, 20, 68, 4, 9, 20, 8, 28, 77, 89, 12, 2, 10, 87, 58)(9, 20, 50, 96, 66, 8, 19, 15, 27, 97, 92, 16, 45, 64, 38, 34, 54)
line 120: kNearestNeighbour 8 (6,3,8,2,6,10,9,4,5,9,3,4,9,9,10,3,9)
(59, 14, 73, 61, 7, 34, 65, 62, 16, 38, 40, 8, 13, 10, 1, 45, 66)(41, 35, 100, 39, 7, 60, 46, 39, 4, 20, 8, 18, 89, 30, 57, 57, 78)(35, 46, 52, 5, 100, 31, 59, 33, 36, 64, 31, 13, 9, 59, 48, 83, 53)(26, 39, 63, 59, 80, 74, 85, 41, 21, 17, 4, 21, 34, 53, 3, 10, 91)(87, 49, 79, 24, 62, 71, 73, 53, 60, 66, 4, 32, 7, 32, 12, 51, 15)(57, 15, 33, 83, 75, 25, 76, 22, 87, 4, 42, 30, 23, 67, 68, 48, 12)(9, 20, 50, 96, 66, 8, 19, 15, 27, 97, 92, 16, 45, 64, 38, 34, 54)(91, 13, 80, 20, 68, 4, 9, 20, 8, 28, 77, 89, 12, 2, 10, 87, 58)
line 121: nearestNeighbour (2,2,5,10,9,6,7,9,1,8,3,10,2,5,9,10,9)
(59, 14, 73, 61, 7, 34, 65, 62, 16, 38, 40, 8, 13, 10, 1, 45, 66)
line 122: kNearestNeighbour 3 (5,10,1,10,4,10,4,1,7,5,6,8,6,10,6,5,10)
(59, 14, 73, 61, 7, 34, 65, 62, 16, 38, 40, 8, 13, 10, 1, 45, 66)(26, 39, 63, 59, 80, 74, 85, 41, 21, 17, 4, 21, 34, 53, 3, 10, 91)(35, 46, 52, 5, 100, 31, 59, 33, 36, 64, 31, 13, 9, 59, 48, 83, 53)
line 123: kNearestNeighbour 7 (5,5,8,7,10,2,6,3,3,9,6,7,6,3,6,1,6)
(59, 14, 73, 61, 7, 34, 65, 62, 16, 38, 40, 8, 13, 10, 1, 45, 66)(35, 46, 52, 5, 100, 31, 59, 33, 36, 64, 31, 13, 9, 59, 48, 83, 53)(26, 39, 63, 59, 80, 74, 85, 41, 21, 17, 4, 21, 34, 53, 3, 10, 91)(41, 35, 100, 39, 7, 60, 46, 39, 4, 20, 8, 18, 89, 30, 57, 57, 78)(57, 15, 33, 83, 75, 25, 76, 22, 87, 4, 42, 30, 23, 67, 68, 48, 12)(91, 13, 80, 20, 68, 4, 9, 20, 8, 28, 77, 89, 12, 2, 10, 87, 58)(9, 20, 50, 96, 66, 8, 19, 15, 27, 97, 92, 16, 45, 64, 38, 34, 54)
line 124: kNearestNeighbour 2 (5,9,6,9,9,7,2,7,1,5,9,8,8,2,3,4,3)
(59, 14, 73, 61, 7, 34, 65, 62, 16, 38, 40, 8, 13, 10, 1, 45, 66)(35, 46, 52, 5, 100, 31, 59, 33, 36, 64, 31, 13, 9, 59, 48, 83, 53)
line 125: nearestNeighbour (1,5,6,1,7,9,1,7,10,2,6,9,2,1,2,3,6)
(59, 14, 73, 61, 7, 34, 65, 62, 16, 38, 40, 8, 13, 10, 1, 45, 66)
line 126: kNearestNeighbour 8 (5,7,7,7,1,5,2,2,5,3,2,8,3,4,7,1,9)
(59, 14, 73, 61, 7, 34, 65, 62, 16, 38, 40, 8, 13, 10, 1, 45, 66)(41, 35, 100, 39, 7, 60, 46, 39, 4, 20, 8, 18, 89, 30, 57, 57, 78)(26, 39, 63, 59, 80, 74, 85, 41, 21, 17, 4, 21, 34, 53, 3, 10, 91)(35, 46, 52, 5, 100, 31, 59, 33, 36, 64, 31, 13, 9, 59, 48, 83, 53)(57, 15, 33, 83, 75, 25, 76, 22, 87, 4, 42, 30, 23, 67, 68, 48, 12)(91, 13, 80, 20, 68, 4, 9, 20, 8, 28, 77, 89, 12, 2, 10, 87, 58)(87, 49, 79, 24, 62, 71, 73, 53, 60, 66, 4, 32, 7, 32, 12, 51, 15)(9, 20, 50, 96, 66, 8, 19, 15, 27, 97, 92, 16, 45, 64, 38, 34, 54)
line 127: kNearestNeighbour 5 (9,2,7,4,7,7,5,2,1,5,8,3,5,7,10,2,2)
(59, 14, 73, 61, 7, 34, 65, 62, 16, 38, 40, 8, 13, 10, 1, 45, 66)(35, 46, 52, 5, 100, 31, 59, 33, 36, 64, 31, 13, 9, 59, 48, 83, 53)(41, 35, 100, 39, 7, 60, 46, 39, 4, 20, 8, 18, 89, 30, 57, 57, 78)(26, 39, 63, 59, 80, 74, 85, 41, 21, 17, 4, 21, 34, 53, 3, 10, 91)(57, 15, 33, 83, 75, 25, 76, 22, 87, 4, 42, 30, 23, 67, 68, 48, 12)
line 128: kNearestNeighbour 7 (2,6,6,9,9,10,7,3,4,4,5,5,8,4,5,10,7)
(59, 14, 73, 61, 7, 34, 65, 62, 16, 38, 40, 8, 13, 10, 1, 45, 66)(35, 46, 52, 5, 100, 31, 59, 33, 36, 64, 31, 13, 9, 59, 48, 83, 53)(26, 39, 63, 59, 80, 74, 85, 41, 21, 17, 4, 21, 34, 53, 3, 10, 91)(41, 35, 100, 39, 7, 60, 46, 39, 4, 20, 8, 18, 89, 30, 57, 57, 78)(57, 15, 33, 83, 75, 25, 76, 22, 87, 4, 42, 30, 23, 67, 68, 48, 12)(87, 49, 79, 24, 62, 71, 73, 53, 60, 66, 4, 32, 7, 32, 12, 51, 15)(91, 13, 80, 20, 68, 4, 9, 20, 8, 28, 77, 89, 12, 2, 10, 87, 58)
line 129: kNearestNeighbour 8 (6,1,8,8,7,9,6,7,6,10,2,1,9,7,1,8,6)
