line 1: k=15
line 2: clear
line 3: buildTree 20
(17,76,53,30,69,13,3,8,73,73,91,61,87,11,87) (14,11,88,53,47,17,100,9,41,17,84,45,87,2,10) (23,68,60,29,62,86,22,1,62,47,22,17,98,82,28) (28,22,71,98,25,8,41,69,58,89,15,38,78,10,72) (83,32,51,68,18,65,26,82,27,92,68,87,59,77,44) (73,17,73,38,4,88,61,70,21,11,33,90,6,47,85) (4,34,64,72,72,44,75,42,20,9,46,8,72,86,2) (25,18,45,13,52,86,86,80,70,52,53,66,36,90,72) (45,20,21,53,21,85,34,42,29,15,5,29,36,42,83) (43,7,13,59,34,13,32,85,57,87,57,28,93,89,21) (27,65,86,5,16,62,46,5,92,42,12,65,63,11,100) (15,11,95,97,98,85,15,66,45,65,56,60,40,91,4) (64,59,99,38,41,93,11,83,93,54,55,35,63,86,31) (69,44,81,14,24,61,32,35,48,38,41,69,66,52,59) (94,71,58,32,87,96,22,48,72,35,28,37,83,28,54) (90,48,55,30,32,79,30,69,64,16,4,34,88,60,84) (98,84,73,72,56,81,32,15,21,34,31,71,59,31,25) (31,30,24,60,41,19,85,2,52,86,19,58,98,24,32) (78,63,85,43,19,82,67,5,53,66,9,29,76,49,38) (61,56,78,64,33,34,34,28,59,1,97,58,64,8,92) 
line 4: nodeCount_height_leafCount
nodeCount=20;height=5;leafCount=8
line 5: inorderTraversal
(25, 18, 45, 13, 52, 86, 86, 80, 70, 52, 53, 66, 36, 90, 72) (28, 22, 71, 98, 25, 8, 41, 69, 58, 89, 15, 38, 78, 10, 72) (14, 11, 88, 53, 47, 17, 100, 9, 41, 17, 84, 45, 87, 2, 10) (15, 11, 95, 97, 98, 85, 15, 66, 45, 65, 56, 60, 40, 91, 4) (31, 30, 24, 60, 41, 19, 85, 2, 52, 86, 19, 58, 98, 24, 32) (17, 76, 53, 30, 69, 13, 3, 8, 73, 73, 91, 61, 87, 11, 87) (23, 68, 60, 29, 62, 86, 22, 1, 62, 47, 22, 17, 98, 82, 28) (27, 65, 86, 5, 16, 62, 46, 5, 92, 42, 12, 65, 63, 11, 100) (4, 34, 64, 72, 72, 44, 75, 42, 20, 9, 46, 8, 72, 86, 2) (43, 7, 13, 59, 34, 13, 32, 85, 57, 87, 57, 28, 93, 89, 21) (45, 20, 21, 53, 21, 85, 34, 42, 29, 15, 5, 29, 36, 42, 83) (83, 32, 51, 68, 18, 65, 26, 82, 27, 92, 68, 87, 59, 77, 44) (69, 44, 81, 14, 24, 61, 32, 35, 48, 38, 41, 69, 66, 52, 59) (73, 17, 73, 38, 4, 88, 61, 70, 21, 11, 33, 90, 6, 47, 85) (90, 48, 55, 30, 32, 79, 30, 69, 64, 16, 4, 34, 88, 60, 84) (94, 71, 58, 32, 87, 96, 22, 48, 72, 35, 28, 37, 83, 28, 54) (98, 84, 73, 72, 56, 81, 32, 15, 21, 34, 31, 71, 59, 31, 25) (61, 56, 78, 64, 33, 34, 34, 28, 59, 1, 97, 58, 64, 8, 92) (64, 59, 99, 38, 41, 93, 11, 83, 93, 54, 55, 35, 63, 86, 31) (78, 63, 85, 43, 19, 82, 67, 5, 53, 66, 9, 29, 76, 49, 38) 
line 6: preorderTraversal
(43, 7, 13, 59, 34, 13, 32, 85, 57, 87, 57, 28, 93, 89, 21) (31, 30, 24, 60, 41, 19, 85, 2, 52, 86, 19, 58, 98, 24, 32) (28, 22, 71, 98, 25, 8, 41, 69, 58, 89, 15, 38, 78, 10, 72) (25, 18, 45, 13, 52, 86, 86, 80, 70, 52, 53, 66, 36, 90, 72) (14, 11, 88, 53, 47, 17, 100, 9, 41, 17, 84, 45, 87, 2, 10) (15, 11, 95, 97, 98, 85, 15, 66, 45, 65, 56, 60, 40, 91, 4) (23, 68, 60, 29, 62, 86, 22, 1, 62, 47, 22, 17, 98, 82, 28) (17, 76, 53, 30, 69, 13, 3, 8, 73, 73, 91, 61, 87, 11, 87) (27, 65, 86, 5, 16, 62, 46, 5, 92, 42, 12, 65, 63, 11, 100) (4, 34, 64, 72, 72, 44, 75, 42, 20, 9, 46, 8, 72, 86, 2) (90, 48, 55, 30, 32, 79, 30, 69, 64, 16, 4, 34, 88, 60, 84) (83, 32, 51, 68, 18, 65, 26, 82, 27, 92, 68, 87, 59, 77, 44) (45, 20, 21, 53, 21, 85, 34, 42, 29, 15, 5, 29, 36, 42, 83) (69, 44, 81, 14, 24, 61, 32, 35, 48, 38, 41, 69, 66, 52, 59) (73, 17, 73, 38, 4, 88, 61, 70, 21, 11, 33, 90, 6, 47, 85) (61, 56, 78, 64, 33, 34, 34, 28, 59, 1, 97, 58, 64, 8, 92) (94, 71, 58, 32, 87, 96, 22, 48, 72, 35, 28, 37, 83, 28, 54) (98, 84, 73, 72, 56, 81, 32, 15, 21, 34, 31, 71, 59, 31, 25) (64, 59, 99, 38, 41, 93, 11, 83, 93, 54, 55, 35, 63, 86, 31) (78, 63, 85, 43, 19, 82, 67, 5, 53, 66, 9, 29, 76, 49, 38) 
line 7: postorderTraversal
(25, 18, 45, 13, 52, 86, 86, 80, 70, 52, 53, 66, 36, 90, 72) (15, 11, 95, 97, 98, 85, 15, 66, 45, 65, 56, 60, 40, 91, 4) (14, 11, 88, 53, 47, 17, 100, 9, 41, 17, 84, 45, 87, 2, 10) (28, 22, 71, 98, 25, 8, 41, 69, 58, 89, 15, 38, 78, 10, 72) (17, 76, 53, 30, 69, 13, 3, 8, 73, 73, 91, 61, 87, 11, 87) (4, 34, 64, 72, 72, 44, 75, 42, 20, 9, 46, 8, 72, 86, 2) (27, 65, 86, 5, 16, 62, 46, 5, 92, 42, 12, 65, 63, 11, 100) (23, 68, 60, 29, 62, 86, 22, 1, 62, 47, 22, 17, 98, 82, 28) (31, 30, 24, 60, 41, 19, 85, 2, 52, 86, 19, 58, 98, 24, 32) (45, 20, 21, 53, 21, 85, 34, 42, 29, 15, 5, 29, 36, 42, 83) (73, 17, 73, 38, 4, 88, 61, 70, 21, 11, 33, 90, 6, 47, 85) (69, 44, 81, 14, 24, 61, 32, 35, 48, 38, 41, 69, 66, 52, 59) (83, 32, 51, 68, 18, 65, 26, 82, 27, 92, 68, 87, 59, 77, 44) (98, 84, 73, 72, 56, 81, 32, 15, 21, 34, 31, 71, 59, 31, 25) (94, 71, 58, 32, 87, 96, 22, 48, 72, 35, 28, 37, 83, 28, 54) (78, 63, 85, 43, 19, 82, 67, 5, 53, 66, 9, 29, 76, 49, 38) (64, 59, 99, 38, 41, 93, 11, 83, 93, 54, 55, 35, 63, 86, 31) (61, 56, 78, 64, 33, 34, 34, 28, 59, 1, 97, 58, 64, 8, 92) (90, 48, 55, 30, 32, 79, 30, 69, 64, 16, 4, 34, 88, 60, 84) (43, 7, 13, 59, 34, 13, 32, 85, 57, 87, 57, 28, 93, 89, 21) 
line 8: kNearestNeighbour 7 (6,2,3,2,5,7,5,6,3,3,5,2,5,4,5)
(45, 20, 21, 53, 21, 85, 34, 42, 29, 15, 5, 29, 36, 42, 83)(69, 44, 81, 14, 24, 61, 32, 35, 48, 38, 41, 69, 66, 52, 59)(4, 34, 64, 72, 72, 44, 75, 42, 20, 9, 46, 8, 72, 86, 2)(31, 30, 24, 60, 41, 19, 85, 2, 52, 86, 19, 58, 98, 24, 32)(14, 11, 88, 53, 47, 17, 100, 9, 41, 17, 84, 45, 87, 2, 10)(23, 68, 60, 29, 62, 86, 22, 1, 62, 47, 22, 17, 98, 82, 28)(43, 7, 13, 59, 34, 13, 32, 85, 57, 87, 57, 28, 93, 89, 21)
line 9: nearestNeighbour (2,2,9,5,9,5,6,2,7,9,6,3,1,7,10)
(45, 20, 21, 53, 21, 85, 34, 42, 29, 15, 5, 29, 36, 42, 83)
line 10: nearestNeighbour (2,2,7,6,3,6,10,10,7,3,1,1,1,8,9)
(45, 20, 21, 53, 21, 85, 34, 42, 29, 15, 5, 29, 36, 42, 83)
line 11: kNearestNeighbour 5 (9,9,8,2,9,4,5,4,10,6,6,7,10,9,3)
(45, 20, 21, 53, 21, 85, 34, 42, 29, 15, 5, 29, 36, 42, 83)(69, 44, 81, 14, 24, 61, 32, 35, 48, 38, 41, 69, 66, 52, 59)(31, 30, 24, 60, 41, 19, 85, 2, 52, 86, 19, 58, 98, 24, 32)(4, 34, 64, 72, 72, 44, 75, 42, 20, 9, 46, 8, 72, 86, 2)(14, 11, 88, 53, 47, 17, 100, 9, 41, 17, 84, 45, 87, 2, 10)
line 12: kNearestNeighbour 7 (1,9,9,9,1,6,10,3,4,3,6,10,2,10,7)
(45, 20, 21, 53, 21, 85, 34, 42, 29, 15, 5, 29, 36, 42, 83)(4, 34, 64, 72, 72, 44, 75, 42, 20, 9, 46, 8, 72, 86, 2)(69, 44, 81, 14, 24, 61, 32, 35, 48, 38, 41, 69, 66, 52, 59)(31, 30, 24, 60, 41, 19, 85, 2, 52, 86, 19, 58, 98, 24, 32)(14, 11, 88, 53, 47, 17, 100, 9, 41, 17, 84, 45, 87, 2, 10)(23, 68, 60, 29, 62, 86, 22, 1, 62, 47, 22, 17, 98, 82, 28)(73, 17, 73, 38, 4, 88, 61, 70, 21, 11, 33, 90, 6, 47, 85)
line 13: nearestNeighbour (7,7,8,2,8,3,8,3,5,2,9,1,10,7,6)
(45, 20, 21, 53, 21, 85, 34, 42, 29, 15, 5, 29, 36, 42, 83)
line 14: kNearestNeighbour 9 (4,4,9,2,1,4,3,2,8,6,5,9,1,7,3)
(45, 20, 21, 53, 21, 85, 34, 42, 29, 15, 5, 29, 36, 42, 83)(69, 44, 81, 14, 24, 61, 32, 35, 48, 38, 41, 69, 66, 52, 59)(31, 30, 24, 60, 41, 19, 85, 2, 52, 86, 19, 58, 98, 24, 32)(4, 34, 64, 72, 72, 44, 75, 42, 20, 9, 46, 8, 72, 86, 2)(14, 11, 88, 53, 47, 17, 100, 9, 41, 17, 84, 45, 87, 2, 10)(23, 68, 60, 29, 62, 86, 22, 1, 62, 47, 22, 17, 98, 82, 28)(27, 65, 86, 5, 16, 62, 46, 5, 92, 42, 12, 65, 63, 11, 100)(43, 7, 13, 59, 34, 13, 32, 85, 57, 87, 57, 28, 93, 89, 21)(73, 17, 73, 38, 4, 88, 61, 70, 21, 11, 33, 90, 6, 47, 85)
line 15: nearestNeighbour (9,6,10,3,2,2,1,5,6,5,6,3,6,9,3)
(45, 20, 21, 53, 21, 85, 34, 42, 29, 15, 5, 29, 36, 42, 83)
line 16: nearestNeighbour (3,8,8,8,3,9,3,8,7,10,10,2,2,2,1)
(45, 20, 21, 53, 21, 85, 34, 42, 29, 15, 5, 29, 36, 42, 83)
line 17: nearestNeighbour (8,3,8,7,1,6,3,6,6,5,3,3,1,2,8)
(45, 20, 21, 53, 21, 85, 34, 42, 29, 15, 5, 29, 36, 42, 83)
line 18: nearestNeighbour (1,10,9,6,8,2,1,6,1,5,3,3,6,8,6)
(45, 20, 21, 53, 21, 85, 34, 42, 29, 15, 5, 29, 36, 42, 83)
line 19: kNearestNeighbour 10 (2,7,4,10,2,7,3,2,7,5,9,3,1,1,9)
(45, 20, 21, 53, 21, 85, 34, 42, 29, 15, 5, 29, 36, 42, 83)(69, 44, 81, 14, 24, 61, 32, 35, 48, 38, 41, 69, 66, 52, 59)(31, 30, 24, 60, 41, 19, 85, 2, 52, 86, 19, 58, 98, 24, 32)(4, 34, 64, 72, 72, 44, 75, 42, 20, 9, 46, 8, 72, 86, 2)(14, 11, 88, 53, 47, 17, 100, 9, 41, 17, 84, 45, 87, 2, 10)(23, 68, 60, 29, 62, 86, 22, 1, 62, 47, 22, 17, 98, 82, 28)(27, 65, 86, 5, 16, 62, 46, 5, 92, 42, 12, 65, 63, 11, 100)(28, 22, 71, 98, 25, 8, 41, 69, 58, 89, 15, 38, 78, 10, 72)(43, 7, 13, 59, 34, 13, 32, 85, 57, 87, 57, 28, 93, 89, 21)(73, 17, 73, 38, 4, 88, 61, 70, 21, 11, 33, 90, 6, 47, 85)
line 20: kNearestNeighbour 9 (4,4,6,10,3,1,1,9,4,5,8,7,2,3,10)
(45, 20, 21, 53, 21, 85, 34, 42, 29, 15, 5, 29, 36, 42, 83)(69, 44, 81, 14, 24, 61, 32, 35, 48, 38, 41, 69, 66, 52, 59)(31, 30, 24, 60, 41, 19, 85, 2, 52, 86, 19, 58, 98, 24, 32)(4, 34, 64, 72, 72, 44, 75, 42, 20, 9, 46, 8, 72, 86, 2)(14, 11, 88, 53, 47, 17, 100, 9, 41, 17, 84, 45, 87, 2, 10)(28, 22, 71, 98, 25, 8, 41, 69, 58, 89, 15, 38, 78, 10, 72)(43, 7, 13, 59, 34, 13, 32, 85, 57, 87, 57, 28, 93, 89, 21)(23, 68, 60, 29, 62, 86, 22, 1, 62, 47, 22, 17, 98, 82, 28)(73, 17, 73, 38, 4, 88, 61, 70, 21, 11, 33, 90, 6, 47, 85)
line 21: kNearestNeighbour 3 (3,3,5,10,10,2,6,8,3,4,10,6,4,4,1)
(45, 20, 21, 53, 21, 85, 34, 42, 29, 15, 5, 29, 36, 42, 83)(4, 34, 64, 72, 72, 44, 75, 42, 20, 9, 46, 8, 72, 86, 2)(31, 30, 24, 60, 41, 19, 85, 2, 52, 86, 19, 58, 98, 24, 32)
line 22: nearestNeighbour (9,5,1,7,1,10,9,5,8,6,10,7,5,1,10)
(45, 20, 21, 53, 21, 85, 34, 42, 29, 15, 5, 29, 36, 42, 83)
line 23: kNearestNeighbour 10 (8,4,10,8,8,4,1,5,5,10,7,6,10,1,4)
(45, 20, 21, 53, 21, 85, 34, 42, 29, 15, 5, 29, 36, 42, 83)(69, 44, 81, 14, 24, 61, 32, 35, 48, 38, 41, 69, 66, 52, 59)(31, 30, 24, 60, 41, 19, 85, 2, 52, 86, 19, 58, 98, 24, 32)(4, 34, 64, 72, 72, 44, 75, 42, 20, 9, 46, 8, 72, 86, 2)(14, 11, 88, 53, 47, 17, 100, 9, 41, 17, 84, 45, 87, 2, 10)(23, 68, 60, 29, 62, 86, 22, 1, 62, 47, 22, 17, 98, 82, 28)(28, 22, 71, 98, 25, 8, 41, 69, 58, 89, 15, 38, 78, 10, 72)(43, 7, 13, 59, 34, 13, 32, 85, 57, 87, 57, 28, 93, 89, 21)(27, 65, 86, 5, 16, 62, 46, 5, 92, 42, 12, 65, 63, 11, 100)(78, 63, 85, 43, 19, 82, 67, 5, 53, 66, 9, 29, 76, 49, 38)
line 24: nearestNeighbour (10,2,2,2,2,8,5,9,5,3,5,10,10,10,4)
(45, 20, 21, 53, 21, 85, 34, 42, 29, 15, 5, 29, 36, 42, 83)
line 25: nearestNeighbour (2,6,2,3,1,4,6,8,2,6,3,1,1,1,10)
(45, 20, 21, 53, 21, 85, 34, 42, 29, 15, 5, 29, 36, 42, 83)
line 26: kNearestNeighbour 8 (2,8,7,7,3,5,10,5,10,4,4,3,5,1,3)
(45, 20, 21, 53, 21, 85, 34, 42, 29, 15, 5, 29, 36, 42, 83)(31, 30, 24, 60, 41, 19, 85, 2, 52, 86, 19, 58, 98, 24, 32)(4, 34, 64, 72, 72, 44, 75, 42, 20, 9, 46, 8, 72, 86, 2)(69, 44, 81, 14, 24, 61, 32, 35, 48, 38, 41, 69, 66, 52, 59)(14, 11, 88, 53, 47, 17, 100, 9, 41, 17, 84, 45, 87, 2, 10)(23, 68, 60, 29, 62, 86, 22, 1, 62, 47, 22, 17, 98, 82, 28)(27, 65, 86, 5, 16, 62, 46, 5, 92, 42, 12, 65, 63, 11, 100)(28, 22, 71, 98, 25, 8, 41, 69, 58, 89, 15, 38, 78, 10, 72)
line 27: kNearestNeighbour 10 (3,3,6,9,3,7,9,2,8,6,4,2,8,8,8)
(45, 20, 21, 53, 21, 85, 34, 42, 29, 15, 5, 29, 36, 42, 83)(31, 30, 24, 60, 41, 19, 85, 2, 52, 86, 19, 58, 98, 24, 32)(4, 34, 64, 72, 72, 44, 75, 42, 20, 9, 46, 8, 72, 86, 2)(69, 44, 81, 14, 24, 61, 32, 35, 48, 38, 41, 69, 66, 52, 59)(14, 11, 88, 53, 47, 17, 100, 9, 41, 17, 84, 45, 87, 2, 10)(23, 68, 60, 29, 62, 86, 22, 1, 62, 47, 22, 17, 98, 82, 28)(28, 22, 71, 98, 25, 8, 41, 69, 58, 89, 15, 38, 78, 10, 72)(43, 7, 13, 59, 34, 13, 32, 85, 57, 87, 57, 28, 93, 89, 21)(27, 65, 86, 5, 16, 62, 46, 5, 92, 42, 12, 65, 63, 11, 100)(78, 63, 85, 43, 19, 82, 67, 5, 53, 66, 9, 29, 76, 49, 38)
line 28: kNearestNeighbour 7 (3,3,7,5,2,7,3,9,1,6,6,1,9,9,9)
(45, 20, 21, 53, 21, 85, 34, 42, 29, 15, 5, 29, 36, 42, 83)(69, 44, 81, 14, 24, 61, 32, 35, 48, 38, 41, 69, 66, 52, 59)(4, 34, 64, 72, 72, 44, 75, 42, 20, 9, 46, 8, 72, 86, 2)(31, 30, 24, 60, 41, 19, 85, 2, 52, 86, 19, 58, 98, 24, 32)(14, 11, 88, 53, 47, 17, 100, 9, 41, 17, 84, 45, 87, 2, 10)(23, 68, 60, 29, 62, 86, 22, 1, 62, 47, 22, 17, 98, 82, 28)(43, 7, 13, 59, 34, 13, 32, 85, 57, 87, 57, 28, 93, 89, 21)
line 29: kNearestNeighbour 8 (2,3,7,5,9,8,7,4,1,4,5,3,8,9,2)
(45, 20, 21, 53, 21, 85, 34, 42, 29, 15, 5, 29, 36, 42, 83)(4, 34, 64, 72, 72, 44, 75, 42, 20, 9, 46, 8, 72, 86, 2)(69, 44, 81, 14, 24, 61, 32, 35, 48, 38, 41, 69, 66, 52, 59)(31, 30, 24, 60, 41, 19, 85, 2, 52, 86, 19, 58, 98, 24, 32)(14, 11, 88, 53, 47, 17, 100, 9, 41, 17, 84, 45, 87, 2, 10)(23, 68, 60, 29, 62, 86, 22, 1, 62, 47, 22, 17, 98, 82, 28)(43, 7, 13, 59, 34, 13, 32, 85, 57, 87, 57, 28, 93, 89, 21)(78, 63, 85, 43, 19, 82, 67, 5, 53, 66, 9, 29, 76, 49, 38)
line 30: kNearestNeighbour 10 (9,9,7,2,6,1,6,4,7,2,6,2,3,8,4)
(45, 20, 21, 53, 21, 85, 34, 42, 29, 15, 5, 29, 36, 42, 83)(69, 44, 81, 14, 24, 61, 32, 35, 48, 38, 41, 69, 66, 52, 59)(4, 34, 64, 72, 72, 44, 75, 42, 20, 9, 46, 8, 72, 86, 2)(31, 30, 24, 60, 41, 19, 85, 2, 52, 86, 19, 58, 98, 24, 32)(14, 11, 88, 53, 47, 17, 100, 9, 41, 17, 84, 45, 87, 2, 10)(23, 68, 60, 29, 62, 86, 22, 1, 62, 47, 22, 17, 98, 82, 28)(43, 7, 13, 59, 34, 13, 32, 85, 57, 87, 57, 28, 93, 89, 21)(27, 65, 86, 5, 16, 62, 46, 5, 92, 42, 12, 65, 63, 11, 100)(78, 63, 85, 43, 19, 82, 67, 5, 53, 66, 9, 29, 76, 49, 38)(28, 22, 71, 98, 25, 8, 41, 69, 58, 89, 15, 38, 78, 10, 72)
line 31: nearestNeighbour (4,4,4,8,6,3,10,6,6,6,4,10,10,9,1)
(45, 20, 21, 53, 21, 85, 34, 42, 29, 15, 5, 29, 36, 42, 83)
line 32: nearestNeighbour (5,2,5,3,6,5,1,8,4,10,4,10,10,7,6)
(45, 20, 21, 53, 21, 85, 34, 42, 29, 15, 5, 29, 36, 42, 83)
line 33: kNearestNeighbour 9 (1,9,5,5,3,7,6,10,7,10,2,8,4,8,4)
(45, 20, 21, 53, 21, 85, 34, 42, 29, 15, 5, 29, 36, 42, 83)(69, 44, 81, 14, 24, 61, 32, 35, 48, 38, 41, 69, 66, 52, 59)(31, 30, 24, 60, 41, 19, 85, 2, 52, 86, 19, 58, 98, 24, 32)(4, 34, 64, 72, 72, 44, 75, 42, 20, 9, 46, 8, 72, 86, 2)(14, 11, 88, 53, 47, 17, 100, 9, 41, 17, 84, 45, 87, 2, 10)(23, 68, 60, 29, 62, 86, 22, 1, 62, 47, 22, 17, 98, 82, 28)(43, 7, 13, 59, 34, 13, 32, 85, 57, 87, 57, 28, 93, 89, 21)(28, 22, 71, 98, 25, 8, 41, 69, 58, 89, 15, 38, 78, 10, 72)(27, 65, 86, 5, 16, 62, 46, 5, 92, 42, 12, 65, 63, 11, 100)
line 34: kNearestNeighbour 7 (6,3,4,3,3,9,10,1,4,1,7,7,5,7,7)
(45, 20, 21, 53, 21, 85, 34, 42, 29, 15, 5, 29, 36, 42, 83)(69, 44, 81, 14, 24, 61, 32, 35, 48, 38, 41, 69, 66, 52, 59)(4, 34, 64, 72, 72, 44, 75, 42, 20, 9, 46, 8, 72, 86, 2)(31, 30, 24, 60, 41, 19, 85, 2, 52, 86, 19, 58, 98, 24, 32)(14, 11, 88, 53, 47, 17, 100, 9, 41, 17, 84, 45, 87, 2, 10)(23, 68, 60, 29, 62, 86, 22, 1, 62, 47, 22, 17, 98, 82, 28)(73, 17, 73, 38, 4, 88, 61, 70, 21, 11, 33, 90, 6, 47, 85)
line 35: kNearestNeighbour 10 (10,2,1,8,6,7,10,7,4,9,1,8,7,7,5)
(45, 20, 21, 53, 21, 85, 34, 42, 29, 15, 5, 29, 36, 42, 83)(31, 30, 24, 60, 41, 19, 85, 2, 52, 86, 19, 58, 98, 24, 32)(69, 44, 81, 14, 24, 61, 32, 35, 48, 38, 41, 69, 66, 52, 59)(4, 34, 64, 72, 72, 44, 75, 42, 20, 9, 46, 8, 72, 86, 2)(14, 11, 88, 53, 47, 17, 100, 9, 41, 17, 84, 45, 87, 2, 10)(23, 68, 60, 29, 62, 86, 22, 1, 62, 47, 22, 17, 98, 82, 28)(43, 7, 13, 59, 34, 13, 32, 85, 57, 87, 57, 28, 93, 89, 21)(28, 22, 71, 98, 25, 8, 41, 69, 58, 89, 15, 38, 78, 10, 72)(78, 63, 85, 43, 19, 82, 67, 5, 53, 66, 9, 29, 76, 49, 38)(73, 17, 73, 38, 4, 88, 61, 70, 21, 11, 33, 90, 6, 47, 85)
line 36: nearestNeighbour (5,9,6,10,9,2,8,5,1,3,3,7,9,8,10)
(45, 20, 21, 53, 21, 85, 34, 42, 29, 15, 5, 29, 36, 42, 83)
line 37: nearestNeighbour (3,1,3,3,10,9,1,9,7,8,10,1,9,8,10)
(45, 20, 21, 53, 21, 85, 34, 42, 29, 15, 5, 29, 36, 42, 83)
line 38: nearestNeighbour (4,10,9,3,4,9,1,4,4,3,7,3,10,2,5)
(45, 20, 21, 53, 21, 85, 34, 42, 29, 15, 5, 29, 36, 42, 83)
line 39: kNearestNeighbour 8 (5,8,2,2,2,7,7,8,8,8,1,9,5,7,7)
(45, 20, 21, 53, 21, 85, 34, 42, 29, 15, 5, 29, 36, 42, 83)(69, 44, 81, 14, 24, 61, 32, 35, 48, 38, 41, 69, 66, 52, 59)(31, 30, 24, 60, 41, 19, 85, 2, 52, 86, 19, 58, 98, 24, 32)(4, 34, 64, 72, 72, 44, 75, 42, 20, 9, 46, 8, 72, 86, 2)(14, 11, 88, 53, 47, 17, 100, 9, 41, 17, 84, 45, 87, 2, 10)(23, 68, 60, 29, 62, 86, 22, 1, 62, 47, 22, 17, 98, 82, 28)(27, 65, 86, 5, 16, 62, 46, 5, 92, 42, 12, 65, 63, 11, 100)(43, 7, 13, 59, 34, 13, 32, 85, 57, 87, 57, 28, 93, 89, 21)
line 40: kNearestNeighbour 7 (4,3,5,2,9,3,6,9,1,6,5,2,7,2,6)
(45, 20, 21, 53, 21, 85, 34, 42, 29, 15, 5, 29, 36, 42, 83)(4, 34, 64, 72, 72, 44, 75, 42, 20, 9, 46, 8, 72, 86, 2)(31, 30, 24, 60, 41, 19, 85, 2, 52, 86, 19, 58, 98, 24, 32)(69, 44, 81, 14, 24, 61, 32, 35, 48, 38, 41, 69, 66, 52, 59)(14, 11, 88, 53, 47, 17, 100, 9, 41, 17, 84, 45, 87, 2, 10)(23, 68, 60, 29, 62, 86, 22, 1, 62, 47, 22, 17, 98, 82, 28)(43, 7, 13, 59, 34, 13, 32, 85, 57, 87, 57, 28, 93, 89, 21)
line 41: nearestNeighbour (3,1,8,3,3,8,1,6,4,1,4,6,7,5,6)
(45, 20, 21, 53, 21, 85, 34, 42, 29, 15, 5, 29, 36, 42, 83)
line 42: kNearestNeighbour 1 (8,8,3,2,9,7,2,5,5,3,2,7,2,10,3)
(45, 20, 21, 53, 21, 85, 34, 42, 29, 15, 5, 29, 36, 42, 83)
line 43: nearestNeighbour (3,1,5,1,7,4,7,5,9,6,2,10,3,9,9)
(45, 20, 21, 53, 21, 85, 34, 42, 29, 15, 5, 29, 36, 42, 83)
line 44: nearestNeighbour (7,10,3,7,5,6,9,5,4,5,6,5,10,5,2)
(45, 20, 21, 53, 21, 85, 34, 42, 29, 15, 5, 29, 36, 42, 83)
line 45: kNearestNeighbour 7 (3,5,7,8,5,6,8,3,1,6,4,6,7,6,1)
(45, 20, 21, 53, 21, 85, 34, 42, 29, 15, 5, 29, 36, 42, 83)(4, 34, 64, 72, 72, 44, 75, 42, 20, 9, 46, 8, 72, 86, 2)(31, 30, 24, 60, 41, 19, 85, 2, 52, 86, 19, 58, 98, 24, 32)(69, 44, 81, 14, 24, 61, 32, 35, 48, 38, 41, 69, 66, 52, 59)(14, 11, 88, 53, 47, 17, 100, 9, 41, 17, 84, 45, 87, 2, 10)(23, 68, 60, 29, 62, 86, 22, 1, 62, 47, 22, 17, 98, 82, 28)(43, 7, 13, 59, 34, 13, 32, 85, 57, 87, 57, 28, 93, 89, 21)
line 46: nearestNeighbour (9,1,9,5,9,4,10,5,3,1,5,2,8,6,3)
(45, 20, 21, 53, 21, 85, 34, 42, 29, 15, 5, 29, 36, 42, 83)
line 47: kNearestNeighbour 1 (9,9,8,9,7,3,10,7,6,5,9,6,7,4,7)
(45, 20, 21, 53, 21, 85, 34, 42, 29, 15, 5, 29, 36, 42, 83)
line 48: kNearestNeighbour 4 (3,7,2,9,9,7,9,5,8,3,7,8,3,5,1)
(45, 20, 21, 53, 21, 85, 34, 42, 29, 15, 5, 29, 36, 42, 83)(4, 34, 64, 72, 72, 44, 75, 42, 20, 9, 46, 8, 72, 86, 2)(31, 30, 24, 60, 41, 19, 85, 2, 52, 86, 19, 58, 98, 24, 32)(69, 44, 81, 14, 24, 61, 32, 35, 48, 38, 41, 69, 66, 52, 59)
line 49: kNearestNeighbour 2 (10,1,8,2,4,4,1,5,1,4,7,5,8,5,7)
(45, 20, 21, 53, 21, 85, 34, 42, 29, 15, 5, 29, 36, 42, 83)(69, 44, 81, 14, 24, 61, 32, 35, 48, 38, 41, 69, 66, 52, 59)
line 50: kNearestNeighbour 4 (10,5,2,10,4,7,3,3,5,6,8,3,4,6,6)
(45, 20, 21, 53, 21, 85, 34, 42, 29, 15, 5, 29, 36, 42, 83)(69, 44, 81, 14, 24, 61, 32, 35, 48, 38, 41, 69, 66, 52, 59)(31, 30, 24, 60, 41, 19, 85, 2, 52, 86, 19, 58, 98, 24, 32)(4, 34, 64, 72, 72, 44, 75, 42, 20, 9, 46, 8, 72, 86, 2)
line 51: nearestNeighbour (1,10,3,8,9,2,6,2,6,1,4,7,4,7,7)
(45, 20, 21, 53, 21, 85, 34, 42, 29, 15, 5, 29, 36, 42, 83)
line 52: kNearestNeighbour 5 (3,10,10,5,8,3,2,7,1,7,7,3,10,7,10)
(45, 20, 21, 53, 21, 85, 34, 42, 29, 15, 5, 29, 36, 42, 83)(69, 44, 81, 14, 24, 61, 32, 35, 48, 38, 41, 69, 66, 52, 59)(4, 34, 64, 72, 72, 44, 75, 42, 20, 9, 46, 8, 72, 86, 2)(31, 30, 24, 60, 41, 19, 85, 2, 52, 86, 19, 58, 98, 24, 32)(14, 11, 88, 53, 47, 17, 100, 9, 41, 17, 84, 45, 87, 2, 10)
line 53: nearestNeighbour (3,3,3,2,8,7,5,1,1,9,7,8,4,7,8)
(45, 20, 21, 53, 21, 85, 34, 42, 29, 15, 5, 29, 36, 42, 83)
line 54: kNearestNeighbour 5 (5,8,7,10,10,3,10,7,2,1,1,9,2,7,6)
(45, 20, 21, 53, 21, 85, 34, 42, 29, 15, 5, 29, 36, 42, 83)(4, 34, 64, 72, 72, 44, 75, 42, 20, 9, 46, 8, 72, 86, 2)(69, 44, 81, 14, 24, 61, 32, 35, 48, 38, 41, 69, 66, 52, 59)(31, 30, 24, 60, 41, 19, 85, 2, 52, 86, 19, 58, 98, 24, 32)(14, 11, 88, 53, 47, 17, 100, 9, 41, 17, 84, 45, 87, 2, 10)
line 55: kNearestNeighbour 10 (3,5,2,8,1,7,2,9,7,4,5,6,4,4,9)
(45, 20, 21, 53, 21, 85, 34, 42, 29, 15, 5, 29, 36, 42, 83)(69, 44, 81, 14, 24, 61, 32, 35, 48, 38, 41, 69, 66, 52, 59)(31, 30, 24, 60, 41, 19, 85, 2, 52, 86, 19, 58, 98, 24, 32)(4, 34, 64, 72, 72, 44, 75, 42, 20, 9, 46, 8, 72, 86, 2)(14, 11, 88, 53, 47, 17, 100, 9, 41, 17, 84, 45, 87, 2, 10)(23, 68, 60, 29, 62, 86, 22, 1, 62, 47, 22, 17, 98, 82, 28)(28, 22, 71, 98, 25, 8, 41, 69, 58, 89, 15, 38, 78, 10, 72)(43, 7, 13, 59, 34, 13, 32, 85, 57, 87, 57, 28, 93, 89, 21)(27, 65, 86, 5, 16, 62, 46, 5, 92, 42, 12, 65, 63, 11, 100)(73, 17, 73, 38, 4, 88, 61, 70, 21, 11, 33, 90, 6, 47, 85)
line 56: nearestNeighbour (5,2,3,4,10,5,4,2,2,6,5,8,8,3,9)
(45, 20, 21, 53, 21, 85, 34, 42, 29, 15, 5, 29, 36, 42, 83)
line 57: kNearestNeighbour 5 (8,6,2,3,4,5,9,4,6,5,1,3,2,3,6)
(45, 20, 21, 53, 21, 85, 34, 42, 29, 15, 5, 29, 36, 42, 83)(31, 30, 24, 60, 41, 19, 85, 2, 52, 86, 19, 58, 98, 24, 32)(69, 44, 81, 14, 24, 61, 32, 35, 48, 38, 41, 69, 66, 52, 59)(4, 34, 64, 72, 72, 44, 75, 42, 20, 9, 46, 8, 72, 86, 2)(14, 11, 88, 53, 47, 17, 100, 9, 41, 17, 84, 45, 87, 2, 10)
line 58: kNearestNeighbour 8 (7,10,10,1,1,10,2,1,2,7,8,3,9,8,4)
(45, 20, 21, 53, 21, 85, 34, 42, 29, 15, 5, 29, 36, 42, 83)(69, 44, 81, 14, 24, 61, 32, 35, 48, 38, 41, 69, 66, 52, 59)(4, 34, 64, 72, 72, 44, 75, 42, 20, 9, 46, 8, 72, 86, 2)(31, 30, 24, 60, 41, 19, 85, 2, 52, 86, 19, 58, 98, 24, 32)(14, 11, 88, 53, 47, 17, 100, 9, 41, 17, 84, 45, 87, 2, 10)(23, 68, 60, 29, 62, 86, 22, 1, 62, 47, 22, 17, 98, 82, 28)(78, 63, 85, 43, 19, 82, 67, 5, 53, 66, 9, 29, 76, 49, 38)(27, 65, 86, 5, 16, 62, 46, 5, 92, 42, 12, 65, 63, 11, 100)
line 59: kNearestNeighbour 6 (8,6,7,9,9,4,7,4,10,10,1,2,10,4,1)
(45, 20, 21, 53, 21, 85, 34, 42, 29, 15, 5, 29, 36, 42, 83)(31, 30, 24, 60, 41, 19, 85, 2, 52, 86, 19, 58, 98, 24, 32)(4, 34, 64, 72, 72, 44, 75, 42, 20, 9, 46, 8, 72, 86, 2)(69, 44, 81, 14, 24, 61, 32, 35, 48, 38, 41, 69, 66, 52, 59)(14, 11, 88, 53, 47, 17, 100, 9, 41, 17, 84, 45, 87, 2, 10)(23, 68, 60, 29, 62, 86, 22, 1, 62, 47, 22, 17, 98, 82, 28)
line 60: kNearestNeighbour 1 (1,1,4,7,6,1,6,9,3,9,9,7,1,2,10)
(45, 20, 21, 53, 21, 85, 34, 42, 29, 15, 5, 29, 36, 42, 83)
line 61: nearestNeighbour (2,9,6,1,6,5,6,1,6,10,1,9,1,9,1)
(45, 20, 21, 53, 21, 85, 34, 42, 29, 15, 5, 29, 36, 42, 83)
line 62: nearestNeighbour (10,7,7,10,6,1,3,5,1,6,3,9,5,2,6)
(45, 20, 21, 53, 21, 85, 34, 42, 29, 15, 5, 29, 36, 42, 83)
line 63: kNearestNeighbour 2 (7,8,5,8,7,3,6,2,8,2,6,1,5,8,7)
(45, 20, 21, 53, 21, 85, 34, 42, 29, 15, 5, 29, 36, 42, 83)(4, 34, 64, 72, 72, 44, 75, 42, 20, 9, 46, 8, 72, 86, 2)
line 64: nearestNeighbour (7,6,10,8,5,3,6,6,9,3,8,9,3,7,9)
(45, 20, 21, 53, 21, 85, 34, 42, 29, 15, 5, 29, 36, 42, 83)
line 65: nearestNeighbour (4,6,8,5,3,2,7,6,6,7,7,2,3,6,4)
(45, 20, 21, 53, 21, 85, 34, 42, 29, 15, 5, 29, 36, 42, 83)
line 66: nearestNeighbour (3,8,7,6,2,3,10,6,8,2,3,3,1,4,10)
(45, 20, 21, 53, 21, 85, 34, 42, 29, 15, 5, 29, 36, 42, 83)
line 67: kNearestNeighbour 7 (2,4,4,3,1,1,4,5,3,1,6,2,10,8,2)
(45, 20, 21, 53, 21, 85, 34, 42, 29, 15, 5, 29, 36, 42, 83)(4, 34, 64, 72, 72, 44, 75, 42, 20, 9, 46, 8, 72, 86, 2)(69, 44, 81, 14, 24, 61, 32, 35, 48, 38, 41, 69, 66, 52, 59)(31, 30, 24, 60, 41, 19, 85, 2, 52, 86, 19, 58, 98, 24, 32)(14, 11, 88, 53, 47, 17, 100, 9, 41, 17, 84, 45, 87, 2, 10)(23, 68, 60, 29, 62, 86, 22, 1, 62, 47, 22, 17, 98, 82, 28)(43, 7, 13, 59, 34, 13, 32, 85, 57, 87, 57, 28, 93, 89, 21)
line 68: kNearestNeighbour 1 (9,8,4,10,9,10,8,8,6,6,6,5,3,8,1)
(45, 20, 21, 53, 21, 85, 34, 42, 29, 15, 5, 29, 36, 42, 83)
line 69: kNearestNeighbour 9 (7,10,10,3,4,10,9,5,5,2,5,3,5,1,3)
(45, 20, 21, 53, 21, 85, 34, 42, 29, 15, 5, 29, 36, 42, 83)(69, 44, 81, 14, 24, 61, 32, 35, 48, 38, 41, 69, 66, 52, 59)(4, 34, 64, 72, 72, 44, 75, 42, 20, 9, 46, 8, 72, 86, 2)(31, 30, 24, 60, 41, 19, 85, 2, 52, 86, 19, 58, 98, 24, 32)(14, 11, 88, 53, 47, 17, 100, 9, 41, 17, 84, 45, 87, 2, 10)(23, 68, 60, 29, 62, 86, 22, 1, 62, 47, 22, 17, 98, 82, 28)(27, 65, 86, 5, 16, 62, 46, 5, 92, 42, 12, 65, 63, 11, 100)(78, 63, 85, 43, 19, 82, 67, 5, 53, 66, 9, 29, 76, 49, 38)(73, 17, 73, 38, 4, 88, 61, 70, 21, 11, 33, 90, 6, 47, 85)
line 70: nearestNeighbour (7,4,8,2,3,4,9,8,9,1,2,10,4,9,7)
(45, 20, 21, 53, 21, 85, 34, 42, 29, 15, 5, 29, 36, 42, 83)
line 71: nearestNeighbour (8,10,8,10,5,6,1,9,2,5,4,8,4,8,6)
(45, 20, 21, 53, 21, 85, 34, 42, 29, 15, 5, 29, 36, 42, 83)
line 72: nearestNeighbour (8,8,1,2,5,4,5,8,8,10,1,10,6,7,5)
(45, 20, 21, 53, 21, 85, 34, 42, 29, 15, 5, 29, 36, 42, 83)
line 73: nearestNeighbour (4,7,5,2,9,2,9,2,1,3,9,5,1,4,1)
(45, 20, 21, 53, 21, 85, 34, 42, 29, 15, 5, 29, 36, 42, 83)
line 74: kNearestNeighbour 1 (8,5,1,6,5,10,7,7,5,1,10,10,4,2,5)
(45, 20, 21, 53, 21, 85, 34, 42, 29, 15, 5, 29, 36, 42, 83)
line 75: kNearestNeighbour 4 (5,9,8,6,9,4,5,3,10,2,7,5,5,6,1)
(45, 20, 21, 53, 21, 85, 34, 42, 29, 15, 5, 29, 36, 42, 83)(4, 34, 64, 72, 72, 44, 75, 42, 20, 9, 46, 8, 72, 86, 2)(69, 44, 81, 14, 24, 61, 32, 35, 48, 38, 41, 69, 66, 52, 59)(31, 30, 24, 60, 41, 19, 85, 2, 52, 86, 19, 58, 98, 24, 32)
line 76: kNearestNeighbour 2 (6,4,4,5,6,4,1,4,2,3,10,8,9,1,5)
(45, 20, 21, 53, 21, 85, 34, 42, 29, 15, 5, 29, 36, 42, 83)(69, 44, 81, 14, 24, 61, 32, 35, 48, 38, 41, 69, 66, 52, 59)
line 77: kNearestNeighbour 9 (1,2,2,6,10,8,3,9,6,2,4,3,2,3,4)
(45, 20, 21, 53, 21, 85, 34, 42, 29, 15, 5, 29, 36, 42, 83)(4, 34, 64, 72, 72, 44, 75, 42, 20, 9, 46, 8, 72, 86, 2)(69, 44, 81, 14, 24, 61, 32, 35, 48, 38, 41, 69, 66, 52, 59)(31, 30, 24, 60, 41, 19, 85, 2, 52, 86, 19, 58, 98, 24, 32)(14, 11, 88, 53, 47, 17, 100, 9, 41, 17, 84, 45, 87, 2, 10)(23, 68, 60, 29, 62, 86, 22, 1, 62, 47, 22, 17, 98, 82, 28)(43, 7, 13, 59, 34, 13, 32, 85, 57, 87, 57, 28, 93, 89, 21)(28, 22, 71, 98, 25, 8, 41, 69, 58, 89, 15, 38, 78, 10, 72)(73, 17, 73, 38, 4, 88, 61, 70, 21, 11, 33, 90, 6, 47, 85)
line 78: kNearestNeighbour 1 (2,8,7,8,5,8,5,7,2,8,9,2,4,6,3)
(45, 20, 21, 53, 21, 85, 34, 42, 29, 15, 5, 29, 36, 42, 83)
line 79: nearestNeighbour (4,5,1,6,6,5,3,9,9,9,6,3,1,10,1)
(45, 20, 21, 53, 21, 85, 34, 42, 29, 15, 5, 29, 36, 42, 83)
line 80: nearestNeighbour (6,8,6,1,10,5,8,4,1,8,7,3,9,10,9)
(45, 20, 21, 53, 21, 85, 34, 42, 29, 15, 5, 29, 36, 42, 83)
line 81: nearestNeighbour (1,9,3,3,1,2,6,6,4,6,1,9,1,1,8)
(45, 20, 21, 53, 21, 85, 34, 42, 29, 15, 5, 29, 36, 42, 83)
line 82: kNearestNeighbour 2 (2,4,6,3,5,1,8,6,3,8,7,9,9,6,3)
(45, 20, 21, 53, 21, 85, 34, 42, 29, 15, 5, 29, 36, 42, 83)(31, 30, 24, 60, 41, 19, 85, 2, 52, 86, 19, 58, 98, 24, 32)
line 83: nearestNeighbour (2,4,2,3,4,3,2,5,9,5,5,10,4,2,6)
(45, 20, 21, 53, 21, 85, 34, 42, 29, 15, 5, 29, 36, 42, 83)
line 84: kNearestNeighbour 3 (10,5,8,6,5,6,7,10,9,7,9,3,2,6,6)
(45, 20, 21, 53, 21, 85, 34, 42, 29, 15, 5, 29, 36, 42, 83)(69, 44, 81, 14, 24, 61, 32, 35, 48, 38, 41, 69, 66, 52, 59)(4, 34, 64, 72, 72, 44, 75, 42, 20, 9, 46, 8, 72, 86, 2)
line 85: nearestNeighbour (3,7,10,9,2,9,5,1,1,5,9,4,3,8,5)
(45, 20, 21, 53, 21, 85, 34, 42, 29, 15, 5, 29, 36, 42, 83)
line 86: nearestNeighbour (6,10,2,3,1,2,8,10,1,1,8,1,5,9,8)
(45, 20, 21, 53, 21, 85, 34, 42, 29, 15, 5, 29, 36, 42, 83)
line 87: nearestNeighbour (9,4,6,1,2,3,2,2,3,2,9,1,10,1,5)
(45, 20, 21, 53, 21, 85, 34, 42, 29, 15, 5, 29, 36, 42, 83)
line 88: nearestNeighbour (1,1,5,5,9,9,3,4,6,9,6,8,3,3,8)
(45, 20, 21, 53, 21, 85, 34, 42, 29, 15, 5, 29, 36, 42, 83)
line 89: kNearestNeighbour 9 (5,3,8,4,10,9,5,8,6,10,6,9,5,3,6)
(45, 20, 21, 53, 21, 85, 34, 42, 29, 15, 5, 29, 36, 42, 83)(69, 44, 81, 14, 24, 61, 32, 35, 48, 38, 41, 69, 66, 52, 59)(31, 30, 24, 60, 41, 19, 85, 2, 52, 86, 19, 58, 98, 24, 32)(4, 34, 64, 72, 72, 44, 75, 42, 20, 9, 46, 8, 72, 86, 2)(14, 11, 88, 53, 47, 17, 100, 9, 41, 17, 84, 45, 87, 2, 10)(23, 68, 60, 29, 62, 86, 22, 1, 62, 47, 22, 17, 98, 82, 28)(28, 22, 71, 98, 25, 8, 41, 69, 58, 89, 15, 38, 78, 10, 72)(43, 7, 13, 59, 34, 13, 32, 85, 57, 87, 57, 28, 93, 89, 21)(27, 65, 86, 5, 16, 62, 46, 5, 92, 42, 12, 65, 63, 11, 100)
line 90: nearestNeighbour (8,3,5,7,8,2,10,1,7,7,5,1,7,9,5)
(45, 20, 21, 53, 21, 85, 34, 42, 29, 15, 5, 29, 36, 42, 83)
line 91: nearestNeighbour (6,7,5,3,10,3,10,3,8,3,2,7,5,7,8)
(45, 20, 21, 53, 21, 85, 34, 42, 29, 15, 5, 29, 36, 42, 83)
line 92: nearestNeighbour (5,1,10,10,9,7,2,3,8,9,9,4,3,2,3)
(45, 20, 21, 53, 21, 85, 34, 42, 29, 15, 5, 29, 36, 42, 83)
line 93: nearestNeighbour (9,10,2,5,6,4,7,9,5,5,9,9,6,10,2)
(45, 20, 21, 53, 21, 85, 34, 42, 29, 15, 5, 29, 36, 42, 83)
line 94: kNearestNeighbour 3 (5,9,4,6,7,4,9,1,4,9,6,3,2,4,10)
(45, 20, 21, 53, 21, 85, 34, 42, 29, 15, 5, 29, 36, 42, 83)(31, 30, 24, 60, 41, 19, 85, 2, 52, 86, 19, 58, 98, 24, 32)(69, 44, 81, 14, 24, 61, 32, 35, 48, 38, 41, 69, 66, 52, 59)
line 95: nearestNeighbour (7,9,2,1,5,7,2,9,5,3,7,4,9,1,6)
(45, 20, 21, 53, 21, 85, 34, 42, 29, 15, 5, 29, 36, 42, 83)
line 96: nearestNeighbour (4,9,4,10,1,6,10,6,1,5,3,2,4,7,7)
(45, 20, 21, 53, 21, 85, 34, 42, 29, 15, 5, 29, 36, 42, 83)
line 97: nearestNeighbour (9,8,9,1,4,2,3,3,5,9,5,5,8,5,1)
(45, 20, 21, 53, 21, 85, 34, 42, 29, 15, 5, 29, 36, 42, 83)
line 98: kNearestNeighbour 4 (1,7,7,1,5,8,10,1,2,2,2,9,6,10,9)
(45, 20, 21, 53, 21, 85, 34, 42, 29, 15, 5, 29, 36, 42, 83)(69, 44, 81, 14, 24, 61, 32, 35, 48, 38, 41, 69, 66, 52, 59)(4, 34, 64, 72, 72, 44, 75, 42, 20, 9, 46, 8, 72, 86, 2)(31, 30, 24, 60, 41, 19, 85, 2, 52, 86, 19, 58, 98, 24, 32)
line 99: nearestNeighbour (10,6,6,7,6,5,8,2,10,1,5,4,5,10,2)
(45, 20, 21, 53, 21, 85, 34, 42, 29, 15, 5, 29, 36, 42, 83)
line 100: kNearestNeighbour 5 (1,7,2,4,3,8,9,2,6,7,10,7,9,8,10)
(45, 20, 21, 53, 21, 85, 34, 42, 29, 15, 5, 29, 36, 42, 83)(31, 30, 24, 60, 41, 19, 85, 2, 52, 86, 19, 58, 98, 24, 32)(69, 44, 81, 14, 24, 61, 32, 35, 48, 38, 41, 69, 66, 52, 59)(4, 34, 64, 72, 72, 44, 75, 42, 20, 9, 46, 8, 72, 86, 2)(14, 11, 88, 53, 47, 17, 100, 9, 41, 17, 84, 45, 87, 2, 10)
line 101: nearestNeighbour (8,9,8,3,3,4,5,7,7,4,10,6,1,1,7)
(45, 20, 21, 53, 21, 85, 34, 42, 29, 15, 5, 29, 36, 42, 83)
line 102: kNearestNeighbour 8 (7,2,9,4,3,9,6,7,9,2,10,1,6,8,9)
(45, 20, 21, 53, 21, 85, 34, 42, 29, 15, 5, 29, 36, 42, 83)(69, 44, 81, 14, 24, 61, 32, 35, 48, 38, 41, 69, 66, 52, 59)(4, 34, 64, 72, 72, 44, 75, 42, 20, 9, 46, 8, 72, 86, 2)(31, 30, 24, 60, 41, 19, 85, 2, 52, 86, 19, 58, 98, 24, 32)(14, 11, 88, 53, 47, 17, 100, 9, 41, 17, 84, 45, 87, 2, 10)(23, 68, 60, 29, 62, 86, 22, 1, 62, 47, 22, 17, 98, 82, 28)(43, 7, 13, 59, 34, 13, 32, 85, 57, 87, 57, 28, 93, 89, 21)(27, 65, 86, 5, 16, 62, 46, 5, 92, 42, 12, 65, 63, 11, 100)
line 103: nearestNeighbour (7,4,1,3,7,2,9,6,8,1,7,4,10,9,7)
(45, 20, 21, 53, 21, 85, 34, 42, 29, 15, 5, 29, 36, 42, 83)
line 104: kNearestNeighbour 5 (7,8,1,4,9,9,8,8,9,9,1,7,9,4,8)
(45, 20, 21, 53, 21, 85, 34, 42, 29, 15, 5, 29, 36, 42, 83)(31, 30, 24, 60, 41, 19, 85, 2, 52, 86, 19, 58, 98, 24, 32)(69, 44, 81, 14, 24, 61, 32, 35, 48, 38, 41, 69, 66, 52, 59)(4, 34, 64, 72, 72, 44, 75, 42, 20, 9, 46, 8, 72, 86, 2)(14, 11, 88, 53, 47, 17, 100, 9, 41, 17, 84, 45, 87, 2, 10)
line 105: kNearestNeighbour 6 (9,1,3,6,6,10,5,6,3,1,5,6,10,1,2)
(45, 20, 21, 53, 21, 85, 34, 42, 29, 15, 5, 29, 36, 42, 83)(69, 44, 81, 14, 24, 61, 32, 35, 48, 38, 41, 69, 66, 52, 59)(4, 34, 64, 72, 72, 44, 75, 42, 20, 9, 46, 8, 72, 86, 2)(31, 30, 24, 60, 41, 19, 85, 2, 52, 86, 19, 58, 98, 24, 32)(14, 11, 88, 53, 47, 17, 100, 9, 41, 17, 84, 45, 87, 2, 10)(23, 68, 60, 29, 62, 86, 22, 1, 62, 47, 22, 17, 98, 82, 28)
line 106: nearestNeighbour (2,1,1,10,1,4,7,3,9,8,2,5,7,7,2)
(45, 20, 21, 53, 21, 85, 34, 42, 29, 15, 5, 29, 36, 42, 83)
line 107: nearestNeighbour (1,4,5,9,9,5,6,6,6,1,10,1,7,2,2)
(45, 20, 21, 53, 21, 85, 34, 42, 29, 15, 5, 29, 36, 42, 83)
line 108: kNearestNeighbour 3 (3,10,10,8,1,9,2,3,7,1,3,2,2,3,6)
(45, 20, 21, 53, 21, 85, 34, 42, 29, 15, 5, 29, 36, 42, 83)(69, 44, 81, 14, 24, 61, 32, 35, 48, 38, 41, 69, 66, 52, 59)(4, 34, 64, 72, 72, 44, 75, 42, 20, 9, 46, 8, 72, 86, 2)
line 109: nearestNeighbour (10,9,9,3,9,1,7,5,9,9,6,10,7,6,2)
(45, 20, 21, 53, 21, 85, 34, 42, 29, 15, 5, 29, 36, 42, 83)
line 110: nearestNeighbour (9,5,2,5,8,1,4,4,6,10,9,2,4,2,2)
(45, 20, 21, 53, 21, 85, 34, 42, 29, 15, 5, 29, 36, 42, 83)
line 111: kNearestNeighbour 2 (8,6,9,10,9,9,10,4,7,3,7,3,10,8,8)
(45, 20, 21, 53, 21, 85, 34, 42, 29, 15, 5, 29, 36, 42, 83)(4, 34, 64, 72, 72, 44, 75, 42, 20, 9, 46, 8, 72, 86, 2)
line 112: nearestNeighbour (8,2,8,9,1,10,8,1,2,5,4,9,8,6,3)
(45, 20, 21, 53, 21, 85, 34, 42, 29, 15, 5, 29, 36, 42, 83)
line 113: kNearestNeighbour 2 (8,1,1,3,6,9,7,5,10,7,1,5,9,2,1)
(45, 20, 21, 53, 21, 85, 34, 42, 29, 15, 5, 29, 36, 42, 83)(31, 30, 24, 60, 41, 19, 85, 2, 52, 86, 19, 58, 98, 24, 32)
line 114: nearestNeighbour (8,7,3,6,10,3,9,8,6,8,4,4,2,8,2)
(45, 20, 21, 53, 21, 85, 34, 42, 29, 15, 5, 29, 36, 42, 83)
line 115: kNearestNeighbour 9 (9,2,3,3,8,5,1,1,2,9,9,4,9,8,1)
(45, 20, 21, 53, 21, 85, 34, 42, 29, 15, 5, 29, 36, 42, 83)(69, 44, 81, 14, 24, 61, 32, 35, 48, 38, 41, 69, 66, 52, 59)(31, 30, 24, 60, 41, 19, 85, 2, 52, 86, 19, 58, 98, 24, 32)(4, 34, 64, 72, 72, 44, 75, 42, 20, 9, 46, 8, 72, 86, 2)(14, 11, 88, 53, 47, 17, 100, 9, 41, 17, 84, 45, 87, 2, 10)(23, 68, 60, 29, 62, 86, 22, 1, 62, 47, 22, 17, 98, 82, 28)(43, 7, 13, 59, 34, 13, 32, 85, 57, 87, 57, 28, 93, 89, 21)(78, 63, 85, 43, 19, 82, 67, 5, 53, 66, 9, 29, 76, 49, 38)(28, 22, 71, 98, 25, 8, 41, 69, 58, 89, 15, 38, 78, 10, 72)
line 116: nearestNeighbour (5,7,3,3,4,1,5,8,5,7,1,2,9,6,6)
(45, 20, 21, 53, 21, 85, 34, 42, 29, 15, 5, 29, 36, 42, 83)
line 117: kNearestNeighbour 7 (10,5,3,7,5,5,6,6,9,8,6,3,5,8,5)
(45, 20, 21, 53, 21, 85, 34, 42, 29, 15, 5, 29, 36, 42, 83)(69, 44, 81, 14, 24, 61, 32, 35, 48, 38, 41, 69, 66, 52, 59)(31, 30, 24, 60, 41, 19, 85, 2, 52, 86, 19, 58, 98, 24, 32)(4, 34, 64, 72, 72, 44, 75, 42, 20, 9, 46, 8, 72, 86, 2)(14, 11, 88, 53, 47, 17, 100, 9, 41, 17, 84, 45, 87, 2, 10)(23, 68, 60, 29, 62, 86, 22, 1, 62, 47, 22, 17, 98, 82, 28)(43, 7, 13, 59, 34, 13, 32, 85, 57, 87, 57, 28, 93, 89, 21)
line 118: kNearestNeighbour 10 (8,7,3,3,3,5,3,2,3,7,9,8,8,3,1)
(45, 20, 21, 53, 21, 85, 34, 42, 29, 15, 5, 29, 36, 42, 83)(69, 44, 81, 14, 24, 61, 32, 35, 48, 38, 41, 69, 66, 52, 59)(31, 30, 24, 60, 41, 19, 85, 2, 52, 86, 19, 58, 98, 24, 32)(4, 34, 64, 72, 72, 44, 75, 42, 20, 9, 46, 8, 72, 86, 2)(14, 11, 88, 53, 47, 17, 100, 9, 41, 17, 84, 45, 87, 2, 10)(23, 68, 60, 29, 62, 86, 22, 1, 62, 47, 22, 17, 98, 82, 28)(43, 7, 13, 59, 34, 13, 32, 85, 57, 87, 57, 28, 93, 89, 21)(78, 63, 85, 43, 19, 82, 67, 5, 53, 66, 9, 29, 76, 49, 38)(27, 65, 86, 5, 16, 62, 46, 5, 92, 42, 12, 65, 63, 11, 100)(28, 22, 71, 98, 25, 8, 41, 69, 58, 89, 15, 38, 78, 10, 72)
line 119: kNearestNeighbour 8 (6,5,3,6,10,4,2,2,3,2,2,8,3,3,5)
(45, 20, 21, 53, 21, 85, 34, 42, 29, 15, 5, 29, 36, 42, 83)(69, 44, 81, 14, 24, 61, 32, 35, 48, 38, 41, 69, 66, 52, 59)(31, 30, 24, 60, 41, 19, 85, 2, 52, 86, 19, 58, 98, 24, 32)(4, 34, 64, 72, 72, 44, 75, 42, 20, 9, 46, 8, 72, 86, 2)(14, 11, 88, 53, 47, 17, 100, 9, 41, 17, 84, 45, 87, 2, 10)(23, 68, 60, 29, 62, 86, 22, 1, 62, 47, 22, 17, 98, 82, 28)(27, 65, 86, 5, 16, 62, 46, 5, 92, 42, 12, 65, 63, 11, 100)(28, 22, 71, 98, 25, 8, 41, 69, 58, 89, 15, 38, 78, 10, 72)
line 120: kNearestNeighbour 5 (5,5,8,10,4,9,5,8,3,8,6,2,6,8,7)
(45, 20, 21, 53, 21, 85, 34, 42, 29, 15, 5, 29, 36, 42, 83)(4, 34, 64, 72, 72, 44, 75, 42, 20, 9, 46, 8, 72, 86, 2)(69, 44, 81, 14, 24, 61, 32, 35, 48, 38, 41, 69, 66, 52, 59)(31, 30, 24, 60, 41, 19, 85, 2, 52, 86, 19, 58, 98, 24, 32)(14, 11, 88, 53, 47, 17, 100, 9, 41, 17, 84, 45, 87, 2, 10)
line 121: nearestNeighbour (8,9,9,6,5,6,7,4,4,7,3,5,3,6,5)
(45, 20, 21, 53, 21, 85, 34, 42, 29, 15, 5, 29, 36, 42, 83)
line 122: kNearestNeighbour 2 (3,9,5,7,2,5,10,7,2,10,8,2,10,4,7)
(45, 20, 21, 53, 21, 85, 34, 42, 29, 15, 5, 29, 36, 42, 83)(31, 30, 24, 60, 41, 19, 85, 2, 52, 86, 19, 58, 98, 24, 32)
line 123: nearestNeighbour (3,3,1,1,7,3,10,8,1,8,10,2,5,2,5)
(45, 20, 21, 53, 21, 85, 34, 42, 29, 15, 5, 29, 36, 42, 83)
line 124: nearestNeighbour (10,2,10,7,4,5,2,3,6,8,9,2,4,10,5)
(45, 20, 21, 53, 21, 85, 34, 42, 29, 15, 5, 29, 36, 42, 83)
line 125: nearestNeighbour (2,3,7,1,5,1,6,10,2,2,4,9,9,9,10)
(45, 20, 21, 53, 21, 85, 34, 42, 29, 15, 5, 29, 36, 42, 83)
line 126: nearestNeighbour (2,10,1,5,1,9,10,4,1,5,10,9,6,3,1)
(45, 20, 21, 53, 21, 85, 34, 42, 29, 15, 5, 29, 36, 42, 83)
line 127: nearestNeighbour (2,4,3,5,10,3,7,7,10,6,5,2,2,4,10)
(45, 20, 21, 53, 21, 85, 34, 42, 29, 15, 5, 29, 36, 42, 83)
line 128: kNearestNeighbour 10 (6,2,10,10,9,3,1,8,8,2,8,2,2,5,10)
(45, 20, 21, 53, 21, 85, 34, 42, 29, 15, 5, 29, 36, 42, 83)(69, 44, 81, 14, 24, 61, 32, 35, 48, 38, 41, 69, 66, 52, 59)(4, 34, 64, 72, 72, 44, 75, 42, 20, 9, 46, 8, 72, 86, 2)(31, 30, 24, 60, 41, 19, 85, 2, 52, 86, 19, 58, 98, 24, 32)(14, 11, 88, 53, 47, 17, 100, 9, 41, 17, 84, 45, 87, 2, 10)(23, 68, 60, 29, 62, 86, 22, 1, 62, 47, 22, 17, 98, 82, 28)(28, 22, 71, 98, 25, 8, 41, 69, 58, 89, 15, 38, 78, 10, 72)(43, 7, 13, 59, 34, 13, 32, 85, 57, 87, 57, 28, 93, 89, 21)(73, 17, 73, 38, 4, 88, 61, 70, 21, 11, 33, 90, 6, 47, 85)(27, 65, 86, 5, 16, 62, 46, 5, 92, 42, 12, 65, 63, 11, 100)
line 129: kNearestNeighbour 7 (4,8,2,5,1,9,7,3,5,4,3,6,3,8,9)
(45, 20, 21, 53, 21, 85, 34, 42, 29, 15, 5, 29, 36, 42, 83)(69, 44, 81, 14, 24, 61, 32, 35, 48, 38, 41, 69, 66, 52, 59)(31, 30, 24, 60, 41, 19, 85, 2, 52, 86, 19, 58, 98, 24, 32)(4, 34, 64, 72, 72, 44, 75, 42, 20, 9, 46, 8, 72, 86, 2)(14, 11, 88, 53, 47, 17, 100, 9, 41, 17, 84, 45, 87, 2, 10)(23, 68, 60, 29, 62, 86, 22, 1, 62, 47, 22, 17, 98, 82, 28)(27, 65, 86, 5, 16, 62, 46, 5, 92, 42, 12, 65, 63, 11, 100)
line 130: kNearestNeighbour 3 (5,7,5,9,10,5,2,1,2,1,2,9,9,1,10)
(45, 20, 21, 53, 21, 85, 34, 42, 29, 15, 5, 29, 36, 42, 83)(69, 44, 81, 14, 24, 61, 32, 35, 48, 38, 41, 69, 66, 52, 59)(31, 30, 24, 60, 41, 19, 85, 2, 52, 86, 19, 58, 98, 24, 32)
line 131: nearestNeighbour (3,9,3,2,7,9,3,9,3,5,1,3,4,10,6)
(45, 20, 21, 53, 21, 85, 34, 42, 29, 15, 5, 29, 36, 42, 83)
line 132: kNearestNeighbour 2 (2,9,4,5,4,8,10,6,7,6,2,2,6,1,7)
(45, 20, 21, 53, 21, 85, 34, 42, 29, 15, 5, 29, 36, 42, 83)(31, 30, 24, 60, 41, 19, 85, 2, 52, 86, 19, 58, 98, 24, 32)
line 133: kNearestNeighbour 9 (8,2,9,10,9,6,2,10,4,4,1,6,8,6,8)
(45, 20, 21, 53, 21, 85, 34, 42, 29, 15, 5, 29, 36, 42, 83)(69, 44, 81, 14, 24, 61, 32, 35, 48, 38, 41, 69, 66, 52, 59)(4, 34, 64, 72, 72, 44, 75, 42, 20, 9, 46, 8, 72, 86, 2)(31, 30, 24, 60, 41, 19, 85, 2, 52, 86, 19, 58, 98, 24, 32)(14, 11, 88, 53, 47, 17, 100, 9, 41, 17, 84, 45, 87, 2, 10)(23, 68, 60, 29, 62, 86, 22, 1, 62, 47, 22, 17, 98, 82, 28)(28, 22, 71, 98, 25, 8, 41, 69, 58, 89, 15, 38, 78, 10, 72)(43, 7, 13, 59, 34, 13, 32, 85, 57, 87, 57, 28, 93, 89, 21)(73, 17, 73, 38, 4, 88, 61, 70, 21, 11, 33, 90, 6, 47, 85)
line 134: nearestNeighbour (10,10,3,9,10,4,1,3,5,9,3,2,6,7,9)
(45, 20, 21, 53, 21, 85, 34, 42, 29, 15, 5, 29, 36, 42, 83)
line 135: kNearestNeighbour 4 (2,7,5,6,7,8,2,1,4,5,4,5,1,6,4)
(45, 20, 21, 53, 21, 85, 34, 42, 29, 15, 5, 29, 36, 42, 83)(4, 34, 64, 72, 72, 44, 75, 42, 20, 9, 46, 8, 72, 86, 2)(69, 44, 81, 14, 24, 61, 32, 35, 48, 38, 41, 69, 66, 52, 59)(31, 30, 24, 60, 41, 19, 85, 2, 52, 86, 19, 58, 98, 24, 32)
line 136: nearestNeighbour (3,9,7,2,9,7,5,4,2,1,10,8,3,10,6)
(45, 20, 21, 53, 21, 85, 34, 42, 29, 15, 5, 29, 36, 42, 83)
line 137: nearestNeighbour (6,8,1,4,1,10,8,9,3,1,3,3,9,2,7)
(45, 20, 21, 53, 21, 85, 34, 42, 29, 15, 5, 29, 36, 42, 83)
line 138: kNearestNeighbour 6 (1,2,6,8,7,6,8,10,2,4,10,4,10,10,1)
(45, 20, 21, 53, 21, 85, 34, 42, 29, 15, 5, 29, 36, 42, 83)(4, 34, 64, 72, 72, 44, 75, 42, 20, 9, 46, 8, 72, 86, 2)(31, 30, 24, 60, 41, 19, 85, 2, 52, 86, 19, 58, 98, 24, 32)(69, 44, 81, 14, 24, 61, 32, 35, 48, 38, 41, 69, 66, 52, 59)(14, 11, 88, 53, 47, 17, 100, 9, 41, 17, 84, 45, 87, 2, 10)(23, 68, 60, 29, 62, 86, 22, 1, 62, 47, 22, 17, 98, 82, 28)
line 139: nearestNeighbour (10,2,8,3,10,2,10,6,9,9,10,7,4,7,4)
(45, 20, 21, 53, 21, 85, 34, 42, 29, 15, 5, 29, 36, 42, 83)
line 140: kNearestNeighbour 6 (5,9,4,8,6,1,3,1,8,10,2,8,9,9,6)
(45, 20, 21, 53, 21, 85, 34, 42, 29, 15, 5, 29, 36, 42, 83)(31, 30, 24, 60, 41, 19, 85, 2, 52, 86, 19, 58, 98, 24, 32)(69, 44, 81, 14, 24, 61, 32, 35, 48, 38, 41, 69, 66, 52, 59)(4, 34, 64, 72, 72, 44, 75, 42, 20, 9, 46, 8, 72, 86, 2)(14, 11, 88, 53, 47, 17, 100, 9, 41, 17, 84, 45, 87, 2, 10)(23, 68, 60, 29, 62, 86, 22, 1, 62, 47, 22, 17, 98, 82, 28)
line 141: nearestNeighbour (7,7,10,1,6,6,3,4,5,5,1,2,7,10,8)
(45, 20, 21, 53, 21, 85, 34, 42, 29, 15, 5, 29, 36, 42, 83)
line 142: kNearestNeighbour 3 (6,9,8,9,8,5,8,8,9,8,5,10,1,4,4)
(45, 20, 21, 53, 21, 85, 34, 42, 29, 15, 5, 29, 36, 42, 83)(69, 44, 81, 14, 24, 61, 32, 35, 48, 38, 41, 69, 66, 52, 59)(31, 30, 24, 60, 41, 19, 85, 2, 52, 86, 19, 58, 98, 24, 32)
line 143: kNearestNeighbour 6 (10,10,5,9,5,2,1,4,1,7,2,5,3,4,8)
(45, 20, 21, 53, 21, 85, 34, 42, 29, 15, 5, 29, 36, 42, 83)(69, 44, 81, 14, 24, 61, 32, 35, 48, 38, 41, 69, 66, 52, 59)(31, 30, 24, 60, 41, 19, 85, 2, 52, 86, 19, 58, 98, 24, 32)(4, 34, 64, 72, 72, 44, 75, 42, 20, 9, 46, 8, 72, 86, 2)(14, 11, 88, 53, 47, 17, 100, 9, 41, 17, 84, 45, 87, 2, 10)(23, 68, 60, 29, 62, 86, 22, 1, 62, 47, 22, 17, 98, 82, 28)
