line 1: k=15
line 2: clear
line 3: buildTree 15
(7,71,62,47,89,8,84,73,77,10,45,98,97,75,38) (65,37,50,52,72,63,70,98,21,16,71,46,53,48,24) (35,89,49,62,77,24,14,97,32,25,86,53,63,35,70) (55,43,39,69,81,53,74,60,71,16,20,94,61,76,79) (38,52,58,76,49,94,2,29,66,41,2,21,60,30,22) (45,75,88,6,34,35,9,1,60,21,52,83,60,76,1) (6,81,25,83,94,61,61,87,85,80,36,82,95,21,90) (92,20,85,3,78,61,52,15,66,57,69,36,20,3,47) (8,37,46,90,96,83,27,66,94,25,92,82,73,58,93) (8,55,81,10,2,67,63,11,36,14,47,97,44,33,65) (59,50,93,15,7,64,72,35,42,19,97,54,29,59,2) (82,41,3,19,2,24,6,72,91,2,30,53,80,49,24) (2,6,38,65,92,70,75,65,49,56,88,14,47,1,40) (53,83,95,64,13,2,94,13,79,96,40,89,79,70,7) (76,15,67,30,38,74,33,33,26,71,59,20,6,77,59) 
line 4: nodeCount_height_leafCount
nodeCount=15;height=4;leafCount=8
line 5: inorderTraversal
(2, 6, 38, 65, 92, 70, 75, 65, 49, 56, 88, 14, 47, 1, 40) (8, 37, 46, 90, 96, 83, 27, 66, 94, 25, 92, 82, 73, 58, 93) (38, 52, 58, 76, 49, 94, 2, 29, 66, 41, 2, 21, 60, 30, 22) (8, 55, 81, 10, 2, 67, 63, 11, 36, 14, 47, 97, 44, 33, 65) (6, 81, 25, 83, 94, 61, 61, 87, 85, 80, 36, 82, 95, 21, 90) (35, 89, 49, 62, 77, 24, 14, 97, 32, 25, 86, 53, 63, 35, 70) (7, 71, 62, 47, 89, 8, 84, 73, 77, 10, 45, 98, 97, 75, 38) (45, 75, 88, 6, 34, 35, 9, 1, 60, 21, 52, 83, 60, 76, 1) (65, 37, 50, 52, 72, 63, 70, 98, 21, 16, 71, 46, 53, 48, 24) (76, 15, 67, 30, 38, 74, 33, 33, 26, 71, 59, 20, 6, 77, 59) (92, 20, 85, 3, 78, 61, 52, 15, 66, 57, 69, 36, 20, 3, 47) (82, 41, 3, 19, 2, 24, 6, 72, 91, 2, 30, 53, 80, 49, 24) (55, 43, 39, 69, 81, 53, 74, 60, 71, 16, 20, 94, 61, 76, 79) (59, 50, 93, 15, 7, 64, 72, 35, 42, 19, 97, 54, 29, 59, 2) (53, 83, 95, 64, 13, 2, 94, 13, 79, 96, 40, 89, 79, 70, 7) 
line 6: preorderTraversal
(45, 75, 88, 6, 34, 35, 9, 1, 60, 21, 52, 83, 60, 76, 1) (8, 55, 81, 10, 2, 67, 63, 11, 36, 14, 47, 97, 44, 33, 65) (8, 37, 46, 90, 96, 83, 27, 66, 94, 25, 92, 82, 73, 58, 93) (2, 6, 38, 65, 92, 70, 75, 65, 49, 56, 88, 14, 47, 1, 40) (38, 52, 58, 76, 49, 94, 2, 29, 66, 41, 2, 21, 60, 30, 22) (35, 89, 49, 62, 77, 24, 14, 97, 32, 25, 86, 53, 63, 35, 70) (6, 81, 25, 83, 94, 61, 61, 87, 85, 80, 36, 82, 95, 21, 90) (7, 71, 62, 47, 89, 8, 84, 73, 77, 10, 45, 98, 97, 75, 38) (82, 41, 3, 19, 2, 24, 6, 72, 91, 2, 30, 53, 80, 49, 24) (76, 15, 67, 30, 38, 74, 33, 33, 26, 71, 59, 20, 6, 77, 59) (65, 37, 50, 52, 72, 63, 70, 98, 21, 16, 71, 46, 53, 48, 24) (92, 20, 85, 3, 78, 61, 52, 15, 66, 57, 69, 36, 20, 3, 47) (59, 50, 93, 15, 7, 64, 72, 35, 42, 19, 97, 54, 29, 59, 2) (55, 43, 39, 69, 81, 53, 74, 60, 71, 16, 20, 94, 61, 76, 79) (53, 83, 95, 64, 13, 2, 94, 13, 79, 96, 40, 89, 79, 70, 7) 
line 7: postorderTraversal
(2, 6, 38, 65, 92, 70, 75, 65, 49, 56, 88, 14, 47, 1, 40) (38, 52, 58, 76, 49, 94, 2, 29, 66, 41, 2, 21, 60, 30, 22) (8, 37, 46, 90, 96, 83, 27, 66, 94, 25, 92, 82, 73, 58, 93) (6, 81, 25, 83, 94, 61, 61, 87, 85, 80, 36, 82, 95, 21, 90) (7, 71, 62, 47, 89, 8, 84, 73, 77, 10, 45, 98, 97, 75, 38) (35, 89, 49, 62, 77, 24, 14, 97, 32, 25, 86, 53, 63, 35, 70) (8, 55, 81, 10, 2, 67, 63, 11, 36, 14, 47, 97, 44, 33, 65) (65, 37, 50, 52, 72, 63, 70, 98, 21, 16, 71, 46, 53, 48, 24) (92, 20, 85, 3, 78, 61, 52, 15, 66, 57, 69, 36, 20, 3, 47) (76, 15, 67, 30, 38, 74, 33, 33, 26, 71, 59, 20, 6, 77, 59) (55, 43, 39, 69, 81, 53, 74, 60, 71, 16, 20, 94, 61, 76, 79) (53, 83, 95, 64, 13, 2, 94, 13, 79, 96, 40, 89, 79, 70, 7) (59, 50, 93, 15, 7, 64, 72, 35, 42, 19, 97, 54, 29, 59, 2) (82, 41, 3, 19, 2, 24, 6, 72, 91, 2, 30, 53, 80, 49, 24) (45, 75, 88, 6, 34, 35, 9, 1, 60, 21, 52, 83, 60, 76, 1) 
line 8: kNearestNeighbour 7 (3,8,2,9,8,8,8,9,3,5,9,6,4,9,1)
(38, 52, 58, 76, 49, 94, 2, 29, 66, 41, 2, 21, 60, 30, 22)(82, 41, 3, 19, 2, 24, 6, 72, 91, 2, 30, 53, 80, 49, 24)(76, 15, 67, 30, 38, 74, 33, 33, 26, 71, 59, 20, 6, 77, 59)(8, 55, 81, 10, 2, 67, 63, 11, 36, 14, 47, 97, 44, 33, 65)(45, 75, 88, 6, 34, 35, 9, 1, 60, 21, 52, 83, 60, 76, 1)(59, 50, 93, 15, 7, 64, 72, 35, 42, 19, 97, 54, 29, 59, 2)(2, 6, 38, 65, 92, 70, 75, 65, 49, 56, 88, 14, 47, 1, 40)
line 9: kNearestNeighbour 1 (3,1,4,3,4,9,10,6,5,5,4,3,8,2,7)
(82, 41, 3, 19, 2, 24, 6, 72, 91, 2, 30, 53, 80, 49, 24)
line 10: kNearestNeighbour 9 (3,8,9,2,6,10,8,3,3,2,1,5,7,2,7)
(38, 52, 58, 76, 49, 94, 2, 29, 66, 41, 2, 21, 60, 30, 22)(8, 55, 81, 10, 2, 67, 63, 11, 36, 14, 47, 97, 44, 33, 65)(82, 41, 3, 19, 2, 24, 6, 72, 91, 2, 30, 53, 80, 49, 24)(76, 15, 67, 30, 38, 74, 33, 33, 26, 71, 59, 20, 6, 77, 59)(45, 75, 88, 6, 34, 35, 9, 1, 60, 21, 52, 83, 60, 76, 1)(59, 50, 93, 15, 7, 64, 72, 35, 42, 19, 97, 54, 29, 59, 2)(92, 20, 85, 3, 78, 61, 52, 15, 66, 57, 69, 36, 20, 3, 47)(2, 6, 38, 65, 92, 70, 75, 65, 49, 56, 88, 14, 47, 1, 40)(65, 37, 50, 52, 72, 63, 70, 98, 21, 16, 71, 46, 53, 48, 24)
line 11: kNearestNeighbour 3 (10,10,2,6,8,3,3,4,1,6,3,7,7,8,5)
(82, 41, 3, 19, 2, 24, 6, 72, 91, 2, 30, 53, 80, 49, 24)(38, 52, 58, 76, 49, 94, 2, 29, 66, 41, 2, 21, 60, 30, 22)(76, 15, 67, 30, 38, 74, 33, 33, 26, 71, 59, 20, 6, 77, 59)
line 12: nearestNeighbour (9,9,10,9,2,7,10,4,6,7,7,2,6,6,1)
(38, 52, 58, 76, 49, 94, 2, 29, 66, 41, 2, 21, 60, 30, 22)
line 13: nearestNeighbour (4,2,8,8,8,6,8,1,7,5,9,10,1,2,9)
(38, 52, 58, 76, 49, 94, 2, 29, 66, 41, 2, 21, 60, 30, 22)
line 14: nearestNeighbour (7,9,2,6,4,2,7,7,6,6,10,10,7,5,9)
(82, 41, 3, 19, 2, 24, 6, 72, 91, 2, 30, 53, 80, 49, 24)
line 15: nearestNeighbour (10,6,2,6,3,6,7,1,1,5,7,6,7,7,7)
(82, 41, 3, 19, 2, 24, 6, 72, 91, 2, 30, 53, 80, 49, 24)
line 16: nearestNeighbour (3,7,5,10,9,3,5,10,4,7,8,7,6,6,4)
(38, 52, 58, 76, 49, 94, 2, 29, 66, 41, 2, 21, 60, 30, 22)
line 17: nearestNeighbour (6,7,5,3,9,6,7,4,4,4,9,6,1,3,4)
(82, 41, 3, 19, 2, 24, 6, 72, 91, 2, 30, 53, 80, 49, 24)
line 18: kNearestNeighbour 4 (3,3,4,7,3,7,8,10,9,5,2,9,8,5,2)
(82, 41, 3, 19, 2, 24, 6, 72, 91, 2, 30, 53, 80, 49, 24)(38, 52, 58, 76, 49, 94, 2, 29, 66, 41, 2, 21, 60, 30, 22)(8, 55, 81, 10, 2, 67, 63, 11, 36, 14, 47, 97, 44, 33, 65)(76, 15, 67, 30, 38, 74, 33, 33, 26, 71, 59, 20, 6, 77, 59)
line 19: nearestNeighbour (8,3,5,8,3,5,7,9,3,5,4,2,5,8,5)
(82, 41, 3, 19, 2, 24, 6, 72, 91, 2, 30, 53, 80, 49, 24)
line 20: nearestNeighbour (2,2,9,8,2,5,1,6,5,6,3,1,9,8,1)
(38, 52, 58, 76, 49, 94, 2, 29, 66, 41, 2, 21, 60, 30, 22)
line 21: nearestNeighbour (5,7,7,3,10,10,5,10,5,4,4,2,6,9,2)
(38, 52, 58, 76, 49, 94, 2, 29, 66, 41, 2, 21, 60, 30, 22)
line 22: nearestNeighbour (4,10,3,6,2,10,1,9,2,4,4,2,3,9,8)
(38, 52, 58, 76, 49, 94, 2, 29, 66, 41, 2, 21, 60, 30, 22)
line 23: nearestNeighbour (1,9,5,3,7,7,3,3,4,10,9,2,5,10,4)
(38, 52, 58, 76, 49, 94, 2, 29, 66, 41, 2, 21, 60, 30, 22)
line 24: nearestNeighbour (9,9,4,6,2,3,3,5,5,5,5,4,1,4,6)
(82, 41, 3, 19, 2, 24, 6, 72, 91, 2, 30, 53, 80, 49, 24)
line 25: nearestNeighbour (8,5,2,8,5,9,5,9,6,10,3,5,9,7,9)
(82, 41, 3, 19, 2, 24, 6, 72, 91, 2, 30, 53, 80, 49, 24)
line 26: kNearestNeighbour 6 (5,2,1,1,5,4,3,2,7,10,4,3,5,3,1)
(82, 41, 3, 19, 2, 24, 6, 72, 91, 2, 30, 53, 80, 49, 24)(38, 52, 58, 76, 49, 94, 2, 29, 66, 41, 2, 21, 60, 30, 22)(76, 15, 67, 30, 38, 74, 33, 33, 26, 71, 59, 20, 6, 77, 59)(8, 55, 81, 10, 2, 67, 63, 11, 36, 14, 47, 97, 44, 33, 65)(45, 75, 88, 6, 34, 35, 9, 1, 60, 21, 52, 83, 60, 76, 1)(92, 20, 85, 3, 78, 61, 52, 15, 66, 57, 69, 36, 20, 3, 47)
line 27: kNearestNeighbour 5 (3,9,4,2,6,3,7,1,2,6,4,9,3,8,7)
(82, 41, 3, 19, 2, 24, 6, 72, 91, 2, 30, 53, 80, 49, 24)(38, 52, 58, 76, 49, 94, 2, 29, 66, 41, 2, 21, 60, 30, 22)(8, 55, 81, 10, 2, 67, 63, 11, 36, 14, 47, 97, 44, 33, 65)(76, 15, 67, 30, 38, 74, 33, 33, 26, 71, 59, 20, 6, 77, 59)(45, 75, 88, 6, 34, 35, 9, 1, 60, 21, 52, 83, 60, 76, 1)
line 28: nearestNeighbour (8,1,3,5,1,9,6,5,9,6,2,1,3,2,9)
(82, 41, 3, 19, 2, 24, 6, 72, 91, 2, 30, 53, 80, 49, 24)
line 29: kNearestNeighbour 7 (7,10,5,8,7,3,2,10,1,10,10,8,3,3,8)
(82, 41, 3, 19, 2, 24, 6, 72, 91, 2, 30, 53, 80, 49, 24)(38, 52, 58, 76, 49, 94, 2, 29, 66, 41, 2, 21, 60, 30, 22)(76, 15, 67, 30, 38, 74, 33, 33, 26, 71, 59, 20, 6, 77, 59)(8, 55, 81, 10, 2, 67, 63, 11, 36, 14, 47, 97, 44, 33, 65)(45, 75, 88, 6, 34, 35, 9, 1, 60, 21, 52, 83, 60, 76, 1)(59, 50, 93, 15, 7, 64, 72, 35, 42, 19, 97, 54, 29, 59, 2)(92, 20, 85, 3, 78, 61, 52, 15, 66, 57, 69, 36, 20, 3, 47)
line 30: nearestNeighbour (6,2,9,2,8,4,6,9,4,1,1,9,7,5,2)
(82, 41, 3, 19, 2, 24, 6, 72, 91, 2, 30, 53, 80, 49, 24)
line 31: nearestNeighbour (10,1,8,4,9,8,2,4,9,3,4,7,3,1,5)
(38, 52, 58, 76, 49, 94, 2, 29, 66, 41, 2, 21, 60, 30, 22)
line 32: nearestNeighbour (10,8,3,1,5,9,7,7,1,5,8,4,5,6,10)
(82, 41, 3, 19, 2, 24, 6, 72, 91, 2, 30, 53, 80, 49, 24)
line 33: kNearestNeighbour 3 (10,6,10,4,5,3,8,7,3,1,7,2,4,7,3)
(82, 41, 3, 19, 2, 24, 6, 72, 91, 2, 30, 53, 80, 49, 24)(38, 52, 58, 76, 49, 94, 2, 29, 66, 41, 2, 21, 60, 30, 22)(76, 15, 67, 30, 38, 74, 33, 33, 26, 71, 59, 20, 6, 77, 59)
line 34: nearestNeighbour (3,9,10,8,9,3,10,8,4,7,1,4,7,2,1)
(38, 52, 58, 76, 49, 94, 2, 29, 66, 41, 2, 21, 60, 30, 22)
line 35: nearestNeighbour (1,1,6,9,5,8,6,4,6,10,10,7,8,1,10)
(38, 52, 58, 76, 49, 94, 2, 29, 66, 41, 2, 21, 60, 30, 22)
line 36: nearestNeighbour (3,2,4,9,9,8,8,10,4,1,4,3,7,6,4)
(38, 52, 58, 76, 49, 94, 2, 29, 66, 41, 2, 21, 60, 30, 22)
line 37: kNearestNeighbour 2 (3,3,5,2,1,10,5,2,10,10,2,3,2,10,9)
(38, 52, 58, 76, 49, 94, 2, 29, 66, 41, 2, 21, 60, 30, 22)(82, 41, 3, 19, 2, 24, 6, 72, 91, 2, 30, 53, 80, 49, 24)
line 38: kNearestNeighbour 5 (7,6,3,9,1,10,2,8,6,3,8,4,8,9,6)
(82, 41, 3, 19, 2, 24, 6, 72, 91, 2, 30, 53, 80, 49, 24)(38, 52, 58, 76, 49, 94, 2, 29, 66, 41, 2, 21, 60, 30, 22)(76, 15, 67, 30, 38, 74, 33, 33, 26, 71, 59, 20, 6, 77, 59)(8, 55, 81, 10, 2, 67, 63, 11, 36, 14, 47, 97, 44, 33, 65)(45, 75, 88, 6, 34, 35, 9, 1, 60, 21, 52, 83, 60, 76, 1)
line 39: nearestNeighbour (10,8,6,3,10,9,9,5,2,7,6,6,3,5,6)
(38, 52, 58, 76, 49, 94, 2, 29, 66, 41, 2, 21, 60, 30, 22)
line 40: nearestNeighbour (7,4,9,6,3,1,9,4,6,7,9,8,9,2,2)
(82, 41, 3, 19, 2, 24, 6, 72, 91, 2, 30, 53, 80, 49, 24)
line 41: nearestNeighbour (5,6,6,4,4,4,6,6,2,3,10,7,10,5,9)
(82, 41, 3, 19, 2, 24, 6, 72, 91, 2, 30, 53, 80, 49, 24)
line 42: nearestNeighbour (1,8,4,7,7,6,10,7,1,6,4,10,2,1,2)
(38, 52, 58, 76, 49, 94, 2, 29, 66, 41, 2, 21, 60, 30, 22)
line 43: nearestNeighbour (6,3,2,6,6,3,6,5,9,1,10,5,10,7,4)
(82, 41, 3, 19, 2, 24, 6, 72, 91, 2, 30, 53, 80, 49, 24)
line 44: kNearestNeighbour 5 (5,1,6,6,9,3,3,6,8,7,2,9,9,4,3)
(82, 41, 3, 19, 2, 24, 6, 72, 91, 2, 30, 53, 80, 49, 24)(38, 52, 58, 76, 49, 94, 2, 29, 66, 41, 2, 21, 60, 30, 22)(8, 55, 81, 10, 2, 67, 63, 11, 36, 14, 47, 97, 44, 33, 65)(76, 15, 67, 30, 38, 74, 33, 33, 26, 71, 59, 20, 6, 77, 59)(45, 75, 88, 6, 34, 35, 9, 1, 60, 21, 52, 83, 60, 76, 1)
line 45: nearestNeighbour (6,3,10,2,5,4,10,6,9,8,9,1,4,9,6)
(82, 41, 3, 19, 2, 24, 6, 72, 91, 2, 30, 53, 80, 49, 24)
line 46: nearestNeighbour (3,9,9,10,3,1,5,9,3,7,1,2,5,4,8)
(38, 52, 58, 76, 49, 94, 2, 29, 66, 41, 2, 21, 60, 30, 22)
line 47: nearestNeighbour (4,7,7,2,2,3,6,7,6,10,1,7,3,8,4)
(82, 41, 3, 19, 2, 24, 6, 72, 91, 2, 30, 53, 80, 49, 24)
line 48: nearestNeighbour (5,2,5,4,2,6,5,7,9,3,6,5,3,9,9)
(82, 41, 3, 19, 2, 24, 6, 72, 91, 2, 30, 53, 80, 49, 24)
line 49: nearestNeighbour (8,5,2,3,3,8,7,5,3,7,9,7,8,2,8)
(82, 41, 3, 19, 2, 24, 6, 72, 91, 2, 30, 53, 80, 49, 24)
line 50: nearestNeighbour (5,4,9,6,1,9,6,6,10,3,6,9,8,8,5)
(82, 41, 3, 19, 2, 24, 6, 72, 91, 2, 30, 53, 80, 49, 24)
line 51: kNearestNeighbour 3 (1,4,7,10,8,1,3,2,1,5,4,2,2,9,8)
(38, 52, 58, 76, 49, 94, 2, 29, 66, 41, 2, 21, 60, 30, 22)(82, 41, 3, 19, 2, 24, 6, 72, 91, 2, 30, 53, 80, 49, 24)(76, 15, 67, 30, 38, 74, 33, 33, 26, 71, 59, 20, 6, 77, 59)
line 52: nearestNeighbour (2,8,10,4,10,7,7,7,3,10,7,7,1,9,2)
(38, 52, 58, 76, 49, 94, 2, 29, 66, 41, 2, 21, 60, 30, 22)
line 53: nearestNeighbour (4,6,1,8,4,5,1,1,3,3,6,8,10,9,8)
(82, 41, 3, 19, 2, 24, 6, 72, 91, 2, 30, 53, 80, 49, 24)
line 54: nearestNeighbour (1,2,4,1,4,2,3,10,5,5,10,10,9,10,6)
(82, 41, 3, 19, 2, 24, 6, 72, 91, 2, 30, 53, 80, 49, 24)
line 55: kNearestNeighbour 5 (8,4,5,7,8,3,3,10,6,8,10,3,10,2,2)
(82, 41, 3, 19, 2, 24, 6, 72, 91, 2, 30, 53, 80, 49, 24)(38, 52, 58, 76, 49, 94, 2, 29, 66, 41, 2, 21, 60, 30, 22)(76, 15, 67, 30, 38, 74, 33, 33, 26, 71, 59, 20, 6, 77, 59)(8, 55, 81, 10, 2, 67, 63, 11, 36, 14, 47, 97, 44, 33, 65)(45, 75, 88, 6, 34, 35, 9, 1, 60, 21, 52, 83, 60, 76, 1)
line 56: nearestNeighbour (1,1,1,5,8,10,7,3,7,2,6,4,6,2,8)
(38, 52, 58, 76, 49, 94, 2, 29, 66, 41, 2, 21, 60, 30, 22)
line 57: kNearestNeighbour 10 (10,7,10,5,7,9,10,3,8,10,1,5,2,3,3)
(38, 52, 58, 76, 49, 94, 2, 29, 66, 41, 2, 21, 60, 30, 22)(82, 41, 3, 19, 2, 24, 6, 72, 91, 2, 30, 53, 80, 49, 24)(76, 15, 67, 30, 38, 74, 33, 33, 26, 71, 59, 20, 6, 77, 59)(8, 55, 81, 10, 2, 67, 63, 11, 36, 14, 47, 97, 44, 33, 65)(45, 75, 88, 6, 34, 35, 9, 1, 60, 21, 52, 83, 60, 76, 1)(92, 20, 85, 3, 78, 61, 52, 15, 66, 57, 69, 36, 20, 3, 47)(59, 50, 93, 15, 7, 64, 72, 35, 42, 19, 97, 54, 29, 59, 2)(2, 6, 38, 65, 92, 70, 75, 65, 49, 56, 88, 14, 47, 1, 40)(65, 37, 50, 52, 72, 63, 70, 98, 21, 16, 71, 46, 53, 48, 24)(35, 89, 49, 62, 77, 24, 14, 97, 32, 25, 86, 53, 63, 35, 70)
line 58: kNearestNeighbour 1 (5,10,5,7,5,7,5,9,7,8,8,5,9,7,8)
(82, 41, 3, 19, 2, 24, 6, 72, 91, 2, 30, 53, 80, 49, 24)
line 59: kNearestNeighbour 2 (10,3,10,9,10,4,10,9,2,5,7,8,1,2,6)
(38, 52, 58, 76, 49, 94, 2, 29, 66, 41, 2, 21, 60, 30, 22)(82, 41, 3, 19, 2, 24, 6, 72, 91, 2, 30, 53, 80, 49, 24)
line 60: nearestNeighbour (5,9,8,2,6,7,6,9,6,8,3,3,9,9,1)
(82, 41, 3, 19, 2, 24, 6, 72, 91, 2, 30, 53, 80, 49, 24)
line 61: kNearestNeighbour 10 (7,6,1,10,5,5,3,1,1,7,1,7,4,1,8)
(38, 52, 58, 76, 49, 94, 2, 29, 66, 41, 2, 21, 60, 30, 22)(82, 41, 3, 19, 2, 24, 6, 72, 91, 2, 30, 53, 80, 49, 24)(8, 55, 81, 10, 2, 67, 63, 11, 36, 14, 47, 97, 44, 33, 65)(76, 15, 67, 30, 38, 74, 33, 33, 26, 71, 59, 20, 6, 77, 59)(45, 75, 88, 6, 34, 35, 9, 1, 60, 21, 52, 83, 60, 76, 1)(92, 20, 85, 3, 78, 61, 52, 15, 66, 57, 69, 36, 20, 3, 47)(59, 50, 93, 15, 7, 64, 72, 35, 42, 19, 97, 54, 29, 59, 2)(2, 6, 38, 65, 92, 70, 75, 65, 49, 56, 88, 14, 47, 1, 40)(65, 37, 50, 52, 72, 63, 70, 98, 21, 16, 71, 46, 53, 48, 24)(35, 89, 49, 62, 77, 24, 14, 97, 32, 25, 86, 53, 63, 35, 70)
line 62: kNearestNeighbour 2 (2,10,3,8,1,7,9,9,6,7,7,7,1,4,7)
(82, 41, 3, 19, 2, 24, 6, 72, 91, 2, 30, 53, 80, 49, 24)(38, 52, 58, 76, 49, 94, 2, 29, 66, 41, 2, 21, 60, 30, 22)
line 63: kNearestNeighbour 6 (8,1,6,4,9,9,4,10,2,9,8,4,1,9,8)
(38, 52, 58, 76, 49, 94, 2, 29, 66, 41, 2, 21, 60, 30, 22)(76, 15, 67, 30, 38, 74, 33, 33, 26, 71, 59, 20, 6, 77, 59)(82, 41, 3, 19, 2, 24, 6, 72, 91, 2, 30, 53, 80, 49, 24)(8, 55, 81, 10, 2, 67, 63, 11, 36, 14, 47, 97, 44, 33, 65)(45, 75, 88, 6, 34, 35, 9, 1, 60, 21, 52, 83, 60, 76, 1)(59, 50, 93, 15, 7, 64, 72, 35, 42, 19, 97, 54, 29, 59, 2)
line 64: nearestNeighbour (6,1,7,10,9,9,4,4,9,1,1,3,8,3,2)
(38, 52, 58, 76, 49, 94, 2, 29, 66, 41, 2, 21, 60, 30, 22)
line 65: kNearestNeighbour 8 (2,3,3,10,10,5,3,5,2,10,9,9,7,2,4)
(38, 52, 58, 76, 49, 94, 2, 29, 66, 41, 2, 21, 60, 30, 22)(82, 41, 3, 19, 2, 24, 6, 72, 91, 2, 30, 53, 80, 49, 24)(8, 55, 81, 10, 2, 67, 63, 11, 36, 14, 47, 97, 44, 33, 65)(76, 15, 67, 30, 38, 74, 33, 33, 26, 71, 59, 20, 6, 77, 59)(45, 75, 88, 6, 34, 35, 9, 1, 60, 21, 52, 83, 60, 76, 1)(2, 6, 38, 65, 92, 70, 75, 65, 49, 56, 88, 14, 47, 1, 40)(59, 50, 93, 15, 7, 64, 72, 35, 42, 19, 97, 54, 29, 59, 2)(92, 20, 85, 3, 78, 61, 52, 15, 66, 57, 69, 36, 20, 3, 47)
line 66: nearestNeighbour (6,2,5,7,9,5,6,3,8,2,7,4,6,5,7)
(82, 41, 3, 19, 2, 24, 6, 72, 91, 2, 30, 53, 80, 49, 24)
line 67: nearestNeighbour (5,7,8,8,6,2,4,4,6,2,4,4,1,8,7)
(38, 52, 58, 76, 49, 94, 2, 29, 66, 41, 2, 21, 60, 30, 22)
line 68: kNearestNeighbour 8 (1,9,2,8,2,4,3,1,3,2,2,8,7,7,7)
(82, 41, 3, 19, 2, 24, 6, 72, 91, 2, 30, 53, 80, 49, 24)(38, 52, 58, 76, 49, 94, 2, 29, 66, 41, 2, 21, 60, 30, 22)(8, 55, 81, 10, 2, 67, 63, 11, 36, 14, 47, 97, 44, 33, 65)(76, 15, 67, 30, 38, 74, 33, 33, 26, 71, 59, 20, 6, 77, 59)(45, 75, 88, 6, 34, 35, 9, 1, 60, 21, 52, 83, 60, 76, 1)(59, 50, 93, 15, 7, 64, 72, 35, 42, 19, 97, 54, 29, 59, 2)(92, 20, 85, 3, 78, 61, 52, 15, 66, 57, 69, 36, 20, 3, 47)(2, 6, 38, 65, 92, 70, 75, 65, 49, 56, 88, 14, 47, 1, 40)
line 69: nearestNeighbour (10,4,10,8,8,2,7,2,9,2,1,8,2,6,7)
(82, 41, 3, 19, 2, 24, 6, 72, 91, 2, 30, 53, 80, 49, 24)
line 70: nearestNeighbour (2,7,4,2,4,8,1,1,10,5,3,9,9,2,4)
(82, 41, 3, 19, 2, 24, 6, 72, 91, 2, 30, 53, 80, 49, 24)
line 71: kNearestNeighbour 2 (7,1,8,5,1,1,8,6,10,3,4,7,10,7,7)
(82, 41, 3, 19, 2, 24, 6, 72, 91, 2, 30, 53, 80, 49, 24)(38, 52, 58, 76, 49, 94, 2, 29, 66, 41, 2, 21, 60, 30, 22)
line 72: kNearestNeighbour 2 (8,6,10,10,8,4,8,8,6,5,8,6,9,8,2)
(82, 41, 3, 19, 2, 24, 6, 72, 91, 2, 30, 53, 80, 49, 24)(38, 52, 58, 76, 49, 94, 2, 29, 66, 41, 2, 21, 60, 30, 22)
line 73: kNearestNeighbour 1 (1,9,8,8,3,3,3,10,1,1,7,8,5,1,4)
(82, 41, 3, 19, 2, 24, 6, 72, 91, 2, 30, 53, 80, 49, 24)
line 74: nearestNeighbour (10,3,5,9,6,3,10,7,4,9,2,1,6,2,2)
(38, 52, 58, 76, 49, 94, 2, 29, 66, 41, 2, 21, 60, 30, 22)
line 75: nearestNeighbour (9,7,3,4,6,8,10,6,1,2,8,9,4,10,6)
(82, 41, 3, 19, 2, 24, 6, 72, 91, 2, 30, 53, 80, 49, 24)
line 76: nearestNeighbour (5,9,4,2,4,1,6,3,7,2,10,4,8,10,6)
(82, 41, 3, 19, 2, 24, 6, 72, 91, 2, 30, 53, 80, 49, 24)
line 77: nearestNeighbour (5,7,7,3,5,1,6,10,7,7,10,3,9,4,1)
(82, 41, 3, 19, 2, 24, 6, 72, 91, 2, 30, 53, 80, 49, 24)
line 78: nearestNeighbour (5,3,7,9,10,5,10,9,5,9,6,3,4,6,1)
(38, 52, 58, 76, 49, 94, 2, 29, 66, 41, 2, 21, 60, 30, 22)
line 79: nearestNeighbour (8,10,9,3,3,2,5,9,10,3,7,9,2,9,9)
(82, 41, 3, 19, 2, 24, 6, 72, 91, 2, 30, 53, 80, 49, 24)
line 80: nearestNeighbour (10,3,7,7,7,5,3,6,5,4,1,1,9,6,2)
(38, 52, 58, 76, 49, 94, 2, 29, 66, 41, 2, 21, 60, 30, 22)
line 81: nearestNeighbour (8,3,2,9,8,7,8,10,9,1,3,5,4,3,6)
(82, 41, 3, 19, 2, 24, 6, 72, 91, 2, 30, 53, 80, 49, 24)
line 82: nearestNeighbour (10,2,1,9,1,1,2,9,3,3,4,7,9,8,1)
(82, 41, 3, 19, 2, 24, 6, 72, 91, 2, 30, 53, 80, 49, 24)
line 83: nearestNeighbour (2,2,9,8,10,6,3,4,6,6,9,2,10,7,9)
(38, 52, 58, 76, 49, 94, 2, 29, 66, 41, 2, 21, 60, 30, 22)
line 84: nearestNeighbour (4,5,10,3,6,7,9,2,4,6,1,6,5,2,6)
(38, 52, 58, 76, 49, 94, 2, 29, 66, 41, 2, 21, 60, 30, 22)
line 85: nearestNeighbour (7,7,6,8,7,1,4,9,5,1,9,1,8,8,5)
(82, 41, 3, 19, 2, 24, 6, 72, 91, 2, 30, 53, 80, 49, 24)
line 86: kNearestNeighbour 5 (4,3,6,3,8,3,2,1,6,6,1,5,5,7,9)
(38, 52, 58, 76, 49, 94, 2, 29, 66, 41, 2, 21, 60, 30, 22)(82, 41, 3, 19, 2, 24, 6, 72, 91, 2, 30, 53, 80, 49, 24)(8, 55, 81, 10, 2, 67, 63, 11, 36, 14, 47, 97, 44, 33, 65)(76, 15, 67, 30, 38, 74, 33, 33, 26, 71, 59, 20, 6, 77, 59)(45, 75, 88, 6, 34, 35, 9, 1, 60, 21, 52, 83, 60, 76, 1)
line 87: kNearestNeighbour 3 (3,4,8,6,6,7,1,6,7,1,6,4,3,7,10)
(38, 52, 58, 76, 49, 94, 2, 29, 66, 41, 2, 21, 60, 30, 22)(82, 41, 3, 19, 2, 24, 6, 72, 91, 2, 30, 53, 80, 49, 24)(8, 55, 81, 10, 2, 67, 63, 11, 36, 14, 47, 97, 44, 33, 65)
line 88: kNearestNeighbour 9 (2,2,9,5,8,8,6,8,1,10,6,7,3,7,3)
(38, 52, 58, 76, 49, 94, 2, 29, 66, 41, 2, 21, 60, 30, 22)(82, 41, 3, 19, 2, 24, 6, 72, 91, 2, 30, 53, 80, 49, 24)(76, 15, 67, 30, 38, 74, 33, 33, 26, 71, 59, 20, 6, 77, 59)(8, 55, 81, 10, 2, 67, 63, 11, 36, 14, 47, 97, 44, 33, 65)(45, 75, 88, 6, 34, 35, 9, 1, 60, 21, 52, 83, 60, 76, 1)(59, 50, 93, 15, 7, 64, 72, 35, 42, 19, 97, 54, 29, 59, 2)(92, 20, 85, 3, 78, 61, 52, 15, 66, 57, 69, 36, 20, 3, 47)(2, 6, 38, 65, 92, 70, 75, 65, 49, 56, 88, 14, 47, 1, 40)(65, 37, 50, 52, 72, 63, 70, 98, 21, 16, 71, 46, 53, 48, 24)
line 89: kNearestNeighbour 7 (7,4,7,7,4,7,5,5,5,2,9,5,8,5,1)
(82, 41, 3, 19, 2, 24, 6, 72, 91, 2, 30, 53, 80, 49, 24)(38, 52, 58, 76, 49, 94, 2, 29, 66, 41, 2, 21, 60, 30, 22)(8, 55, 81, 10, 2, 67, 63, 11, 36, 14, 47, 97, 44, 33, 65)(76, 15, 67, 30, 38, 74, 33, 33, 26, 71, 59, 20, 6, 77, 59)(45, 75, 88, 6, 34, 35, 9, 1, 60, 21, 52, 83, 60, 76, 1)(59, 50, 93, 15, 7, 64, 72, 35, 42, 19, 97, 54, 29, 59, 2)(92, 20, 85, 3, 78, 61, 52, 15, 66, 57, 69, 36, 20, 3, 47)
line 90: kNearestNeighbour 9 (4,1,8,7,2,8,1,1,2,4,10,1,2,8,3)
(38, 52, 58, 76, 49, 94, 2, 29, 66, 41, 2, 21, 60, 30, 22)(82, 41, 3, 19, 2, 24, 6, 72, 91, 2, 30, 53, 80, 49, 24)(76, 15, 67, 30, 38, 74, 33, 33, 26, 71, 59, 20, 6, 77, 59)(8, 55, 81, 10, 2, 67, 63, 11, 36, 14, 47, 97, 44, 33, 65)(45, 75, 88, 6, 34, 35, 9, 1, 60, 21, 52, 83, 60, 76, 1)(59, 50, 93, 15, 7, 64, 72, 35, 42, 19, 97, 54, 29, 59, 2)(92, 20, 85, 3, 78, 61, 52, 15, 66, 57, 69, 36, 20, 3, 47)(2, 6, 38, 65, 92, 70, 75, 65, 49, 56, 88, 14, 47, 1, 40)(65, 37, 50, 52, 72, 63, 70, 98, 21, 16, 71, 46, 53, 48, 24)
line 91: nearestNeighbour (4,8,8,7,7,2,5,10,2,5,9,1,5,6,3)
(82, 41, 3, 19, 2, 24, 6, 72, 91, 2, 30, 53, 80, 49, 24)
line 92: kNearestNeighbour 9 (7,7,1,8,8,1,9,6,5,2,8,2,5,10,3)
(82, 41, 3, 19, 2, 24, 6, 72, 91, 2, 30, 53, 80, 49, 24)(38, 52, 58, 76, 49, 94, 2, 29, 66, 41, 2, 21, 60, 30, 22)(76, 15, 67, 30, 38, 74, 33, 33, 26, 71, 59, 20, 6, 77, 59)(8, 55, 81, 10, 2, 67, 63, 11, 36, 14, 47, 97, 44, 33, 65)(45, 75, 88, 6, 34, 35, 9, 1, 60, 21, 52, 83, 60, 76, 1)(59, 50, 93, 15, 7, 64, 72, 35, 42, 19, 97, 54, 29, 59, 2)(92, 20, 85, 3, 78, 61, 52, 15, 66, 57, 69, 36, 20, 3, 47)(2, 6, 38, 65, 92, 70, 75, 65, 49, 56, 88, 14, 47, 1, 40)(65, 37, 50, 52, 72, 63, 70, 98, 21, 16, 71, 46, 53, 48, 24)
line 93: nearestNeighbour (7,7,8,7,6,7,10,6,6,7,9,6,2,10,8)
(38, 52, 58, 76, 49, 94, 2, 29, 66, 41, 2, 21, 60, 30, 22)
line 94: kNearestNeighbour 4 (10,4,1,6,1,4,7,1,10,4,3,7,9,5,9)
(82, 41, 3, 19, 2, 24, 6, 72, 91, 2, 30, 53, 80, 49, 24)(38, 52, 58, 76, 49, 94, 2, 29, 66, 41, 2, 21, 60, 30, 22)(8, 55, 81, 10, 2, 67, 63, 11, 36, 14, 47, 97, 44, 33, 65)(76, 15, 67, 30, 38, 74, 33, 33, 26, 71, 59, 20, 6, 77, 59)
line 95: kNearestNeighbour 7 (10,4,3,7,10,5,2,7,1,6,1,10,7,10,3)
(82, 41, 3, 19, 2, 24, 6, 72, 91, 2, 30, 53, 80, 49, 24)(38, 52, 58, 76, 49, 94, 2, 29, 66, 41, 2, 21, 60, 30, 22)(76, 15, 67, 30, 38, 74, 33, 33, 26, 71, 59, 20, 6, 77, 59)(8, 55, 81, 10, 2, 67, 63, 11, 36, 14, 47, 97, 44, 33, 65)(45, 75, 88, 6, 34, 35, 9, 1, 60, 21, 52, 83, 60, 76, 1)(59, 50, 93, 15, 7, 64, 72, 35, 42, 19, 97, 54, 29, 59, 2)(92, 20, 85, 3, 78, 61, 52, 15, 66, 57, 69, 36, 20, 3, 47)
line 96: nearestNeighbour (8,1,10,4,6,5,5,5,4,2,6,1,1,2,9)
(38, 52, 58, 76, 49, 94, 2, 29, 66, 41, 2, 21, 60, 30, 22)
line 97: nearestNeighbour (2,10,5,2,9,4,10,4,10,7,5,4,7,1,5)
(38, 52, 58, 76, 49, 94, 2, 29, 66, 41, 2, 21, 60, 30, 22)
line 98: nearestNeighbour (8,2,4,5,3,9,5,3,6,1,8,6,7,7,5)
(82, 41, 3, 19, 2, 24, 6, 72, 91, 2, 30, 53, 80, 49, 24)
line 99: kNearestNeighbour 5 (10,7,4,6,2,6,4,9,1,4,4,9,2,6,8)
(82, 41, 3, 19, 2, 24, 6, 72, 91, 2, 30, 53, 80, 49, 24)(38, 52, 58, 76, 49, 94, 2, 29, 66, 41, 2, 21, 60, 30, 22)(8, 55, 81, 10, 2, 67, 63, 11, 36, 14, 47, 97, 44, 33, 65)(76, 15, 67, 30, 38, 74, 33, 33, 26, 71, 59, 20, 6, 77, 59)(45, 75, 88, 6, 34, 35, 9, 1, 60, 21, 52, 83, 60, 76, 1)
line 100: kNearestNeighbour 5 (7,7,10,3,2,6,2,3,8,9,7,4,6,3,1)
(38, 52, 58, 76, 49, 94, 2, 29, 66, 41, 2, 21, 60, 30, 22)(82, 41, 3, 19, 2, 24, 6, 72, 91, 2, 30, 53, 80, 49, 24)(8, 55, 81, 10, 2, 67, 63, 11, 36, 14, 47, 97, 44, 33, 65)(76, 15, 67, 30, 38, 74, 33, 33, 26, 71, 59, 20, 6, 77, 59)(45, 75, 88, 6, 34, 35, 9, 1, 60, 21, 52, 83, 60, 76, 1)
line 101: kNearestNeighbour 8 (10,3,5,9,5,10,10,9,9,9,3,10,4,5,1)
(82, 41, 3, 19, 2, 24, 6, 72, 91, 2, 30, 53, 80, 49, 24)(38, 52, 58, 76, 49, 94, 2, 29, 66, 41, 2, 21, 60, 30, 22)(76, 15, 67, 30, 38, 74, 33, 33, 26, 71, 59, 20, 6, 77, 59)(8, 55, 81, 10, 2, 67, 63, 11, 36, 14, 47, 97, 44, 33, 65)(45, 75, 88, 6, 34, 35, 9, 1, 60, 21, 52, 83, 60, 76, 1)(59, 50, 93, 15, 7, 64, 72, 35, 42, 19, 97, 54, 29, 59, 2)(92, 20, 85, 3, 78, 61, 52, 15, 66, 57, 69, 36, 20, 3, 47)(2, 6, 38, 65, 92, 70, 75, 65, 49, 56, 88, 14, 47, 1, 40)
line 102: nearestNeighbour (8,10,3,8,3,3,7,6,8,2,7,10,3,6,9)
(82, 41, 3, 19, 2, 24, 6, 72, 91, 2, 30, 53, 80, 49, 24)
line 103: nearestNeighbour (7,9,8,3,1,3,9,6,9,10,2,6,3,5,1)
(82, 41, 3, 19, 2, 24, 6, 72, 91, 2, 30, 53, 80, 49, 24)
line 104: nearestNeighbour (7,4,8,7,9,6,8,4,10,5,4,5,7,1,1)
(38, 52, 58, 76, 49, 94, 2, 29, 66, 41, 2, 21, 60, 30, 22)
line 105: kNearestNeighbour 8 (7,9,7,10,1,8,3,10,6,2,5,2,1,5,8)
(38, 52, 58, 76, 49, 94, 2, 29, 66, 41, 2, 21, 60, 30, 22)(82, 41, 3, 19, 2, 24, 6, 72, 91, 2, 30, 53, 80, 49, 24)(76, 15, 67, 30, 38, 74, 33, 33, 26, 71, 59, 20, 6, 77, 59)(8, 55, 81, 10, 2, 67, 63, 11, 36, 14, 47, 97, 44, 33, 65)(45, 75, 88, 6, 34, 35, 9, 1, 60, 21, 52, 83, 60, 76, 1)(59, 50, 93, 15, 7, 64, 72, 35, 42, 19, 97, 54, 29, 59, 2)(92, 20, 85, 3, 78, 61, 52, 15, 66, 57, 69, 36, 20, 3, 47)(2, 6, 38, 65, 92, 70, 75, 65, 49, 56, 88, 14, 47, 1, 40)
line 106: kNearestNeighbour 7 (1,9,3,8,1,1,6,5,5,5,2,3,4,10,3)
(82, 41, 3, 19, 2, 24, 6, 72, 91, 2, 30, 53, 80, 49, 24)(38, 52, 58, 76, 49, 94, 2, 29, 66, 41, 2, 21, 60, 30, 22)(8, 55, 81, 10, 2, 67, 63, 11, 36, 14, 47, 97, 44, 33, 65)(76, 15, 67, 30, 38, 74, 33, 33, 26, 71, 59, 20, 6, 77, 59)(45, 75, 88, 6, 34, 35, 9, 1, 60, 21, 52, 83, 60, 76, 1)(59, 50, 93, 15, 7, 64, 72, 35, 42, 19, 97, 54, 29, 59, 2)(92, 20, 85, 3, 78, 61, 52, 15, 66, 57, 69, 36, 20, 3, 47)
line 107: nearestNeighbour (5,4,6,2,6,7,5,1,2,9,6,9,7,5,7)
(38, 52, 58, 76, 49, 94, 2, 29, 66, 41, 2, 21, 60, 30, 22)
line 108: kNearestNeighbour 7 (5,1,3,10,5,6,4,6,5,6,3,5,3,10,7)
(38, 52, 58, 76, 49, 94, 2, 29, 66, 41, 2, 21, 60, 30, 22)(82, 41, 3, 19, 2, 24, 6, 72, 91, 2, 30, 53, 80, 49, 24)(76, 15, 67, 30, 38, 74, 33, 33, 26, 71, 59, 20, 6, 77, 59)(8, 55, 81, 10, 2, 67, 63, 11, 36, 14, 47, 97, 44, 33, 65)(45, 75, 88, 6, 34, 35, 9, 1, 60, 21, 52, 83, 60, 76, 1)(59, 50, 93, 15, 7, 64, 72, 35, 42, 19, 97, 54, 29, 59, 2)(92, 20, 85, 3, 78, 61, 52, 15, 66, 57, 69, 36, 20, 3, 47)
line 109: kNearestNeighbour 3 (7,8,2,1,2,9,2,10,5,5,1,2,7,5,10)
(82, 41, 3, 19, 2, 24, 6, 72, 91, 2, 30, 53, 80, 49, 24)(38, 52, 58, 76, 49, 94, 2, 29, 66, 41, 2, 21, 60, 30, 22)(76, 15, 67, 30, 38, 74, 33, 33, 26, 71, 59, 20, 6, 77, 59)
line 110: kNearestNeighbour 9 (1,4,3,8,2,1,8,3,7,5,9,8,1,9,9)
(82, 41, 3, 19, 2, 24, 6, 72, 91, 2, 30, 53, 80, 49, 24)(38, 52, 58, 76, 49, 94, 2, 29, 66, 41, 2, 21, 60, 30, 22)(8, 55, 81, 10, 2, 67, 63, 11, 36, 14, 47, 97, 44, 33, 65)(76, 15, 67, 30, 38, 74, 33, 33, 26, 71, 59, 20, 6, 77, 59)(45, 75, 88, 6, 34, 35, 9, 1, 60, 21, 52, 83, 60, 76, 1)(59, 50, 93, 15, 7, 64, 72, 35, 42, 19, 97, 54, 29, 59, 2)(92, 20, 85, 3, 78, 61, 52, 15, 66, 57, 69, 36, 20, 3, 47)(2, 6, 38, 65, 92, 70, 75, 65, 49, 56, 88, 14, 47, 1, 40)(65, 37, 50, 52, 72, 63, 70, 98, 21, 16, 71, 46, 53, 48, 24)
line 111: kNearestNeighbour 10 (6,4,9,7,2,4,8,10,7,6,6,4,6,6,5)
(82, 41, 3, 19, 2, 24, 6, 72, 91, 2, 30, 53, 80, 49, 24)(38, 52, 58, 76, 49, 94, 2, 29, 66, 41, 2, 21, 60, 30, 22)(8, 55, 81, 10, 2, 67, 63, 11, 36, 14, 47, 97, 44, 33, 65)(76, 15, 67, 30, 38, 74, 33, 33, 26, 71, 59, 20, 6, 77, 59)(45, 75, 88, 6, 34, 35, 9, 1, 60, 21, 52, 83, 60, 76, 1)(59, 50, 93, 15, 7, 64, 72, 35, 42, 19, 97, 54, 29, 59, 2)(92, 20, 85, 3, 78, 61, 52, 15, 66, 57, 69, 36, 20, 3, 47)(2, 6, 38, 65, 92, 70, 75, 65, 49, 56, 88, 14, 47, 1, 40)(65, 37, 50, 52, 72, 63, 70, 98, 21, 16, 71, 46, 53, 48, 24)(35, 89, 49, 62, 77, 24, 14, 97, 32, 25, 86, 53, 63, 35, 70)
line 112: kNearestNeighbour 4 (9,4,5,9,5,4,7,5,4,5,5,9,2,5,9)
(82, 41, 3, 19, 2, 24, 6, 72, 91, 2, 30, 53, 80, 49, 24)(38, 52, 58, 76, 49, 94, 2, 29, 66, 41, 2, 21, 60, 30, 22)(8, 55, 81, 10, 2, 67, 63, 11, 36, 14, 47, 97, 44, 33, 65)(76, 15, 67, 30, 38, 74, 33, 33, 26, 71, 59, 20, 6, 77, 59)
line 113: nearestNeighbour (7,9,5,3,6,8,1,9,1,3,6,1,8,7,10)
(82, 41, 3, 19, 2, 24, 6, 72, 91, 2, 30, 53, 80, 49, 24)
line 114: kNearestNeighbour 6 (7,7,9,10,9,5,3,6,7,7,3,3,5,2,9)
(38, 52, 58, 76, 49, 94, 2, 29, 66, 41, 2, 21, 60, 30, 22)(82, 41, 3, 19, 2, 24, 6, 72, 91, 2, 30, 53, 80, 49, 24)(76, 15, 67, 30, 38, 74, 33, 33, 26, 71, 59, 20, 6, 77, 59)(8, 55, 81, 10, 2, 67, 63, 11, 36, 14, 47, 97, 44, 33, 65)(45, 75, 88, 6, 34, 35, 9, 1, 60, 21, 52, 83, 60, 76, 1)(92, 20, 85, 3, 78, 61, 52, 15, 66, 57, 69, 36, 20, 3, 47)
line 115: nearestNeighbour (8,3,7,8,8,5,1,8,1,3,8,1,1,8,1)
(38, 52, 58, 76, 49, 94, 2, 29, 66, 41, 2, 21, 60, 30, 22)
line 116: kNearestNeighbour 7 (2,1,1,10,9,4,2,5,4,7,10,4,3,3,1)
(38, 52, 58, 76, 49, 94, 2, 29, 66, 41, 2, 21, 60, 30, 22)(82, 41, 3, 19, 2, 24, 6, 72, 91, 2, 30, 53, 80, 49, 24)(76, 15, 67, 30, 38, 74, 33, 33, 26, 71, 59, 20, 6, 77, 59)(8, 55, 81, 10, 2, 67, 63, 11, 36, 14, 47, 97, 44, 33, 65)(45, 75, 88, 6, 34, 35, 9, 1, 60, 21, 52, 83, 60, 76, 1)(2, 6, 38, 65, 92, 70, 75, 65, 49, 56, 88, 14, 47, 1, 40)(59, 50, 93, 15, 7, 64, 72, 35, 42, 19, 97, 54, 29, 59, 2)
line 117: nearestNeighbour (7,3,3,9,5,3,8,2,2,7,10,5,7,9,2)
(82, 41, 3, 19, 2, 24, 6, 72, 91, 2, 30, 53, 80, 49, 24)
line 118: kNearestNeighbour 9 (10,2,5,6,8,10,5,9,6,8,1,6,3,3,7)
(38, 52, 58, 76, 49, 94, 2, 29, 66, 41, 2, 21, 60, 30, 22)(82, 41, 3, 19, 2, 24, 6, 72, 91, 2, 30, 53, 80, 49, 24)(76, 15, 67, 30, 38, 74, 33, 33, 26, 71, 59, 20, 6, 77, 59)(8, 55, 81, 10, 2, 67, 63, 11, 36, 14, 47, 97, 44, 33, 65)(45, 75, 88, 6, 34, 35, 9, 1, 60, 21, 52, 83, 60, 76, 1)(92, 20, 85, 3, 78, 61, 52, 15, 66, 57, 69, 36, 20, 3, 47)(59, 50, 93, 15, 7, 64, 72, 35, 42, 19, 97, 54, 29, 59, 2)(2, 6, 38, 65, 92, 70, 75, 65, 49, 56, 88, 14, 47, 1, 40)(65, 37, 50, 52, 72, 63, 70, 98, 21, 16, 71, 46, 53, 48, 24)
line 119: kNearestNeighbour 6 (6,4,7,10,2,8,7,7,7,1,6,2,2,9,4)
(38, 52, 58, 76, 49, 94, 2, 29, 66, 41, 2, 21, 60, 30, 22)(82, 41, 3, 19, 2, 24, 6, 72, 91, 2, 30, 53, 80, 49, 24)(76, 15, 67, 30, 38, 74, 33, 33, 26, 71, 59, 20, 6, 77, 59)(8, 55, 81, 10, 2, 67, 63, 11, 36, 14, 47, 97, 44, 33, 65)(45, 75, 88, 6, 34, 35, 9, 1, 60, 21, 52, 83, 60, 76, 1)(59, 50, 93, 15, 7, 64, 72, 35, 42, 19, 97, 54, 29, 59, 2)
line 120: nearestNeighbour (8,3,7,9,7,7,1,7,9,1,10,2,3,2,5)
(38, 52, 58, 76, 49, 94, 2, 29, 66, 41, 2, 21, 60, 30, 22)
line 121: nearestNeighbour (4,9,6,5,8,1,2,2,4,4,2,4,4,4,5)
(38, 52, 58, 76, 49, 94, 2, 29, 66, 41, 2, 21, 60, 30, 22)
line 122: nearestNeighbour (3,7,6,8,1,4,8,7,8,8,5,4,2,9,5)
(82, 41, 3, 19, 2, 24, 6, 72, 91, 2, 30, 53, 80, 49, 24)
line 123: kNearestNeighbour 9 (1,6,1,9,2,9,5,4,10,1,2,4,2,8,9)
(38, 52, 58, 76, 49, 94, 2, 29, 66, 41, 2, 21, 60, 30, 22)(82, 41, 3, 19, 2, 24, 6, 72, 91, 2, 30, 53, 80, 49, 24)(8, 55, 81, 10, 2, 67, 63, 11, 36, 14, 47, 97, 44, 33, 65)(76, 15, 67, 30, 38, 74, 33, 33, 26, 71, 59, 20, 6, 77, 59)(45, 75, 88, 6, 34, 35, 9, 1, 60, 21, 52, 83, 60, 76, 1)(59, 50, 93, 15, 7, 64, 72, 35, 42, 19, 97, 54, 29, 59, 2)(92, 20, 85, 3, 78, 61, 52, 15, 66, 57, 69, 36, 20, 3, 47)(2, 6, 38, 65, 92, 70, 75, 65, 49, 56, 88, 14, 47, 1, 40)(65, 37, 50, 52, 72, 63, 70, 98, 21, 16, 71, 46, 53, 48, 24)
line 124: kNearestNeighbour 1 (7,7,6,3,4,6,3,8,9,4,3,4,4,8,7)
(82, 41, 3, 19, 2, 24, 6, 72, 91, 2, 30, 53, 80, 49, 24)
line 125: nearestNeighbour (3,1,10,9,5,10,2,5,8,6,8,10,3,4,8)
(38, 52, 58, 76, 49, 94, 2, 29, 66, 41, 2, 21, 60, 30, 22)
line 126: kNearestNeighbour 4 (5,7,2,7,2,1,2,1,10,7,2,6,9,9,8)
(82, 41, 3, 19, 2, 24, 6, 72, 91, 2, 30, 53, 80, 49, 24)(38, 52, 58, 76, 49, 94, 2, 29, 66, 41, 2, 21, 60, 30, 22)(8, 55, 81, 10, 2, 67, 63, 11, 36, 14, 47, 97, 44, 33, 65)(76, 15, 67, 30, 38, 74, 33, 33, 26, 71, 59, 20, 6, 77, 59)
line 127: kNearestNeighbour 4 (3,5,8,3,7,8,4,5,3,1,2,9,7,9,7)
(38, 52, 58, 76, 49, 94, 2, 29, 66, 41, 2, 21, 60, 30, 22)(82, 41, 3, 19, 2, 24, 6, 72, 91, 2, 30, 53, 80, 49, 24)(8, 55, 81, 10, 2, 67, 63, 11, 36, 14, 47, 97, 44, 33, 65)(76, 15, 67, 30, 38, 74, 33, 33, 26, 71, 59, 20, 6, 77, 59)
line 128: kNearestNeighbour 5 (10,2,10,7,6,10,5,3,6,4,10,9,3,4,10)
(38, 52, 58, 76, 49, 94, 2, 29, 66, 41, 2, 21, 60, 30, 22)(82, 41, 3, 19, 2, 24, 6, 72, 91, 2, 30, 53, 80, 49, 24)(8, 55, 81, 10, 2, 67, 63, 11, 36, 14, 47, 97, 44, 33, 65)(76, 15, 67, 30, 38, 74, 33, 33, 26, 71, 59, 20, 6, 77, 59)(45, 75, 88, 6, 34, 35, 9, 1, 60, 21, 52, 83, 60, 76, 1)
line 129: nearestNeighbour (9,7,1,4,7,8,8,10,4,2,2,4,5,9,10)
(82, 41, 3, 19, 2, 24, 6, 72, 91, 2, 30, 53, 80, 49, 24)
line 130: kNearestNeighbour 9 (8,10,3,2,5,2,1,4,1,4,2,7,7,7,6)
(82, 41, 3, 19, 2, 24, 6, 72, 91, 2, 30, 53, 80, 49, 24)(38, 52, 58, 76, 49, 94, 2, 29, 66, 41, 2, 21, 60, 30, 22)(8, 55, 81, 10, 2, 67, 63, 11, 36, 14, 47, 97, 44, 33, 65)(76, 15, 67, 30, 38, 74, 33, 33, 26, 71, 59, 20, 6, 77, 59)(45, 75, 88, 6, 34, 35, 9, 1, 60, 21, 52, 83, 60, 76, 1)(59, 50, 93, 15, 7, 64, 72, 35, 42, 19, 97, 54, 29, 59, 2)(92, 20, 85, 3, 78, 61, 52, 15, 66, 57, 69, 36, 20, 3, 47)(65, 37, 50, 52, 72, 63, 70, 98, 21, 16, 71, 46, 53, 48, 24)(2, 6, 38, 65, 92, 70, 75, 65, 49, 56, 88, 14, 47, 1, 40)
line 131: nearestNeighbour (9,3,9,7,2,2,7,5,3,6,5,10,2,7,9)
(82, 41, 3, 19, 2, 24, 6, 72, 91, 2, 30, 53, 80, 49, 24)
line 132: nearestNeighbour (8,8,6,2,6,2,9,2,3,1,1,2,5,2,10)
(82, 41, 3, 19, 2, 24, 6, 72, 91, 2, 30, 53, 80, 49, 24)
line 133: nearestNeighbour (6,6,10,7,3,7,7,9,3,6,4,2,4,10,1)
(38, 52, 58, 76, 49, 94, 2, 29, 66, 41, 2, 21, 60, 30, 22)
line 134: nearestNeighbour (1,6,6,9,3,9,2,10,4,7,3,8,9,4,7)
(38, 52, 58, 76, 49, 94, 2, 29, 66, 41, 2, 21, 60, 30, 22)
line 135: nearestNeighbour (3,6,7,3,4,9,4,10,8,10,7,9,8,6,6)
(82, 41, 3, 19, 2, 24, 6, 72, 91, 2, 30, 53, 80, 49, 24)
line 136: kNearestNeighbour 10 (2,4,1,8,1,3,8,10,8,10,2,10,10,9,5)
(82, 41, 3, 19, 2, 24, 6, 72, 91, 2, 30, 53, 80, 49, 24)(38, 52, 58, 76, 49, 94, 2, 29, 66, 41, 2, 21, 60, 30, 22)(8, 55, 81, 10, 2, 67, 63, 11, 36, 14, 47, 97, 44, 33, 65)(76, 15, 67, 30, 38, 74, 33, 33, 26, 71, 59, 20, 6, 77, 59)(45, 75, 88, 6, 34, 35, 9, 1, 60, 21, 52, 83, 60, 76, 1)(59, 50, 93, 15, 7, 64, 72, 35, 42, 19, 97, 54, 29, 59, 2)(2, 6, 38, 65, 92, 70, 75, 65, 49, 56, 88, 14, 47, 1, 40)(92, 20, 85, 3, 78, 61, 52, 15, 66, 57, 69, 36, 20, 3, 47)(65, 37, 50, 52, 72, 63, 70, 98, 21, 16, 71, 46, 53, 48, 24)(35, 89, 49, 62, 77, 24, 14, 97, 32, 25, 86, 53, 63, 35, 70)
line 137: kNearestNeighbour 1 (4,5,2,5,5,6,4,9,10,8,4,2,10,4,5)
(82, 41, 3, 19, 2, 24, 6, 72, 91, 2, 30, 53, 80, 49, 24)
line 138: kNearestNeighbour 10 (1,1,2,10,8,1,4,8,9,1,6,9,10,7,7)
(82, 41, 3, 19, 2, 24, 6, 72, 91, 2, 30, 53, 80, 49, 24)(38, 52, 58, 76, 49, 94, 2, 29, 66, 41, 2, 21, 60, 30, 22)(8, 55, 81, 10, 2, 67, 63, 11, 36, 14, 47, 97, 44, 33, 65)(76, 15, 67, 30, 38, 74, 33, 33, 26, 71, 59, 20, 6, 77, 59)(45, 75, 88, 6, 34, 35, 9, 1, 60, 21, 52, 83, 60, 76, 1)(59, 50, 93, 15, 7, 64, 72, 35, 42, 19, 97, 54, 29, 59, 2)(2, 6, 38, 65, 92, 70, 75, 65, 49, 56, 88, 14, 47, 1, 40)(92, 20, 85, 3, 78, 61, 52, 15, 66, 57, 69, 36, 20, 3, 47)(65, 37, 50, 52, 72, 63, 70, 98, 21, 16, 71, 46, 53, 48, 24)(35, 89, 49, 62, 77, 24, 14, 97, 32, 25, 86, 53, 63, 35, 70)
line 139: nearestNeighbour (7,2,10,7,3,8,4,8,10,3,6,5,5,8,2)
(82, 41, 3, 19, 2, 24, 6, 72, 91, 2, 30, 53, 80, 49, 24)
line 140: nearestNeighbour (4,1,10,1,6,3,8,4,7,3,8,10,8,3,9)
(82, 41, 3, 19, 2, 24, 6, 72, 91, 2, 30, 53, 80, 49, 24)
line 141: kNearestNeighbour 10 (2,1,1,2,1,3,2,5,2,1,1,5,2,9,1)
(82, 41, 3, 19, 2, 24, 6, 72, 91, 2, 30, 53, 80, 49, 24)(38, 52, 58, 76, 49, 94, 2, 29, 66, 41, 2, 21, 60, 30, 22)(8, 55, 81, 10, 2, 67, 63, 11, 36, 14, 47, 97, 44, 33, 65)(76, 15, 67, 30, 38, 74, 33, 33, 26, 71, 59, 20, 6, 77, 59)(45, 75, 88, 6, 34, 35, 9, 1, 60, 21, 52, 83, 60, 76, 1)(59, 50, 93, 15, 7, 64, 72, 35, 42, 19, 97, 54, 29, 59, 2)(92, 20, 85, 3, 78, 61, 52, 15, 66, 57, 69, 36, 20, 3, 47)(2, 6, 38, 65, 92, 70, 75, 65, 49, 56, 88, 14, 47, 1, 40)(65, 37, 50, 52, 72, 63, 70, 98, 21, 16, 71, 46, 53, 48, 24)(35, 89, 49, 62, 77, 24, 14, 97, 32, 25, 86, 53, 63, 35, 70)
line 142: kNearestNeighbour 6 (8,2,8,2,9,7,8,5,4,6,10,8,1,7,2)
(82, 41, 3, 19, 2, 24, 6, 72, 91, 2, 30, 53, 80, 49, 24)(38, 52, 58, 76, 49, 94, 2, 29, 66, 41, 2, 21, 60, 30, 22)(76, 15, 67, 30, 38, 74, 33, 33, 26, 71, 59, 20, 6, 77, 59)(8, 55, 81, 10, 2, 67, 63, 11, 36, 14, 47, 97, 44, 33, 65)(45, 75, 88, 6, 34, 35, 9, 1, 60, 21, 52, 83, 60, 76, 1)(59, 50, 93, 15, 7, 64, 72, 35, 42, 19, 97, 54, 29, 59, 2)
line 143: kNearestNeighbour 7 (6,3,4,2,9,3,5,7,5,1,10,3,3,3,3)
(82, 41, 3, 19, 2, 24, 6, 72, 91, 2, 30, 53, 80, 49, 24)(38, 52, 58, 76, 49, 94, 2, 29, 66, 41, 2, 21, 60, 30, 22)(76, 15, 67, 30, 38, 74, 33, 33, 26, 71, 59, 20, 6, 77, 59)(8, 55, 81, 10, 2, 67, 63, 11, 36, 14, 47, 97, 44, 33, 65)(45, 75, 88, 6, 34, 35, 9, 1, 60, 21, 52, 83, 60, 76, 1)(59, 50, 93, 15, 7, 64, 72, 35, 42, 19, 97, 54, 29, 59, 2)(92, 20, 85, 3, 78, 61, 52, 15, 66, 57, 69, 36, 20, 3, 47)
line 144: kNearestNeighbour 10 (9,9,5,3,4,6,10,3,5,1,4,10,6,9,5)
(82, 41, 3, 19, 2, 24, 6, 72, 91, 2, 30, 53, 80, 49, 24)(38, 52, 58, 76, 49, 94, 2, 29, 66, 41, 2, 21, 60, 30, 22)(8, 55, 81, 10, 2, 67, 63, 11, 36, 14, 47, 97, 44, 33, 65)(76, 15, 67, 30, 38, 74, 33, 33, 26, 71, 59, 20, 6, 77, 59)(45, 75, 88, 6, 34, 35, 9, 1, 60, 21, 52, 83, 60, 76, 1)(59, 50, 93, 15, 7, 64, 72, 35, 42, 19, 97, 54, 29, 59, 2)(92, 20, 85, 3, 78, 61, 52, 15, 66, 57, 69, 36, 20, 3, 47)(65, 37, 50, 52, 72, 63, 70, 98, 21, 16, 71, 46, 53, 48, 24)(2, 6, 38, 65, 92, 70, 75, 65, 49, 56, 88, 14, 47, 1, 40)(35, 89, 49, 62, 77, 24, 14, 97, 32, 25, 86, 53, 63, 35, 70)
line 145: kNearestNeighbour 2 (9,3,4,4,6,8,2,1,6,4,4,4,6,8,9)
(82, 41, 3, 19, 2, 24, 6, 72, 91, 2, 30, 53, 80, 49, 24)(38, 52, 58, 76, 49, 94, 2, 29, 66, 41, 2, 21, 60, 30, 22)
line 146: nearestNeighbour (4,1,8,7,3,3,8,8,3,9,4,4,7,4,4)
(38, 52, 58, 76, 49, 94, 2, 29, 66, 41, 2, 21, 60, 30, 22)
line 147: nearestNeighbour (3,4,5,3,5,4,10,6,9,5,8,2,6,6,10)
(82, 41, 3, 19, 2, 24, 6, 72, 91, 2, 30, 53, 80, 49, 24)
line 148: nearestNeighbour (1,5,10,10,8,4,1,9,2,1,9,2,6,3,1)
(38, 52, 58, 76, 49, 94, 2, 29, 66, 41, 2, 21, 60, 30, 22)
line 149: kNearestNeighbour 7 (7,3,1,10,10,9,10,10,9,9,2,2,6,10,8)
(38, 52, 58, 76, 49, 94, 2, 29, 66, 41, 2, 21, 60, 30, 22)(82, 41, 3, 19, 2, 24, 6, 72, 91, 2, 30, 53, 80, 49, 24)(76, 15, 67, 30, 38, 74, 33, 33, 26, 71, 59, 20, 6, 77, 59)(8, 55, 81, 10, 2, 67, 63, 11, 36, 14, 47, 97, 44, 33, 65)(45, 75, 88, 6, 34, 35, 9, 1, 60, 21, 52, 83, 60, 76, 1)(2, 6, 38, 65, 92, 70, 75, 65, 49, 56, 88, 14, 47, 1, 40)(92, 20, 85, 3, 78, 61, 52, 15, 66, 57, 69, 36, 20, 3, 47)
line 150: nearestNeighbour (10,3,6,5,1,3,2,5,6,6,6,4,9,9,4)
(82, 41, 3, 19, 2, 24, 6, 72, 91, 2, 30, 53, 80, 49, 24)
line 151: nearestNeighbour (2,5,7,1,5,7,1,7,5,1,4,1,7,7,10)
(82, 41, 3, 19, 2, 24, 6, 72, 91, 2, 30, 53, 80, 49, 24)
line 152: kNearestNeighbour 7 (10,6,8,8,8,5,2,6,10,10,7,3,4,6,3)
(38, 52, 58, 76, 49, 94, 2, 29, 66, 41, 2, 21, 60, 30, 22)(82, 41, 3, 19, 2, 24, 6, 72, 91, 2, 30, 53, 80, 49, 24)(76, 15, 67, 30, 38, 74, 33, 33, 26, 71, 59, 20, 6, 77, 59)(8, 55, 81, 10, 2, 67, 63, 11, 36, 14, 47, 97, 44, 33, 65)(45, 75, 88, 6, 34, 35, 9, 1, 60, 21, 52, 83, 60, 76, 1)(92, 20, 85, 3, 78, 61, 52, 15, 66, 57, 69, 36, 20, 3, 47)(59, 50, 93, 15, 7, 64, 72, 35, 42, 19, 97, 54, 29, 59, 2)
line 153: kNearestNeighbour 2 (8,5,6,8,3,9,1,3,4,7,7,2,1,3,5)
(38, 52, 58, 76, 49, 94, 2, 29, 66, 41, 2, 21, 60, 30, 22)(82, 41, 3, 19, 2, 24, 6, 72, 91, 2, 30, 53, 80, 49, 24)
line 154: nearestNeighbour (1,5,7,4,8,8,5,8,3,7,6,4,10,4,4)
(38, 52, 58, 76, 49, 94, 2, 29, 66, 41, 2, 21, 60, 30, 22)
line 155: nearestNeighbour (7,1,4,3,4,9,9,8,6,7,8,2,3,6,6)
(82, 41, 3, 19, 2, 24, 6, 72, 91, 2, 30, 53, 80, 49, 24)
line 156: nearestNeighbour (8,5,9,5,1,8,4,3,2,6,10,1,3,7,2)
(38, 52, 58, 76, 49, 94, 2, 29, 66, 41, 2, 21, 60, 30, 22)
line 157: nearestNeighbour (5,10,3,9,8,8,8,6,3,8,5,9,8,5,4)
(38, 52, 58, 76, 49, 94, 2, 29, 66, 41, 2, 21, 60, 30, 22)
line 158: nearestNeighbour (3,6,2,8,4,2,1,4,9,3,1,7,3,7,10)
(82, 41, 3, 19, 2, 24, 6, 72, 91, 2, 30, 53, 80, 49, 24)
line 159: nearestNeighbour (4,3,9,4,4,10,5,9,4,1,6,4,9,10,8)
(82, 41, 3, 19, 2, 24, 6, 72, 91, 2, 30, 53, 80, 49, 24)
line 160: kNearestNeighbour 6 (3,1,2,2,10,5,6,4,4,4,1,2,4,2,2)
(38, 52, 58, 76, 49, 94, 2, 29, 66, 41, 2, 21, 60, 30, 22)(82, 41, 3, 19, 2, 24, 6, 72, 91, 2, 30, 53, 80, 49, 24)(76, 15, 67, 30, 38, 74, 33, 33, 26, 71, 59, 20, 6, 77, 59)(8, 55, 81, 10, 2, 67, 63, 11, 36, 14, 47, 97, 44, 33, 65)(45, 75, 88, 6, 34, 35, 9, 1, 60, 21, 52, 83, 60, 76, 1)(92, 20, 85, 3, 78, 61, 52, 15, 66, 57, 69, 36, 20, 3, 47)
line 161: nearestNeighbour (9,3,7,6,4,5,5,4,4,7,2,5,9,6,1)
(82, 41, 3, 19, 2, 24, 6, 72, 91, 2, 30, 53, 80, 49, 24)
line 162: kNearestNeighbour 1 (3,2,10,8,2,6,1,9,6,5,1,9,8,9,1)
(82, 41, 3, 19, 2, 24, 6, 72, 91, 2, 30, 53, 80, 49, 24)
line 163: nearestNeighbour (2,5,5,10,4,8,6,10,5,10,10,6,5,7,2)
(38, 52, 58, 76, 49, 94, 2, 29, 66, 41, 2, 21, 60, 30, 22)
