line 1: k=16
line 2: clear
line 3: buildTree 14
(52,96,51,70,52,59,55,62,1,9,22,39,82,69,66,98) (61,24,5,80,40,99,41,71,10,77,69,24,57,94,36,51) (52,82,77,45,7,61,12,10,51,77,15,68,100,23,72,19) (86,98,56,31,54,65,50,64,47,1,63,35,84,62,31,24) (59,15,17,22,44,99,24,98,47,64,35,95,34,11,15,35) (49,57,32,27,92,42,53,97,43,70,59,7,48,93,95,62) (8,37,93,20,16,74,87,71,42,9,78,6,86,81,80,43) (25,2,18,77,67,56,96,95,39,1,20,51,84,20,65,22) (72,59,80,23,86,29,24,3,36,53,13,4,60,72,61,64) (28,24,48,53,96,67,18,60,10,68,3,48,63,75,64,75) (94,69,97,76,84,48,40,48,85,9,91,98,31,94,40,45) (7,67,67,92,6,85,61,22,65,98,84,71,55,72,56,67) (33,14,74,45,91,100,66,85,4,12,92,58,46,36,63,71) (48,4,58,100,29,54,75,77,40,46,58,83,100,14,98,64) 
line 4: nodeCount_height_leafCount
nodeCount=14;height=4;leafCount=7
line 5: inorderTraversal
(25, 2, 18, 77, 67, 56, 96, 95, 39, 1, 20, 51, 84, 20, 65, 22) (48, 4, 58, 100, 29, 54, 75, 77, 40, 46, 58, 83, 100, 14, 98, 64) (33, 14, 74, 45, 91, 100, 66, 85, 4, 12, 92, 58, 46, 36, 63, 71) (28, 24, 48, 53, 96, 67, 18, 60, 10, 68, 3, 48, 63, 75, 64, 75) (7, 67, 67, 92, 6, 85, 61, 22, 65, 98, 84, 71, 55, 72, 56, 67) (8, 37, 93, 20, 16, 74, 87, 71, 42, 9, 78, 6, 86, 81, 80, 43) (49, 57, 32, 27, 92, 42, 53, 97, 43, 70, 59, 7, 48, 93, 95, 62) (61, 24, 5, 80, 40, 99, 41, 71, 10, 77, 69, 24, 57, 94, 36, 51) (59, 15, 17, 22, 44, 99, 24, 98, 47, 64, 35, 95, 34, 11, 15, 35) (72, 59, 80, 23, 86, 29, 24, 3, 36, 53, 13, 4, 60, 72, 61, 64) (94, 69, 97, 76, 84, 48, 40, 48, 85, 9, 91, 98, 31, 94, 40, 45) (52, 96, 51, 70, 52, 59, 55, 62, 1, 9, 22, 39, 82, 69, 66, 98) (86, 98, 56, 31, 54, 65, 50, 64, 47, 1, 63, 35, 84, 62, 31, 24) (52, 82, 77, 45, 7, 61, 12, 10, 51, 77, 15, 68, 100, 23, 72, 19) 
line 6: preorderTraversal
(49, 57, 32, 27, 92, 42, 53, 97, 43, 70, 59, 7, 48, 93, 95, 62) (33, 14, 74, 45, 91, 100, 66, 85, 4, 12, 92, 58, 46, 36, 63, 71) (25, 2, 18, 77, 67, 56, 96, 95, 39, 1, 20, 51, 84, 20, 65, 22) (48, 4, 58, 100, 29, 54, 75, 77, 40, 46, 58, 83, 100, 14, 98, 64) (7, 67, 67, 92, 6, 85, 61, 22, 65, 98, 84, 71, 55, 72, 56, 67) (28, 24, 48, 53, 96, 67, 18, 60, 10, 68, 3, 48, 63, 75, 64, 75) (8, 37, 93, 20, 16, 74, 87, 71, 42, 9, 78, 6, 86, 81, 80, 43) (94, 69, 97, 76, 84, 48, 40, 48, 85, 9, 91, 98, 31, 94, 40, 45) (59, 15, 17, 22, 44, 99, 24, 98, 47, 64, 35, 95, 34, 11, 15, 35) (61, 24, 5, 80, 40, 99, 41, 71, 10, 77, 69, 24, 57, 94, 36, 51) (72, 59, 80, 23, 86, 29, 24, 3, 36, 53, 13, 4, 60, 72, 61, 64) (86, 98, 56, 31, 54, 65, 50, 64, 47, 1, 63, 35, 84, 62, 31, 24) (52, 96, 51, 70, 52, 59, 55, 62, 1, 9, 22, 39, 82, 69, 66, 98) (52, 82, 77, 45, 7, 61, 12, 10, 51, 77, 15, 68, 100, 23, 72, 19) 
line 7: postorderTraversal
(48, 4, 58, 100, 29, 54, 75, 77, 40, 46, 58, 83, 100, 14, 98, 64) (25, 2, 18, 77, 67, 56, 96, 95, 39, 1, 20, 51, 84, 20, 65, 22) (28, 24, 48, 53, 96, 67, 18, 60, 10, 68, 3, 48, 63, 75, 64, 75) (8, 37, 93, 20, 16, 74, 87, 71, 42, 9, 78, 6, 86, 81, 80, 43) (7, 67, 67, 92, 6, 85, 61, 22, 65, 98, 84, 71, 55, 72, 56, 67) (33, 14, 74, 45, 91, 100, 66, 85, 4, 12, 92, 58, 46, 36, 63, 71) (61, 24, 5, 80, 40, 99, 41, 71, 10, 77, 69, 24, 57, 94, 36, 51) (72, 59, 80, 23, 86, 29, 24, 3, 36, 53, 13, 4, 60, 72, 61, 64) (59, 15, 17, 22, 44, 99, 24, 98, 47, 64, 35, 95, 34, 11, 15, 35) (52, 96, 51, 70, 52, 59, 55, 62, 1, 9, 22, 39, 82, 69, 66, 98) (52, 82, 77, 45, 7, 61, 12, 10, 51, 77, 15, 68, 100, 23, 72, 19) (86, 98, 56, 31, 54, 65, 50, 64, 47, 1, 63, 35, 84, 62, 31, 24) (94, 69, 97, 76, 84, 48, 40, 48, 85, 9, 91, 98, 31, 94, 40, 45) (49, 57, 32, 27, 92, 42, 53, 97, 43, 70, 59, 7, 48, 93, 95, 62) 
line 8: nearestNeighbour (6,4,6,3,6,8,5,1,2,10,7,4,1,10,6,2)
(72, 59, 80, 23, 86, 29, 24, 3, 36, 53, 13, 4, 60, 72, 61, 64)
line 9: nearestNeighbour (5,2,2,6,3,2,9,3,3,1,8,2,7,2,2,5)
(72, 59, 80, 23, 86, 29, 24, 3, 36, 53, 13, 4, 60, 72, 61, 64)
line 10: kNearestNeighbour 5 (4,4,9,1,6,2,1,6,9,4,6,7,9,4,1,10)
(72, 59, 80, 23, 86, 29, 24, 3, 36, 53, 13, 4, 60, 72, 61, 64)(59, 15, 17, 22, 44, 99, 24, 98, 47, 64, 35, 95, 34, 11, 15, 35)(28, 24, 48, 53, 96, 67, 18, 60, 10, 68, 3, 48, 63, 75, 64, 75)(25, 2, 18, 77, 67, 56, 96, 95, 39, 1, 20, 51, 84, 20, 65, 22)(52, 82, 77, 45, 7, 61, 12, 10, 51, 77, 15, 68, 100, 23, 72, 19)
line 11: nearestNeighbour (9,10,5,3,8,6,5,6,5,3,8,4,7,7,5,5)
(72, 59, 80, 23, 86, 29, 24, 3, 36, 53, 13, 4, 60, 72, 61, 64)
line 12: kNearestNeighbour 8 (4,2,2,7,8,9,6,7,4,3,10,2,5,9,7,4)
(72, 59, 80, 23, 86, 29, 24, 3, 36, 53, 13, 4, 60, 72, 61, 64)(59, 15, 17, 22, 44, 99, 24, 98, 47, 64, 35, 95, 34, 11, 15, 35)(25, 2, 18, 77, 67, 56, 96, 95, 39, 1, 20, 51, 84, 20, 65, 22)(28, 24, 48, 53, 96, 67, 18, 60, 10, 68, 3, 48, 63, 75, 64, 75)(52, 82, 77, 45, 7, 61, 12, 10, 51, 77, 15, 68, 100, 23, 72, 19)(86, 98, 56, 31, 54, 65, 50, 64, 47, 1, 63, 35, 84, 62, 31, 24)(61, 24, 5, 80, 40, 99, 41, 71, 10, 77, 69, 24, 57, 94, 36, 51)(8, 37, 93, 20, 16, 74, 87, 71, 42, 9, 78, 6, 86, 81, 80, 43)
line 13: kNearestNeighbour 2 (10,9,7,10,7,5,8,2,3,7,9,5,7,6,2,9)
(72, 59, 80, 23, 86, 29, 24, 3, 36, 53, 13, 4, 60, 72, 61, 64)(59, 15, 17, 22, 44, 99, 24, 98, 47, 64, 35, 95, 34, 11, 15, 35)
line 14: nearestNeighbour (10,9,10,7,8,1,2,9,10,3,9,3,9,7,6,8)
(72, 59, 80, 23, 86, 29, 24, 3, 36, 53, 13, 4, 60, 72, 61, 64)
line 15: nearestNeighbour (9,5,1,9,1,5,5,4,9,8,4,10,4,2,7,2)
(59, 15, 17, 22, 44, 99, 24, 98, 47, 64, 35, 95, 34, 11, 15, 35)
line 16: kNearestNeighbour 10 (9,10,2,10,2,4,7,8,10,3,10,8,5,5,6,5)
(59, 15, 17, 22, 44, 99, 24, 98, 47, 64, 35, 95, 34, 11, 15, 35)(72, 59, 80, 23, 86, 29, 24, 3, 36, 53, 13, 4, 60, 72, 61, 64)(25, 2, 18, 77, 67, 56, 96, 95, 39, 1, 20, 51, 84, 20, 65, 22)(52, 82, 77, 45, 7, 61, 12, 10, 51, 77, 15, 68, 100, 23, 72, 19)(28, 24, 48, 53, 96, 67, 18, 60, 10, 68, 3, 48, 63, 75, 64, 75)(86, 98, 56, 31, 54, 65, 50, 64, 47, 1, 63, 35, 84, 62, 31, 24)(61, 24, 5, 80, 40, 99, 41, 71, 10, 77, 69, 24, 57, 94, 36, 51)(52, 96, 51, 70, 52, 59, 55, 62, 1, 9, 22, 39, 82, 69, 66, 98)(8, 37, 93, 20, 16, 74, 87, 71, 42, 9, 78, 6, 86, 81, 80, 43)(33, 14, 74, 45, 91, 100, 66, 85, 4, 12, 92, 58, 46, 36, 63, 71)
line 17: nearestNeighbour (7,9,4,4,10,3,8,3,10,4,4,5,9,4,5,7)
(72, 59, 80, 23, 86, 29, 24, 3, 36, 53, 13, 4, 60, 72, 61, 64)
line 18: nearestNeighbour (10,2,1,10,1,10,7,9,7,4,5,10,2,2,5,5)
(59, 15, 17, 22, 44, 99, 24, 98, 47, 64, 35, 95, 34, 11, 15, 35)
line 19: nearestNeighbour (3,6,10,1,9,10,9,7,6,5,4,5,2,7,5,8)
(72, 59, 80, 23, 86, 29, 24, 3, 36, 53, 13, 4, 60, 72, 61, 64)
line 20: nearestNeighbour (4,8,9,2,9,1,4,6,5,10,1,9,4,7,9,10)
(72, 59, 80, 23, 86, 29, 24, 3, 36, 53, 13, 4, 60, 72, 61, 64)
line 21: kNearestNeighbour 4 (8,7,10,6,4,6,2,2,6,10,8,9,9,9,7,4)
(72, 59, 80, 23, 86, 29, 24, 3, 36, 53, 13, 4, 60, 72, 61, 64)(59, 15, 17, 22, 44, 99, 24, 98, 47, 64, 35, 95, 34, 11, 15, 35)(52, 82, 77, 45, 7, 61, 12, 10, 51, 77, 15, 68, 100, 23, 72, 19)(28, 24, 48, 53, 96, 67, 18, 60, 10, 68, 3, 48, 63, 75, 64, 75)
line 22: kNearestNeighbour 5 (3,5,1,5,3,2,3,2,2,5,2,7,5,9,5,6)
(72, 59, 80, 23, 86, 29, 24, 3, 36, 53, 13, 4, 60, 72, 61, 64)(59, 15, 17, 22, 44, 99, 24, 98, 47, 64, 35, 95, 34, 11, 15, 35)(28, 24, 48, 53, 96, 67, 18, 60, 10, 68, 3, 48, 63, 75, 64, 75)(25, 2, 18, 77, 67, 56, 96, 95, 39, 1, 20, 51, 84, 20, 65, 22)(52, 82, 77, 45, 7, 61, 12, 10, 51, 77, 15, 68, 100, 23, 72, 19)
line 23: kNearestNeighbour 8 (9,1,5,9,3,10,1,1,2,9,6,1,10,6,10,1)
(72, 59, 80, 23, 86, 29, 24, 3, 36, 53, 13, 4, 60, 72, 61, 64)(59, 15, 17, 22, 44, 99, 24, 98, 47, 64, 35, 95, 34, 11, 15, 35)(52, 82, 77, 45, 7, 61, 12, 10, 51, 77, 15, 68, 100, 23, 72, 19)(28, 24, 48, 53, 96, 67, 18, 60, 10, 68, 3, 48, 63, 75, 64, 75)(25, 2, 18, 77, 67, 56, 96, 95, 39, 1, 20, 51, 84, 20, 65, 22)(61, 24, 5, 80, 40, 99, 41, 71, 10, 77, 69, 24, 57, 94, 36, 51)(86, 98, 56, 31, 54, 65, 50, 64, 47, 1, 63, 35, 84, 62, 31, 24)(8, 37, 93, 20, 16, 74, 87, 71, 42, 9, 78, 6, 86, 81, 80, 43)
line 24: nearestNeighbour (3,1,8,1,3,3,1,3,2,2,5,2,8,1,1,8)
(72, 59, 80, 23, 86, 29, 24, 3, 36, 53, 13, 4, 60, 72, 61, 64)
line 25: kNearestNeighbour 8 (2,9,3,1,1,8,9,6,7,3,7,8,9,10,6,5)
(59, 15, 17, 22, 44, 99, 24, 98, 47, 64, 35, 95, 34, 11, 15, 35)(72, 59, 80, 23, 86, 29, 24, 3, 36, 53, 13, 4, 60, 72, 61, 64)(25, 2, 18, 77, 67, 56, 96, 95, 39, 1, 20, 51, 84, 20, 65, 22)(52, 82, 77, 45, 7, 61, 12, 10, 51, 77, 15, 68, 100, 23, 72, 19)(28, 24, 48, 53, 96, 67, 18, 60, 10, 68, 3, 48, 63, 75, 64, 75)(86, 98, 56, 31, 54, 65, 50, 64, 47, 1, 63, 35, 84, 62, 31, 24)(61, 24, 5, 80, 40, 99, 41, 71, 10, 77, 69, 24, 57, 94, 36, 51)(8, 37, 93, 20, 16, 74, 87, 71, 42, 9, 78, 6, 86, 81, 80, 43)
line 26: nearestNeighbour (9,4,7,1,2,5,10,6,6,8,5,4,2,6,8,9)
(72, 59, 80, 23, 86, 29, 24, 3, 36, 53, 13, 4, 60, 72, 61, 64)
line 27: kNearestNeighbour 6 (10,5,3,7,1,1,5,6,10,6,8,3,7,9,6,2)
(72, 59, 80, 23, 86, 29, 24, 3, 36, 53, 13, 4, 60, 72, 61, 64)(59, 15, 17, 22, 44, 99, 24, 98, 47, 64, 35, 95, 34, 11, 15, 35)(25, 2, 18, 77, 67, 56, 96, 95, 39, 1, 20, 51, 84, 20, 65, 22)(52, 82, 77, 45, 7, 61, 12, 10, 51, 77, 15, 68, 100, 23, 72, 19)(28, 24, 48, 53, 96, 67, 18, 60, 10, 68, 3, 48, 63, 75, 64, 75)(86, 98, 56, 31, 54, 65, 50, 64, 47, 1, 63, 35, 84, 62, 31, 24)
line 28: kNearestNeighbour 9 (9,7,10,10,7,8,8,7,7,2,3,8,1,1,10,1)
(72, 59, 80, 23, 86, 29, 24, 3, 36, 53, 13, 4, 60, 72, 61, 64)(59, 15, 17, 22, 44, 99, 24, 98, 47, 64, 35, 95, 34, 11, 15, 35)(25, 2, 18, 77, 67, 56, 96, 95, 39, 1, 20, 51, 84, 20, 65, 22)(52, 82, 77, 45, 7, 61, 12, 10, 51, 77, 15, 68, 100, 23, 72, 19)(28, 24, 48, 53, 96, 67, 18, 60, 10, 68, 3, 48, 63, 75, 64, 75)(86, 98, 56, 31, 54, 65, 50, 64, 47, 1, 63, 35, 84, 62, 31, 24)(61, 24, 5, 80, 40, 99, 41, 71, 10, 77, 69, 24, 57, 94, 36, 51)(8, 37, 93, 20, 16, 74, 87, 71, 42, 9, 78, 6, 86, 81, 80, 43)(52, 96, 51, 70, 52, 59, 55, 62, 1, 9, 22, 39, 82, 69, 66, 98)
line 29: nearestNeighbour (7,4,2,8,4,8,4,10,4,4,6,2,1,1,3,10)
(59, 15, 17, 22, 44, 99, 24, 98, 47, 64, 35, 95, 34, 11, 15, 35)
line 30: kNearestNeighbour 3 (7,8,4,1,8,7,1,6,4,5,5,6,7,4,6,7)
(72, 59, 80, 23, 86, 29, 24, 3, 36, 53, 13, 4, 60, 72, 61, 64)(59, 15, 17, 22, 44, 99, 24, 98, 47, 64, 35, 95, 34, 11, 15, 35)(28, 24, 48, 53, 96, 67, 18, 60, 10, 68, 3, 48, 63, 75, 64, 75)
line 31: nearestNeighbour (6,2,10,6,3,9,1,5,6,5,5,4,1,9,1,4)
(72, 59, 80, 23, 86, 29, 24, 3, 36, 53, 13, 4, 60, 72, 61, 64)
line 32: nearestNeighbour (9,9,5,8,3,3,10,2,9,1,6,8,7,7,6,7)
(72, 59, 80, 23, 86, 29, 24, 3, 36, 53, 13, 4, 60, 72, 61, 64)
line 33: nearestNeighbour (2,9,4,3,3,7,9,5,5,4,5,6,7,7,3,9)
(72, 59, 80, 23, 86, 29, 24, 3, 36, 53, 13, 4, 60, 72, 61, 64)
line 34: kNearestNeighbour 2 (1,1,9,6,10,6,1,6,9,3,2,5,2,4,7,7)
(72, 59, 80, 23, 86, 29, 24, 3, 36, 53, 13, 4, 60, 72, 61, 64)(59, 15, 17, 22, 44, 99, 24, 98, 47, 64, 35, 95, 34, 11, 15, 35)
line 35: kNearestNeighbour 9 (4,4,6,9,1,9,7,5,2,10,2,4,10,10,1,5)
(72, 59, 80, 23, 86, 29, 24, 3, 36, 53, 13, 4, 60, 72, 61, 64)(59, 15, 17, 22, 44, 99, 24, 98, 47, 64, 35, 95, 34, 11, 15, 35)(28, 24, 48, 53, 96, 67, 18, 60, 10, 68, 3, 48, 63, 75, 64, 75)(25, 2, 18, 77, 67, 56, 96, 95, 39, 1, 20, 51, 84, 20, 65, 22)(52, 82, 77, 45, 7, 61, 12, 10, 51, 77, 15, 68, 100, 23, 72, 19)(61, 24, 5, 80, 40, 99, 41, 71, 10, 77, 69, 24, 57, 94, 36, 51)(86, 98, 56, 31, 54, 65, 50, 64, 47, 1, 63, 35, 84, 62, 31, 24)(8, 37, 93, 20, 16, 74, 87, 71, 42, 9, 78, 6, 86, 81, 80, 43)(52, 96, 51, 70, 52, 59, 55, 62, 1, 9, 22, 39, 82, 69, 66, 98)
line 36: nearestNeighbour (9,3,6,10,4,4,3,4,3,8,3,9,5,9,2,9)
(72, 59, 80, 23, 86, 29, 24, 3, 36, 53, 13, 4, 60, 72, 61, 64)
line 37: nearestNeighbour (6,2,2,1,4,5,9,2,10,10,10,10,2,1,6,10)
(59, 15, 17, 22, 44, 99, 24, 98, 47, 64, 35, 95, 34, 11, 15, 35)
line 38: kNearestNeighbour 2 (8,6,3,6,8,10,1,7,7,2,7,2,4,1,3,10)
(59, 15, 17, 22, 44, 99, 24, 98, 47, 64, 35, 95, 34, 11, 15, 35)(72, 59, 80, 23, 86, 29, 24, 3, 36, 53, 13, 4, 60, 72, 61, 64)
line 39: nearestNeighbour (3,6,8,4,5,10,10,5,8,5,4,8,8,6,8,7)
(72, 59, 80, 23, 86, 29, 24, 3, 36, 53, 13, 4, 60, 72, 61, 64)
line 40: nearestNeighbour (7,1,4,8,5,10,2,6,3,5,2,2,4,10,5,1)
(72, 59, 80, 23, 86, 29, 24, 3, 36, 53, 13, 4, 60, 72, 61, 64)
line 41: kNearestNeighbour 7 (8,8,2,2,10,7,2,1,2,3,8,1,2,2,3,5)
(72, 59, 80, 23, 86, 29, 24, 3, 36, 53, 13, 4, 60, 72, 61, 64)(59, 15, 17, 22, 44, 99, 24, 98, 47, 64, 35, 95, 34, 11, 15, 35)(28, 24, 48, 53, 96, 67, 18, 60, 10, 68, 3, 48, 63, 75, 64, 75)(25, 2, 18, 77, 67, 56, 96, 95, 39, 1, 20, 51, 84, 20, 65, 22)(52, 82, 77, 45, 7, 61, 12, 10, 51, 77, 15, 68, 100, 23, 72, 19)(86, 98, 56, 31, 54, 65, 50, 64, 47, 1, 63, 35, 84, 62, 31, 24)(61, 24, 5, 80, 40, 99, 41, 71, 10, 77, 69, 24, 57, 94, 36, 51)
line 42: kNearestNeighbour 4 (6,7,4,4,5,1,9,3,8,4,1,2,5,4,5,5)
(72, 59, 80, 23, 86, 29, 24, 3, 36, 53, 13, 4, 60, 72, 61, 64)(59, 15, 17, 22, 44, 99, 24, 98, 47, 64, 35, 95, 34, 11, 15, 35)(25, 2, 18, 77, 67, 56, 96, 95, 39, 1, 20, 51, 84, 20, 65, 22)(28, 24, 48, 53, 96, 67, 18, 60, 10, 68, 3, 48, 63, 75, 64, 75)
line 43: nearestNeighbour (1,8,10,5,9,6,4,1,4,1,1,4,7,9,4,3)
(72, 59, 80, 23, 86, 29, 24, 3, 36, 53, 13, 4, 60, 72, 61, 64)
line 44: nearestNeighbour (6,10,6,8,7,7,1,6,10,1,2,4,7,6,2,10)
(72, 59, 80, 23, 86, 29, 24, 3, 36, 53, 13, 4, 60, 72, 61, 64)
line 45: nearestNeighbour (2,7,10,10,9,7,6,10,10,1,2,1,10,1,4,2)
(72, 59, 80, 23, 86, 29, 24, 3, 36, 53, 13, 4, 60, 72, 61, 64)
line 46: kNearestNeighbour 2 (6,6,8,7,9,1,6,5,4,9,1,7,2,10,5,3)
(72, 59, 80, 23, 86, 29, 24, 3, 36, 53, 13, 4, 60, 72, 61, 64)(59, 15, 17, 22, 44, 99, 24, 98, 47, 64, 35, 95, 34, 11, 15, 35)
line 47: kNearestNeighbour 5 (5,9,2,1,3,2,5,8,7,2,8,10,2,4,7,9)
(59, 15, 17, 22, 44, 99, 24, 98, 47, 64, 35, 95, 34, 11, 15, 35)(72, 59, 80, 23, 86, 29, 24, 3, 36, 53, 13, 4, 60, 72, 61, 64)(25, 2, 18, 77, 67, 56, 96, 95, 39, 1, 20, 51, 84, 20, 65, 22)(28, 24, 48, 53, 96, 67, 18, 60, 10, 68, 3, 48, 63, 75, 64, 75)(52, 82, 77, 45, 7, 61, 12, 10, 51, 77, 15, 68, 100, 23, 72, 19)
line 48: nearestNeighbour (7,4,6,9,3,2,1,8,10,1,1,3,10,4,6,5)
(72, 59, 80, 23, 86, 29, 24, 3, 36, 53, 13, 4, 60, 72, 61, 64)
line 49: kNearestNeighbour 3 (9,1,5,2,4,6,7,8,10,7,1,6,3,6,4,2)
(59, 15, 17, 22, 44, 99, 24, 98, 47, 64, 35, 95, 34, 11, 15, 35)(72, 59, 80, 23, 86, 29, 24, 3, 36, 53, 13, 4, 60, 72, 61, 64)(25, 2, 18, 77, 67, 56, 96, 95, 39, 1, 20, 51, 84, 20, 65, 22)
line 50: nearestNeighbour (9,8,2,1,2,6,9,9,4,4,7,9,8,6,7,5)
(59, 15, 17, 22, 44, 99, 24, 98, 47, 64, 35, 95, 34, 11, 15, 35)
line 51: nearestNeighbour (6,8,4,8,10,2,4,4,5,6,1,8,6,4,4,10)
(72, 59, 80, 23, 86, 29, 24, 3, 36, 53, 13, 4, 60, 72, 61, 64)
line 52: kNearestNeighbour 2 (9,5,9,5,4,10,9,8,5,4,2,9,2,10,4,4)
(59, 15, 17, 22, 44, 99, 24, 98, 47, 64, 35, 95, 34, 11, 15, 35)(72, 59, 80, 23, 86, 29, 24, 3, 36, 53, 13, 4, 60, 72, 61, 64)
line 53: kNearestNeighbour 8 (5,2,5,9,10,3,2,6,4,5,4,4,5,3,2,10)
(72, 59, 80, 23, 86, 29, 24, 3, 36, 53, 13, 4, 60, 72, 61, 64)(59, 15, 17, 22, 44, 99, 24, 98, 47, 64, 35, 95, 34, 11, 15, 35)(28, 24, 48, 53, 96, 67, 18, 60, 10, 68, 3, 48, 63, 75, 64, 75)(25, 2, 18, 77, 67, 56, 96, 95, 39, 1, 20, 51, 84, 20, 65, 22)(52, 82, 77, 45, 7, 61, 12, 10, 51, 77, 15, 68, 100, 23, 72, 19)(86, 98, 56, 31, 54, 65, 50, 64, 47, 1, 63, 35, 84, 62, 31, 24)(61, 24, 5, 80, 40, 99, 41, 71, 10, 77, 69, 24, 57, 94, 36, 51)(52, 96, 51, 70, 52, 59, 55, 62, 1, 9, 22, 39, 82, 69, 66, 98)
line 54: kNearestNeighbour 8 (6,8,8,8,8,6,3,3,1,3,8,7,9,9,7,9)
(72, 59, 80, 23, 86, 29, 24, 3, 36, 53, 13, 4, 60, 72, 61, 64)(59, 15, 17, 22, 44, 99, 24, 98, 47, 64, 35, 95, 34, 11, 15, 35)(28, 24, 48, 53, 96, 67, 18, 60, 10, 68, 3, 48, 63, 75, 64, 75)(25, 2, 18, 77, 67, 56, 96, 95, 39, 1, 20, 51, 84, 20, 65, 22)(52, 82, 77, 45, 7, 61, 12, 10, 51, 77, 15, 68, 100, 23, 72, 19)(86, 98, 56, 31, 54, 65, 50, 64, 47, 1, 63, 35, 84, 62, 31, 24)(61, 24, 5, 80, 40, 99, 41, 71, 10, 77, 69, 24, 57, 94, 36, 51)(52, 96, 51, 70, 52, 59, 55, 62, 1, 9, 22, 39, 82, 69, 66, 98)
line 55: nearestNeighbour (4,9,9,5,5,2,5,3,6,10,5,3,3,6,8,9)
(72, 59, 80, 23, 86, 29, 24, 3, 36, 53, 13, 4, 60, 72, 61, 64)
line 56: kNearestNeighbour 9 (7,4,3,9,5,7,6,7,4,9,4,4,10,8,4,3)
(72, 59, 80, 23, 86, 29, 24, 3, 36, 53, 13, 4, 60, 72, 61, 64)(59, 15, 17, 22, 44, 99, 24, 98, 47, 64, 35, 95, 34, 11, 15, 35)(25, 2, 18, 77, 67, 56, 96, 95, 39, 1, 20, 51, 84, 20, 65, 22)(28, 24, 48, 53, 96, 67, 18, 60, 10, 68, 3, 48, 63, 75, 64, 75)(52, 82, 77, 45, 7, 61, 12, 10, 51, 77, 15, 68, 100, 23, 72, 19)(86, 98, 56, 31, 54, 65, 50, 64, 47, 1, 63, 35, 84, 62, 31, 24)(61, 24, 5, 80, 40, 99, 41, 71, 10, 77, 69, 24, 57, 94, 36, 51)(8, 37, 93, 20, 16, 74, 87, 71, 42, 9, 78, 6, 86, 81, 80, 43)(52, 96, 51, 70, 52, 59, 55, 62, 1, 9, 22, 39, 82, 69, 66, 98)
line 57: kNearestNeighbour 9 (10,6,6,2,7,6,8,3,5,7,10,10,8,4,3,10)
(72, 59, 80, 23, 86, 29, 24, 3, 36, 53, 13, 4, 60, 72, 61, 64)(59, 15, 17, 22, 44, 99, 24, 98, 47, 64, 35, 95, 34, 11, 15, 35)(28, 24, 48, 53, 96, 67, 18, 60, 10, 68, 3, 48, 63, 75, 64, 75)(25, 2, 18, 77, 67, 56, 96, 95, 39, 1, 20, 51, 84, 20, 65, 22)(52, 82, 77, 45, 7, 61, 12, 10, 51, 77, 15, 68, 100, 23, 72, 19)(86, 98, 56, 31, 54, 65, 50, 64, 47, 1, 63, 35, 84, 62, 31, 24)(61, 24, 5, 80, 40, 99, 41, 71, 10, 77, 69, 24, 57, 94, 36, 51)(52, 96, 51, 70, 52, 59, 55, 62, 1, 9, 22, 39, 82, 69, 66, 98)(8, 37, 93, 20, 16, 74, 87, 71, 42, 9, 78, 6, 86, 81, 80, 43)
line 58: nearestNeighbour (8,9,7,1,5,5,2,1,8,8,7,6,7,6,8,3)
(72, 59, 80, 23, 86, 29, 24, 3, 36, 53, 13, 4, 60, 72, 61, 64)
line 59: nearestNeighbour (4,3,8,2,4,7,3,1,2,3,5,10,4,5,4,2)
(72, 59, 80, 23, 86, 29, 24, 3, 36, 53, 13, 4, 60, 72, 61, 64)
line 60: nearestNeighbour (8,5,8,10,8,5,4,9,6,2,6,9,4,3,9,1)
(59, 15, 17, 22, 44, 99, 24, 98, 47, 64, 35, 95, 34, 11, 15, 35)
line 61: kNearestNeighbour 9 (8,10,5,9,10,10,1,7,8,3,8,8,2,8,7,1)
(59, 15, 17, 22, 44, 99, 24, 98, 47, 64, 35, 95, 34, 11, 15, 35)(72, 59, 80, 23, 86, 29, 24, 3, 36, 53, 13, 4, 60, 72, 61, 64)(25, 2, 18, 77, 67, 56, 96, 95, 39, 1, 20, 51, 84, 20, 65, 22)(28, 24, 48, 53, 96, 67, 18, 60, 10, 68, 3, 48, 63, 75, 64, 75)(52, 82, 77, 45, 7, 61, 12, 10, 51, 77, 15, 68, 100, 23, 72, 19)(86, 98, 56, 31, 54, 65, 50, 64, 47, 1, 63, 35, 84, 62, 31, 24)(61, 24, 5, 80, 40, 99, 41, 71, 10, 77, 69, 24, 57, 94, 36, 51)(52, 96, 51, 70, 52, 59, 55, 62, 1, 9, 22, 39, 82, 69, 66, 98)(8, 37, 93, 20, 16, 74, 87, 71, 42, 9, 78, 6, 86, 81, 80, 43)
line 62: kNearestNeighbour 2 (6,4,10,9,7,5,1,9,9,6,4,3,1,5,5,3)
(72, 59, 80, 23, 86, 29, 24, 3, 36, 53, 13, 4, 60, 72, 61, 64)(59, 15, 17, 22, 44, 99, 24, 98, 47, 64, 35, 95, 34, 11, 15, 35)
line 63: kNearestNeighbour 9 (1,6,7,2,9,10,1,1,8,8,7,6,5,10,6,6)
(72, 59, 80, 23, 86, 29, 24, 3, 36, 53, 13, 4, 60, 72, 61, 64)(59, 15, 17, 22, 44, 99, 24, 98, 47, 64, 35, 95, 34, 11, 15, 35)(28, 24, 48, 53, 96, 67, 18, 60, 10, 68, 3, 48, 63, 75, 64, 75)(52, 82, 77, 45, 7, 61, 12, 10, 51, 77, 15, 68, 100, 23, 72, 19)(25, 2, 18, 77, 67, 56, 96, 95, 39, 1, 20, 51, 84, 20, 65, 22)(86, 98, 56, 31, 54, 65, 50, 64, 47, 1, 63, 35, 84, 62, 31, 24)(61, 24, 5, 80, 40, 99, 41, 71, 10, 77, 69, 24, 57, 94, 36, 51)(8, 37, 93, 20, 16, 74, 87, 71, 42, 9, 78, 6, 86, 81, 80, 43)(52, 96, 51, 70, 52, 59, 55, 62, 1, 9, 22, 39, 82, 69, 66, 98)
line 64: kNearestNeighbour 2 (8,4,5,1,7,9,5,10,10,2,6,10,5,2,2,2)
(59, 15, 17, 22, 44, 99, 24, 98, 47, 64, 35, 95, 34, 11, 15, 35)(72, 59, 80, 23, 86, 29, 24, 3, 36, 53, 13, 4, 60, 72, 61, 64)
line 65: kNearestNeighbour 3 (6,5,6,8,6,2,4,7,4,3,5,4,1,6,10,6)
(72, 59, 80, 23, 86, 29, 24, 3, 36, 53, 13, 4, 60, 72, 61, 64)(59, 15, 17, 22, 44, 99, 24, 98, 47, 64, 35, 95, 34, 11, 15, 35)(25, 2, 18, 77, 67, 56, 96, 95, 39, 1, 20, 51, 84, 20, 65, 22)
line 66: nearestNeighbour (2,8,5,7,4,9,3,5,1,4,5,3,5,1,9,8)
(72, 59, 80, 23, 86, 29, 24, 3, 36, 53, 13, 4, 60, 72, 61, 64)
line 67: nearestNeighbour (9,8,2,9,1,7,4,2,1,10,8,4,5,10,4,7)
(72, 59, 80, 23, 86, 29, 24, 3, 36, 53, 13, 4, 60, 72, 61, 64)
line 68: nearestNeighbour (1,9,1,1,2,5,2,3,8,2,10,6,2,4,6,3)
(59, 15, 17, 22, 44, 99, 24, 98, 47, 64, 35, 95, 34, 11, 15, 35)
line 69: nearestNeighbour (8,1,6,7,9,7,7,3,3,2,7,8,8,3,4,8)
(72, 59, 80, 23, 86, 29, 24, 3, 36, 53, 13, 4, 60, 72, 61, 64)
line 70: kNearestNeighbour 4 (9,3,4,2,7,8,3,4,9,1,1,9,9,2,2,3)
(59, 15, 17, 22, 44, 99, 24, 98, 47, 64, 35, 95, 34, 11, 15, 35)(72, 59, 80, 23, 86, 29, 24, 3, 36, 53, 13, 4, 60, 72, 61, 64)(25, 2, 18, 77, 67, 56, 96, 95, 39, 1, 20, 51, 84, 20, 65, 22)(52, 82, 77, 45, 7, 61, 12, 10, 51, 77, 15, 68, 100, 23, 72, 19)
line 71: kNearestNeighbour 3 (1,3,7,1,2,4,7,10,7,8,5,3,10,9,3,2)
(72, 59, 80, 23, 86, 29, 24, 3, 36, 53, 13, 4, 60, 72, 61, 64)(59, 15, 17, 22, 44, 99, 24, 98, 47, 64, 35, 95, 34, 11, 15, 35)(25, 2, 18, 77, 67, 56, 96, 95, 39, 1, 20, 51, 84, 20, 65, 22)
line 72: kNearestNeighbour 6 (8,7,3,4,7,10,6,7,1,1,7,9,9,7,9,1)
(59, 15, 17, 22, 44, 99, 24, 98, 47, 64, 35, 95, 34, 11, 15, 35)(72, 59, 80, 23, 86, 29, 24, 3, 36, 53, 13, 4, 60, 72, 61, 64)(25, 2, 18, 77, 67, 56, 96, 95, 39, 1, 20, 51, 84, 20, 65, 22)(28, 24, 48, 53, 96, 67, 18, 60, 10, 68, 3, 48, 63, 75, 64, 75)(52, 82, 77, 45, 7, 61, 12, 10, 51, 77, 15, 68, 100, 23, 72, 19)(86, 98, 56, 31, 54, 65, 50, 64, 47, 1, 63, 35, 84, 62, 31, 24)
line 73: kNearestNeighbour 3 (1,2,4,7,4,5,8,10,6,5,6,5,6,8,2,9)
(59, 15, 17, 22, 44, 99, 24, 98, 47, 64, 35, 95, 34, 11, 15, 35)(72, 59, 80, 23, 86, 29, 24, 3, 36, 53, 13, 4, 60, 72, 61, 64)(25, 2, 18, 77, 67, 56, 96, 95, 39, 1, 20, 51, 84, 20, 65, 22)
line 74: kNearestNeighbour 8 (8,1,5,6,10,10,8,1,2,6,5,7,8,9,9,10)
(72, 59, 80, 23, 86, 29, 24, 3, 36, 53, 13, 4, 60, 72, 61, 64)(59, 15, 17, 22, 44, 99, 24, 98, 47, 64, 35, 95, 34, 11, 15, 35)(28, 24, 48, 53, 96, 67, 18, 60, 10, 68, 3, 48, 63, 75, 64, 75)(25, 2, 18, 77, 67, 56, 96, 95, 39, 1, 20, 51, 84, 20, 65, 22)(52, 82, 77, 45, 7, 61, 12, 10, 51, 77, 15, 68, 100, 23, 72, 19)(86, 98, 56, 31, 54, 65, 50, 64, 47, 1, 63, 35, 84, 62, 31, 24)(61, 24, 5, 80, 40, 99, 41, 71, 10, 77, 69, 24, 57, 94, 36, 51)(52, 96, 51, 70, 52, 59, 55, 62, 1, 9, 22, 39, 82, 69, 66, 98)
line 75: nearestNeighbour (10,6,7,3,5,7,8,8,6,10,8,7,3,7,8,2)
(59, 15, 17, 22, 44, 99, 24, 98, 47, 64, 35, 95, 34, 11, 15, 35)
line 76: nearestNeighbour (2,9,10,4,1,8,1,10,4,5,2,6,9,2,9,6)
(72, 59, 80, 23, 86, 29, 24, 3, 36, 53, 13, 4, 60, 72, 61, 64)
line 77: kNearestNeighbour 7 (8,10,3,7,1,10,10,2,1,8,6,6,5,8,2,7)
(72, 59, 80, 23, 86, 29, 24, 3, 36, 53, 13, 4, 60, 72, 61, 64)(59, 15, 17, 22, 44, 99, 24, 98, 47, 64, 35, 95, 34, 11, 15, 35)(28, 24, 48, 53, 96, 67, 18, 60, 10, 68, 3, 48, 63, 75, 64, 75)(52, 82, 77, 45, 7, 61, 12, 10, 51, 77, 15, 68, 100, 23, 72, 19)(25, 2, 18, 77, 67, 56, 96, 95, 39, 1, 20, 51, 84, 20, 65, 22)(86, 98, 56, 31, 54, 65, 50, 64, 47, 1, 63, 35, 84, 62, 31, 24)(61, 24, 5, 80, 40, 99, 41, 71, 10, 77, 69, 24, 57, 94, 36, 51)
line 78: kNearestNeighbour 9 (5,8,3,10,8,6,5,7,7,10,3,9,1,6,5,8)
(59, 15, 17, 22, 44, 99, 24, 98, 47, 64, 35, 95, 34, 11, 15, 35)(72, 59, 80, 23, 86, 29, 24, 3, 36, 53, 13, 4, 60, 72, 61, 64)(28, 24, 48, 53, 96, 67, 18, 60, 10, 68, 3, 48, 63, 75, 64, 75)(25, 2, 18, 77, 67, 56, 96, 95, 39, 1, 20, 51, 84, 20, 65, 22)(52, 82, 77, 45, 7, 61, 12, 10, 51, 77, 15, 68, 100, 23, 72, 19)(86, 98, 56, 31, 54, 65, 50, 64, 47, 1, 63, 35, 84, 62, 31, 24)(61, 24, 5, 80, 40, 99, 41, 71, 10, 77, 69, 24, 57, 94, 36, 51)(52, 96, 51, 70, 52, 59, 55, 62, 1, 9, 22, 39, 82, 69, 66, 98)(8, 37, 93, 20, 16, 74, 87, 71, 42, 9, 78, 6, 86, 81, 80, 43)
line 79: kNearestNeighbour 10 (3,7,3,1,7,4,2,2,7,1,9,6,1,6,10,6)
(72, 59, 80, 23, 86, 29, 24, 3, 36, 53, 13, 4, 60, 72, 61, 64)(59, 15, 17, 22, 44, 99, 24, 98, 47, 64, 35, 95, 34, 11, 15, 35)(28, 24, 48, 53, 96, 67, 18, 60, 10, 68, 3, 48, 63, 75, 64, 75)(25, 2, 18, 77, 67, 56, 96, 95, 39, 1, 20, 51, 84, 20, 65, 22)(52, 82, 77, 45, 7, 61, 12, 10, 51, 77, 15, 68, 100, 23, 72, 19)(86, 98, 56, 31, 54, 65, 50, 64, 47, 1, 63, 35, 84, 62, 31, 24)(61, 24, 5, 80, 40, 99, 41, 71, 10, 77, 69, 24, 57, 94, 36, 51)(8, 37, 93, 20, 16, 74, 87, 71, 42, 9, 78, 6, 86, 81, 80, 43)(52, 96, 51, 70, 52, 59, 55, 62, 1, 9, 22, 39, 82, 69, 66, 98)(33, 14, 74, 45, 91, 100, 66, 85, 4, 12, 92, 58, 46, 36, 63, 71)
line 80: nearestNeighbour (9,5,2,8,2,9,2,4,4,2,8,5,9,2,3,5)
(59, 15, 17, 22, 44, 99, 24, 98, 47, 64, 35, 95, 34, 11, 15, 35)
line 81: kNearestNeighbour 1 (5,8,6,10,1,5,9,6,5,4,2,4,9,1,6,1)
(72, 59, 80, 23, 86, 29, 24, 3, 36, 53, 13, 4, 60, 72, 61, 64)
line 82: nearestNeighbour (8,2,4,2,6,5,1,9,9,6,10,7,9,6,3,4)
(59, 15, 17, 22, 44, 99, 24, 98, 47, 64, 35, 95, 34, 11, 15, 35)
line 83: nearestNeighbour (10,10,9,6,5,10,7,4,6,4,7,2,6,2,9,5)
(72, 59, 80, 23, 86, 29, 24, 3, 36, 53, 13, 4, 60, 72, 61, 64)
line 84: kNearestNeighbour 5 (7,2,4,5,2,9,9,3,4,6,3,6,5,2,6,2)
(59, 15, 17, 22, 44, 99, 24, 98, 47, 64, 35, 95, 34, 11, 15, 35)(72, 59, 80, 23, 86, 29, 24, 3, 36, 53, 13, 4, 60, 72, 61, 64)(25, 2, 18, 77, 67, 56, 96, 95, 39, 1, 20, 51, 84, 20, 65, 22)(52, 82, 77, 45, 7, 61, 12, 10, 51, 77, 15, 68, 100, 23, 72, 19)(28, 24, 48, 53, 96, 67, 18, 60, 10, 68, 3, 48, 63, 75, 64, 75)
line 85: kNearestNeighbour 7 (9,3,1,3,7,2,8,6,2,8,3,8,10,2,9,3)
(72, 59, 80, 23, 86, 29, 24, 3, 36, 53, 13, 4, 60, 72, 61, 64)(59, 15, 17, 22, 44, 99, 24, 98, 47, 64, 35, 95, 34, 11, 15, 35)(25, 2, 18, 77, 67, 56, 96, 95, 39, 1, 20, 51, 84, 20, 65, 22)(28, 24, 48, 53, 96, 67, 18, 60, 10, 68, 3, 48, 63, 75, 64, 75)(52, 82, 77, 45, 7, 61, 12, 10, 51, 77, 15, 68, 100, 23, 72, 19)(86, 98, 56, 31, 54, 65, 50, 64, 47, 1, 63, 35, 84, 62, 31, 24)(61, 24, 5, 80, 40, 99, 41, 71, 10, 77, 69, 24, 57, 94, 36, 51)
line 86: kNearestNeighbour 10 (8,1,10,8,10,8,6,8,9,2,9,4,2,9,3,3)
(72, 59, 80, 23, 86, 29, 24, 3, 36, 53, 13, 4, 60, 72, 61, 64)(59, 15, 17, 22, 44, 99, 24, 98, 47, 64, 35, 95, 34, 11, 15, 35)(25, 2, 18, 77, 67, 56, 96, 95, 39, 1, 20, 51, 84, 20, 65, 22)(28, 24, 48, 53, 96, 67, 18, 60, 10, 68, 3, 48, 63, 75, 64, 75)(52, 82, 77, 45, 7, 61, 12, 10, 51, 77, 15, 68, 100, 23, 72, 19)(86, 98, 56, 31, 54, 65, 50, 64, 47, 1, 63, 35, 84, 62, 31, 24)(61, 24, 5, 80, 40, 99, 41, 71, 10, 77, 69, 24, 57, 94, 36, 51)(8, 37, 93, 20, 16, 74, 87, 71, 42, 9, 78, 6, 86, 81, 80, 43)(52, 96, 51, 70, 52, 59, 55, 62, 1, 9, 22, 39, 82, 69, 66, 98)(33, 14, 74, 45, 91, 100, 66, 85, 4, 12, 92, 58, 46, 36, 63, 71)
line 87: nearestNeighbour (3,5,10,3,1,8,1,7,5,6,10,6,5,1,4,6)
(59, 15, 17, 22, 44, 99, 24, 98, 47, 64, 35, 95, 34, 11, 15, 35)
line 88: kNearestNeighbour 3 (6,9,8,4,9,8,7,2,10,3,3,8,4,8,3,5)
(72, 59, 80, 23, 86, 29, 24, 3, 36, 53, 13, 4, 60, 72, 61, 64)(59, 15, 17, 22, 44, 99, 24, 98, 47, 64, 35, 95, 34, 11, 15, 35)(28, 24, 48, 53, 96, 67, 18, 60, 10, 68, 3, 48, 63, 75, 64, 75)
line 89: nearestNeighbour (3,4,2,1,1,5,10,7,3,3,4,5,10,10,3,3)
(72, 59, 80, 23, 86, 29, 24, 3, 36, 53, 13, 4, 60, 72, 61, 64)
line 90: kNearestNeighbour 8 (3,8,7,4,6,1,4,4,4,8,4,5,6,3,1,1)
(72, 59, 80, 23, 86, 29, 24, 3, 36, 53, 13, 4, 60, 72, 61, 64)(59, 15, 17, 22, 44, 99, 24, 98, 47, 64, 35, 95, 34, 11, 15, 35)(52, 82, 77, 45, 7, 61, 12, 10, 51, 77, 15, 68, 100, 23, 72, 19)(25, 2, 18, 77, 67, 56, 96, 95, 39, 1, 20, 51, 84, 20, 65, 22)(28, 24, 48, 53, 96, 67, 18, 60, 10, 68, 3, 48, 63, 75, 64, 75)(86, 98, 56, 31, 54, 65, 50, 64, 47, 1, 63, 35, 84, 62, 31, 24)(61, 24, 5, 80, 40, 99, 41, 71, 10, 77, 69, 24, 57, 94, 36, 51)(8, 37, 93, 20, 16, 74, 87, 71, 42, 9, 78, 6, 86, 81, 80, 43)
line 91: kNearestNeighbour 7 (9,8,9,3,1,10,6,8,8,2,1,8,5,4,2,10)
(59, 15, 17, 22, 44, 99, 24, 98, 47, 64, 35, 95, 34, 11, 15, 35)(72, 59, 80, 23, 86, 29, 24, 3, 36, 53, 13, 4, 60, 72, 61, 64)(25, 2, 18, 77, 67, 56, 96, 95, 39, 1, 20, 51, 84, 20, 65, 22)(52, 82, 77, 45, 7, 61, 12, 10, 51, 77, 15, 68, 100, 23, 72, 19)(28, 24, 48, 53, 96, 67, 18, 60, 10, 68, 3, 48, 63, 75, 64, 75)(86, 98, 56, 31, 54, 65, 50, 64, 47, 1, 63, 35, 84, 62, 31, 24)(61, 24, 5, 80, 40, 99, 41, 71, 10, 77, 69, 24, 57, 94, 36, 51)
line 92: kNearestNeighbour 2 (10,5,10,8,7,9,2,4,8,4,3,7,9,5,5,5)
(72, 59, 80, 23, 86, 29, 24, 3, 36, 53, 13, 4, 60, 72, 61, 64)(59, 15, 17, 22, 44, 99, 24, 98, 47, 64, 35, 95, 34, 11, 15, 35)
line 93: nearestNeighbour (3,9,2,4,1,1,4,3,9,6,1,6,6,10,3,3)
(72, 59, 80, 23, 86, 29, 24, 3, 36, 53, 13, 4, 60, 72, 61, 64)
line 94: kNearestNeighbour 10 (9,2,4,2,8,8,6,8,6,4,7,1,5,2,6,1)
(59, 15, 17, 22, 44, 99, 24, 98, 47, 64, 35, 95, 34, 11, 15, 35)(72, 59, 80, 23, 86, 29, 24, 3, 36, 53, 13, 4, 60, 72, 61, 64)(25, 2, 18, 77, 67, 56, 96, 95, 39, 1, 20, 51, 84, 20, 65, 22)(28, 24, 48, 53, 96, 67, 18, 60, 10, 68, 3, 48, 63, 75, 64, 75)(52, 82, 77, 45, 7, 61, 12, 10, 51, 77, 15, 68, 100, 23, 72, 19)(86, 98, 56, 31, 54, 65, 50, 64, 47, 1, 63, 35, 84, 62, 31, 24)(61, 24, 5, 80, 40, 99, 41, 71, 10, 77, 69, 24, 57, 94, 36, 51)(8, 37, 93, 20, 16, 74, 87, 71, 42, 9, 78, 6, 86, 81, 80, 43)(52, 96, 51, 70, 52, 59, 55, 62, 1, 9, 22, 39, 82, 69, 66, 98)(33, 14, 74, 45, 91, 100, 66, 85, 4, 12, 92, 58, 46, 36, 63, 71)
line 95: nearestNeighbour (3,3,9,8,5,2,7,5,10,10,7,7,4,6,8,3)
(72, 59, 80, 23, 86, 29, 24, 3, 36, 53, 13, 4, 60, 72, 61, 64)
line 96: kNearestNeighbour 2 (5,3,4,1,7,9,10,7,2,3,7,7,7,6,8,4)
(59, 15, 17, 22, 44, 99, 24, 98, 47, 64, 35, 95, 34, 11, 15, 35)(72, 59, 80, 23, 86, 29, 24, 3, 36, 53, 13, 4, 60, 72, 61, 64)
line 97: kNearestNeighbour 3 (6,7,5,8,2,1,5,9,3,10,3,3,4,1,2,3)
(59, 15, 17, 22, 44, 99, 24, 98, 47, 64, 35, 95, 34, 11, 15, 35)(72, 59, 80, 23, 86, 29, 24, 3, 36, 53, 13, 4, 60, 72, 61, 64)(25, 2, 18, 77, 67, 56, 96, 95, 39, 1, 20, 51, 84, 20, 65, 22)
line 98: nearestNeighbour (5,4,1,5,3,6,4,8,4,6,6,2,9,7,6,1)
(59, 15, 17, 22, 44, 99, 24, 98, 47, 64, 35, 95, 34, 11, 15, 35)
line 99: nearestNeighbour (4,3,2,3,9,8,10,3,4,5,5,7,8,7,4,2)
(72, 59, 80, 23, 86, 29, 24, 3, 36, 53, 13, 4, 60, 72, 61, 64)
line 100: kNearestNeighbour 5 (4,7,4,5,7,2,6,1,8,5,10,10,5,8,3,3)
(72, 59, 80, 23, 86, 29, 24, 3, 36, 53, 13, 4, 60, 72, 61, 64)(59, 15, 17, 22, 44, 99, 24, 98, 47, 64, 35, 95, 34, 11, 15, 35)(25, 2, 18, 77, 67, 56, 96, 95, 39, 1, 20, 51, 84, 20, 65, 22)(28, 24, 48, 53, 96, 67, 18, 60, 10, 68, 3, 48, 63, 75, 64, 75)(52, 82, 77, 45, 7, 61, 12, 10, 51, 77, 15, 68, 100, 23, 72, 19)
line 101: nearestNeighbour (7,7,5,6,5,7,5,9,9,4,9,7,8,4,9,5)
(59, 15, 17, 22, 44, 99, 24, 98, 47, 64, 35, 95, 34, 11, 15, 35)
line 102: kNearestNeighbour 5 (6,2,9,7,9,2,9,2,9,4,2,3,1,5,4,8)
(72, 59, 80, 23, 86, 29, 24, 3, 36, 53, 13, 4, 60, 72, 61, 64)(59, 15, 17, 22, 44, 99, 24, 98, 47, 64, 35, 95, 34, 11, 15, 35)(25, 2, 18, 77, 67, 56, 96, 95, 39, 1, 20, 51, 84, 20, 65, 22)(28, 24, 48, 53, 96, 67, 18, 60, 10, 68, 3, 48, 63, 75, 64, 75)(52, 82, 77, 45, 7, 61, 12, 10, 51, 77, 15, 68, 100, 23, 72, 19)
line 103: nearestNeighbour (6,6,7,2,2,8,5,5,10,3,6,7,10,9,9,5)
(72, 59, 80, 23, 86, 29, 24, 3, 36, 53, 13, 4, 60, 72, 61, 64)
line 104: nearestNeighbour (8,7,2,9,3,2,2,10,2,2,6,1,9,8,6,8)
(72, 59, 80, 23, 86, 29, 24, 3, 36, 53, 13, 4, 60, 72, 61, 64)
line 105: nearestNeighbour (7,5,10,4,8,3,6,5,2,6,7,1,7,4,8,8)
(72, 59, 80, 23, 86, 29, 24, 3, 36, 53, 13, 4, 60, 72, 61, 64)
line 106: nearestNeighbour (6,2,6,1,9,5,5,6,2,5,6,9,7,10,10,6)
(72, 59, 80, 23, 86, 29, 24, 3, 36, 53, 13, 4, 60, 72, 61, 64)
line 107: kNearestNeighbour 2 (6,3,3,8,1,5,10,4,5,7,4,4,2,5,5,3)
(59, 15, 17, 22, 44, 99, 24, 98, 47, 64, 35, 95, 34, 11, 15, 35)(72, 59, 80, 23, 86, 29, 24, 3, 36, 53, 13, 4, 60, 72, 61, 64)
line 108: kNearestNeighbour 7 (7,2,10,7,6,9,7,5,1,1,7,9,3,8,4,1)
(59, 15, 17, 22, 44, 99, 24, 98, 47, 64, 35, 95, 34, 11, 15, 35)(72, 59, 80, 23, 86, 29, 24, 3, 36, 53, 13, 4, 60, 72, 61, 64)(25, 2, 18, 77, 67, 56, 96, 95, 39, 1, 20, 51, 84, 20, 65, 22)(28, 24, 48, 53, 96, 67, 18, 60, 10, 68, 3, 48, 63, 75, 64, 75)(52, 82, 77, 45, 7, 61, 12, 10, 51, 77, 15, 68, 100, 23, 72, 19)(86, 98, 56, 31, 54, 65, 50, 64, 47, 1, 63, 35, 84, 62, 31, 24)(61, 24, 5, 80, 40, 99, 41, 71, 10, 77, 69, 24, 57, 94, 36, 51)
line 109: nearestNeighbour (5,3,9,2,6,8,9,7,10,8,1,6,10,4,9,8)
(72, 59, 80, 23, 86, 29, 24, 3, 36, 53, 13, 4, 60, 72, 61, 64)
line 110: kNearestNeighbour 7 (10,2,9,9,4,5,3,5,9,9,8,4,9,1,4,9)
(72, 59, 80, 23, 86, 29, 24, 3, 36, 53, 13, 4, 60, 72, 61, 64)(59, 15, 17, 22, 44, 99, 24, 98, 47, 64, 35, 95, 34, 11, 15, 35)(52, 82, 77, 45, 7, 61, 12, 10, 51, 77, 15, 68, 100, 23, 72, 19)(25, 2, 18, 77, 67, 56, 96, 95, 39, 1, 20, 51, 84, 20, 65, 22)(28, 24, 48, 53, 96, 67, 18, 60, 10, 68, 3, 48, 63, 75, 64, 75)(86, 98, 56, 31, 54, 65, 50, 64, 47, 1, 63, 35, 84, 62, 31, 24)(61, 24, 5, 80, 40, 99, 41, 71, 10, 77, 69, 24, 57, 94, 36, 51)
line 111: nearestNeighbour (7,3,10,4,8,7,10,1,10,4,6,5,3,3,3,10)
(72, 59, 80, 23, 86, 29, 24, 3, 36, 53, 13, 4, 60, 72, 61, 64)
line 112: kNearestNeighbour 6 (10,4,4,1,8,4,5,7,5,2,5,4,9,9,1,1)
(72, 59, 80, 23, 86, 29, 24, 3, 36, 53, 13, 4, 60, 72, 61, 64)(59, 15, 17, 22, 44, 99, 24, 98, 47, 64, 35, 95, 34, 11, 15, 35)(25, 2, 18, 77, 67, 56, 96, 95, 39, 1, 20, 51, 84, 20, 65, 22)(28, 24, 48, 53, 96, 67, 18, 60, 10, 68, 3, 48, 63, 75, 64, 75)(52, 82, 77, 45, 7, 61, 12, 10, 51, 77, 15, 68, 100, 23, 72, 19)(86, 98, 56, 31, 54, 65, 50, 64, 47, 1, 63, 35, 84, 62, 31, 24)
line 113: kNearestNeighbour 1 (4,2,2,10,4,6,2,1,7,7,10,8,7,9,6,3)
(72, 59, 80, 23, 86, 29, 24, 3, 36, 53, 13, 4, 60, 72, 61, 64)
line 114: kNearestNeighbour 5 (3,5,5,8,3,1,8,9,10,9,10,5,8,10,7,10)
(72, 59, 80, 23, 86, 29, 24, 3, 36, 53, 13, 4, 60, 72, 61, 64)(59, 15, 17, 22, 44, 99, 24, 98, 47, 64, 35, 95, 34, 11, 15, 35)(25, 2, 18, 77, 67, 56, 96, 95, 39, 1, 20, 51, 84, 20, 65, 22)(28, 24, 48, 53, 96, 67, 18, 60, 10, 68, 3, 48, 63, 75, 64, 75)(52, 82, 77, 45, 7, 61, 12, 10, 51, 77, 15, 68, 100, 23, 72, 19)
line 115: nearestNeighbour (1,7,5,9,3,8,6,10,2,9,7,2,4,5,1,3)
(59, 15, 17, 22, 44, 99, 24, 98, 47, 64, 35, 95, 34, 11, 15, 35)
line 116: kNearestNeighbour 6 (8,6,7,5,10,1,9,3,4,7,10,6,4,5,4,3)
(72, 59, 80, 23, 86, 29, 24, 3, 36, 53, 13, 4, 60, 72, 61, 64)(59, 15, 17, 22, 44, 99, 24, 98, 47, 64, 35, 95, 34, 11, 15, 35)(25, 2, 18, 77, 67, 56, 96, 95, 39, 1, 20, 51, 84, 20, 65, 22)(28, 24, 48, 53, 96, 67, 18, 60, 10, 68, 3, 48, 63, 75, 64, 75)(52, 82, 77, 45, 7, 61, 12, 10, 51, 77, 15, 68, 100, 23, 72, 19)(86, 98, 56, 31, 54, 65, 50, 64, 47, 1, 63, 35, 84, 62, 31, 24)
line 117: nearestNeighbour (9,10,9,3,6,10,9,3,10,3,1,9,8,5,6,9)
(72, 59, 80, 23, 86, 29, 24, 3, 36, 53, 13, 4, 60, 72, 61, 64)
line 118: kNearestNeighbour 10 (4,1,8,1,3,1,2,7,5,7,6,9,7,1,6,2)
(59, 15, 17, 22, 44, 99, 24, 98, 47, 64, 35, 95, 34, 11, 15, 35)(72, 59, 80, 23, 86, 29, 24, 3, 36, 53, 13, 4, 60, 72, 61, 64)(25, 2, 18, 77, 67, 56, 96, 95, 39, 1, 20, 51, 84, 20, 65, 22)(52, 82, 77, 45, 7, 61, 12, 10, 51, 77, 15, 68, 100, 23, 72, 19)(28, 24, 48, 53, 96, 67, 18, 60, 10, 68, 3, 48, 63, 75, 64, 75)(86, 98, 56, 31, 54, 65, 50, 64, 47, 1, 63, 35, 84, 62, 31, 24)(61, 24, 5, 80, 40, 99, 41, 71, 10, 77, 69, 24, 57, 94, 36, 51)(8, 37, 93, 20, 16, 74, 87, 71, 42, 9, 78, 6, 86, 81, 80, 43)(52, 96, 51, 70, 52, 59, 55, 62, 1, 9, 22, 39, 82, 69, 66, 98)(33, 14, 74, 45, 91, 100, 66, 85, 4, 12, 92, 58, 46, 36, 63, 71)
line 119: kNearestNeighbour 7 (2,10,9,9,8,9,5,9,10,3,8,3,3,10,4,3)
(72, 59, 80, 23, 86, 29, 24, 3, 36, 53, 13, 4, 60, 72, 61, 64)(59, 15, 17, 22, 44, 99, 24, 98, 47, 64, 35, 95, 34, 11, 15, 35)(25, 2, 18, 77, 67, 56, 96, 95, 39, 1, 20, 51, 84, 20, 65, 22)(28, 24, 48, 53, 96, 67, 18, 60, 10, 68, 3, 48, 63, 75, 64, 75)(52, 82, 77, 45, 7, 61, 12, 10, 51, 77, 15, 68, 100, 23, 72, 19)(86, 98, 56, 31, 54, 65, 50, 64, 47, 1, 63, 35, 84, 62, 31, 24)(61, 24, 5, 80, 40, 99, 41, 71, 10, 77, 69, 24, 57, 94, 36, 51)
line 120: kNearestNeighbour 5 (8,10,9,1,5,3,5,6,2,5,5,2,3,2,1,4)
(72, 59, 80, 23, 86, 29, 24, 3, 36, 53, 13, 4, 60, 72, 61, 64)(59, 15, 17, 22, 44, 99, 24, 98, 47, 64, 35, 95, 34, 11, 15, 35)(52, 82, 77, 45, 7, 61, 12, 10, 51, 77, 15, 68, 100, 23, 72, 19)(28, 24, 48, 53, 96, 67, 18, 60, 10, 68, 3, 48, 63, 75, 64, 75)(25, 2, 18, 77, 67, 56, 96, 95, 39, 1, 20, 51, 84, 20, 65, 22)
line 121: nearestNeighbour (3,1,5,10,1,10,3,4,10,3,3,6,9,8,1,1)
(59, 15, 17, 22, 44, 99, 24, 98, 47, 64, 35, 95, 34, 11, 15, 35)
line 122: kNearestNeighbour 9 (2,5,8,3,4,10,6,7,6,2,2,8,9,3,10,10)
(72, 59, 80, 23, 86, 29, 24, 3, 36, 53, 13, 4, 60, 72, 61, 64)(59, 15, 17, 22, 44, 99, 24, 98, 47, 64, 35, 95, 34, 11, 15, 35)(25, 2, 18, 77, 67, 56, 96, 95, 39, 1, 20, 51, 84, 20, 65, 22)(28, 24, 48, 53, 96, 67, 18, 60, 10, 68, 3, 48, 63, 75, 64, 75)(52, 82, 77, 45, 7, 61, 12, 10, 51, 77, 15, 68, 100, 23, 72, 19)(86, 98, 56, 31, 54, 65, 50, 64, 47, 1, 63, 35, 84, 62, 31, 24)(61, 24, 5, 80, 40, 99, 41, 71, 10, 77, 69, 24, 57, 94, 36, 51)(8, 37, 93, 20, 16, 74, 87, 71, 42, 9, 78, 6, 86, 81, 80, 43)(52, 96, 51, 70, 52, 59, 55, 62, 1, 9, 22, 39, 82, 69, 66, 98)
line 123: kNearestNeighbour 9 (10,2,10,7,5,7,2,2,3,3,7,7,5,5,9,8)
(72, 59, 80, 23, 86, 29, 24, 3, 36, 53, 13, 4, 60, 72, 61, 64)(59, 15, 17, 22, 44, 99, 24, 98, 47, 64, 35, 95, 34, 11, 15, 35)(28, 24, 48, 53, 96, 67, 18, 60, 10, 68, 3, 48, 63, 75, 64, 75)(25, 2, 18, 77, 67, 56, 96, 95, 39, 1, 20, 51, 84, 20, 65, 22)(52, 82, 77, 45, 7, 61, 12, 10, 51, 77, 15, 68, 100, 23, 72, 19)(86, 98, 56, 31, 54, 65, 50, 64, 47, 1, 63, 35, 84, 62, 31, 24)(61, 24, 5, 80, 40, 99, 41, 71, 10, 77, 69, 24, 57, 94, 36, 51)(8, 37, 93, 20, 16, 74, 87, 71, 42, 9, 78, 6, 86, 81, 80, 43)(52, 96, 51, 70, 52, 59, 55, 62, 1, 9, 22, 39, 82, 69, 66, 98)
line 124: kNearestNeighbour 3 (4,4,6,1,9,2,6,3,5,3,3,6,4,4,7,5)
(72, 59, 80, 23, 86, 29, 24, 3, 36, 53, 13, 4, 60, 72, 61, 64)(59, 15, 17, 22, 44, 99, 24, 98, 47, 64, 35, 95, 34, 11, 15, 35)(25, 2, 18, 77, 67, 56, 96, 95, 39, 1, 20, 51, 84, 20, 65, 22)
line 125: nearestNeighbour (4,3,2,4,3,5,9,1,10,9,3,3,4,7,4,4)
(72, 59, 80, 23, 86, 29, 24, 3, 36, 53, 13, 4, 60, 72, 61, 64)
line 126: kNearestNeighbour 1 (3,6,5,2,1,2,8,4,7,7,8,8,9,7,2,2)
(72, 59, 80, 23, 86, 29, 24, 3, 36, 53, 13, 4, 60, 72, 61, 64)
line 127: kNearestNeighbour 1 (7,1,7,4,8,1,2,1,3,3,6,3,7,8,10,9)
(72, 59, 80, 23, 86, 29, 24, 3, 36, 53, 13, 4, 60, 72, 61, 64)
line 128: kNearestNeighbour 6 (7,7,5,2,7,7,5,6,5,9,6,1,9,10,4,1)
(72, 59, 80, 23, 86, 29, 24, 3, 36, 53, 13, 4, 60, 72, 61, 64)(59, 15, 17, 22, 44, 99, 24, 98, 47, 64, 35, 95, 34, 11, 15, 35)(28, 24, 48, 53, 96, 67, 18, 60, 10, 68, 3, 48, 63, 75, 64, 75)(25, 2, 18, 77, 67, 56, 96, 95, 39, 1, 20, 51, 84, 20, 65, 22)(52, 82, 77, 45, 7, 61, 12, 10, 51, 77, 15, 68, 100, 23, 72, 19)(86, 98, 56, 31, 54, 65, 50, 64, 47, 1, 63, 35, 84, 62, 31, 24)
line 129: kNearestNeighbour 7 (7,1,4,9,10,10,6,2,4,4,7,7,7,3,9,5)
(72, 59, 80, 23, 86, 29, 24, 3, 36, 53, 13, 4, 60, 72, 61, 64)(59, 15, 17, 22, 44, 99, 24, 98, 47, 64, 35, 95, 34, 11, 15, 35)(25, 2, 18, 77, 67, 56, 96, 95, 39, 1, 20, 51, 84, 20, 65, 22)(28, 24, 48, 53, 96, 67, 18, 60, 10, 68, 3, 48, 63, 75, 64, 75)(52, 82, 77, 45, 7, 61, 12, 10, 51, 77, 15, 68, 100, 23, 72, 19)(86, 98, 56, 31, 54, 65, 50, 64, 47, 1, 63, 35, 84, 62, 31, 24)(61, 24, 5, 80, 40, 99, 41, 71, 10, 77, 69, 24, 57, 94, 36, 51)
line 130: kNearestNeighbour 9 (1,9,3,5,6,9,10,2,4,3,3,2,9,7,4,3)
(72, 59, 80, 23, 86, 29, 24, 3, 36, 53, 13, 4, 60, 72, 61, 64)(59, 15, 17, 22, 44, 99, 24, 98, 47, 64, 35, 95, 34, 11, 15, 35)(25, 2, 18, 77, 67, 56, 96, 95, 39, 1, 20, 51, 84, 20, 65, 22)(28, 24, 48, 53, 96, 67, 18, 60, 10, 68, 3, 48, 63, 75, 64, 75)(52, 82, 77, 45, 7, 61, 12, 10, 51, 77, 15, 68, 100, 23, 72, 19)(86, 98, 56, 31, 54, 65, 50, 64, 47, 1, 63, 35, 84, 62, 31, 24)(61, 24, 5, 80, 40, 99, 41, 71, 10, 77, 69, 24, 57, 94, 36, 51)(8, 37, 93, 20, 16, 74, 87, 71, 42, 9, 78, 6, 86, 81, 80, 43)(52, 96, 51, 70, 52, 59, 55, 62, 1, 9, 22, 39, 82, 69, 66, 98)
line 131: nearestNeighbour (5,10,10,10,4,4,6,4,1,6,7,3,1,2,2,7)
(72, 59, 80, 23, 86, 29, 24, 3, 36, 53, 13, 4, 60, 72, 61, 64)
line 132: nearestNeighbour (5,10,3,8,3,1,5,5,2,10,10,3,6,3,4,5)
(72, 59, 80, 23, 86, 29, 24, 3, 36, 53, 13, 4, 60, 72, 61, 64)
line 133: nearestNeighbour (1,4,10,6,9,5,2,8,4,10,4,10,8,3,9,8)
(72, 59, 80, 23, 86, 29, 24, 3, 36, 53, 13, 4, 60, 72, 61, 64)
line 134: nearestNeighbour (1,5,9,5,10,7,4,2,10,5,4,9,4,7,6,2)
(72, 59, 80, 23, 86, 29, 24, 3, 36, 53, 13, 4, 60, 72, 61, 64)
line 135: kNearestNeighbour 2 (4,8,1,10,3,7,3,5,8,3,10,9,4,9,7,5)
(59, 15, 17, 22, 44, 99, 24, 98, 47, 64, 35, 95, 34, 11, 15, 35)(72, 59, 80, 23, 86, 29, 24, 3, 36, 53, 13, 4, 60, 72, 61, 64)
line 136: kNearestNeighbour 6 (6,2,6,6,2,5,2,2,3,2,7,6,7,9,4,2)
