line 1: k=12
line 2: clear
line 3: buildTree 20
(9,80,58,47,66,35,33,10,41,69,90,100) (73,75,9,47,3,15,69,99,52,82,59,95) (65,32,31,63,3,12,93,23,72,65,19,55) (5,25,20,83,52,30,53,20,67,23,96,35) (19,75,55,49,70,92,67,27,68,42,29,100) (23,94,69,53,50,72,69,20,85,24,21,31) (47,47,14,1,12,57,65,5,44,58,42,85) (70,65,53,69,36,70,23,75,32,91,80,21) (48,47,2,16,5,15,95,88,51,3,16,46) (83,20,53,89,55,84,42,28,56,29,21,93) (39,11,58,80,82,96,72,18,24,15,69,51) (35,29,44,70,13,91,3,2,83,30,55,94) (28,47,14,40,78,23,95,99,28,85,69,6) (70,82,9,99,63,2,62,4,53,89,29,80) (78,4,12,65,87,88,52,81,70,91,84,53) (18,80,79,14,89,12,34,76,32,57,34,64) (11,23,21,43,15,98,50,92,80,87,38,88) (9,92,10,83,41,21,77,51,34,88,17,36) (74,33,82,79,24,49,5,58,98,23,29,36) (47,13,77,95,90,6,37,38,66,17,11,62) 
line 4: nodeCount_height_leafCount
nodeCount=20;height=5;leafCount=9
line 5: inorderTraversal
(28, 47, 14, 40, 78, 23, 95, 99, 28, 85, 69, 6) (5, 25, 20, 83, 52, 30, 53, 20, 67, 23, 96, 35) (11, 23, 21, 43, 15, 98, 50, 92, 80, 87, 38, 88) (35, 29, 44, 70, 13, 91, 3, 2, 83, 30, 55, 94) (19, 75, 55, 49, 70, 92, 67, 27, 68, 42, 29, 100) (9, 92, 10, 83, 41, 21, 77, 51, 34, 88, 17, 36) (9, 80, 58, 47, 66, 35, 33, 10, 41, 69, 90, 100) (18, 80, 79, 14, 89, 12, 34, 76, 32, 57, 34, 64) (23, 94, 69, 53, 50, 72, 69, 20, 85, 24, 21, 31) (39, 11, 58, 80, 82, 96, 72, 18, 24, 15, 69, 51) (78, 4, 12, 65, 87, 88, 52, 81, 70, 91, 84, 53) (65, 32, 31, 63, 3, 12, 93, 23, 72, 65, 19, 55) (83, 20, 53, 89, 55, 84, 42, 28, 56, 29, 21, 93) (47, 13, 77, 95, 90, 6, 37, 38, 66, 17, 11, 62) (74, 33, 82, 79, 24, 49, 5, 58, 98, 23, 29, 36) (48, 47, 2, 16, 5, 15, 95, 88, 51, 3, 16, 46) (73, 75, 9, 47, 3, 15, 69, 99, 52, 82, 59, 95) (47, 47, 14, 1, 12, 57, 65, 5, 44, 58, 42, 85) (70, 65, 53, 69, 36, 70, 23, 75, 32, 91, 80, 21) (70, 82, 9, 99, 63, 2, 62, 4, 53, 89, 29, 80) 
line 6: preorderTraversal
(39, 11, 58, 80, 82, 96, 72, 18, 24, 15, 69, 51) (19, 75, 55, 49, 70, 92, 67, 27, 68, 42, 29, 100) (5, 25, 20, 83, 52, 30, 53, 20, 67, 23, 96, 35) (28, 47, 14, 40, 78, 23, 95, 99, 28, 85, 69, 6) (11, 23, 21, 43, 15, 98, 50, 92, 80, 87, 38, 88) (35, 29, 44, 70, 13, 91, 3, 2, 83, 30, 55, 94) (9, 80, 58, 47, 66, 35, 33, 10, 41, 69, 90, 100) (9, 92, 10, 83, 41, 21, 77, 51, 34, 88, 17, 36) (18, 80, 79, 14, 89, 12, 34, 76, 32, 57, 34, 64) (23, 94, 69, 53, 50, 72, 69, 20, 85, 24, 21, 31) (74, 33, 82, 79, 24, 49, 5, 58, 98, 23, 29, 36) (65, 32, 31, 63, 3, 12, 93, 23, 72, 65, 19, 55) (78, 4, 12, 65, 87, 88, 52, 81, 70, 91, 84, 53) (83, 20, 53, 89, 55, 84, 42, 28, 56, 29, 21, 93) (47, 13, 77, 95, 90, 6, 37, 38, 66, 17, 11, 62) (73, 75, 9, 47, 3, 15, 69, 99, 52, 82, 59, 95) (48, 47, 2, 16, 5, 15, 95, 88, 51, 3, 16, 46) (70, 65, 53, 69, 36, 70, 23, 75, 32, 91, 80, 21) (47, 47, 14, 1, 12, 57, 65, 5, 44, 58, 42, 85) (70, 82, 9, 99, 63, 2, 62, 4, 53, 89, 29, 80) 
line 7: postorderTraversal
(28, 47, 14, 40, 78, 23, 95, 99, 28, 85, 69, 6) (35, 29, 44, 70, 13, 91, 3, 2, 83, 30, 55, 94) (11, 23, 21, 43, 15, 98, 50, 92, 80, 87, 38, 88) (5, 25, 20, 83, 52, 30, 53, 20, 67, 23, 96, 35) (9, 92, 10, 83, 41, 21, 77, 51, 34, 88, 17, 36) (23, 94, 69, 53, 50, 72, 69, 20, 85, 24, 21, 31) (18, 80, 79, 14, 89, 12, 34, 76, 32, 57, 34, 64) (9, 80, 58, 47, 66, 35, 33, 10, 41, 69, 90, 100) (19, 75, 55, 49, 70, 92, 67, 27, 68, 42, 29, 100) (78, 4, 12, 65, 87, 88, 52, 81, 70, 91, 84, 53) (47, 13, 77, 95, 90, 6, 37, 38, 66, 17, 11, 62) (83, 20, 53, 89, 55, 84, 42, 28, 56, 29, 21, 93) (65, 32, 31, 63, 3, 12, 93, 23, 72, 65, 19, 55) (48, 47, 2, 16, 5, 15, 95, 88, 51, 3, 16, 46) (47, 47, 14, 1, 12, 57, 65, 5, 44, 58, 42, 85) (70, 82, 9, 99, 63, 2, 62, 4, 53, 89, 29, 80) (70, 65, 53, 69, 36, 70, 23, 75, 32, 91, 80, 21) (73, 75, 9, 47, 3, 15, 69, 99, 52, 82, 59, 95) (74, 33, 82, 79, 24, 49, 5, 58, 98, 23, 29, 36) (39, 11, 58, 80, 82, 96, 72, 18, 24, 15, 69, 51) 
line 8: nearestNeighbour (8,1,6,9,1,4,5,7,5,8,4,4)
(47, 47, 14, 1, 12, 57, 65, 5, 44, 58, 42, 85)
line 9: kNearestNeighbour 3 (4,5,5,9,7,10,5,7,3,8,10,10)
(47, 47, 14, 1, 12, 57, 65, 5, 44, 58, 42, 85)(48, 47, 2, 16, 5, 15, 95, 88, 51, 3, 16, 46)(5, 25, 20, 83, 52, 30, 53, 20, 67, 23, 96, 35)
line 10: nearestNeighbour (5,9,5,4,9,2,1,2,2,2,3,5)
(47, 47, 14, 1, 12, 57, 65, 5, 44, 58, 42, 85)
line 11: nearestNeighbour (5,7,4,4,6,1,4,2,10,4,8,4)
(47, 47, 14, 1, 12, 57, 65, 5, 44, 58, 42, 85)
line 12: nearestNeighbour (1,5,10,10,7,3,8,4,5,9,7,3)
(47, 47, 14, 1, 12, 57, 65, 5, 44, 58, 42, 85)
line 13: kNearestNeighbour 10 (4,8,8,6,3,9,7,3,3,9,10,1)
(47, 47, 14, 1, 12, 57, 65, 5, 44, 58, 42, 85)(48, 47, 2, 16, 5, 15, 95, 88, 51, 3, 16, 46)(5, 25, 20, 83, 52, 30, 53, 20, 67, 23, 96, 35)(65, 32, 31, 63, 3, 12, 93, 23, 72, 65, 19, 55)(9, 92, 10, 83, 41, 21, 77, 51, 34, 88, 17, 36)(35, 29, 44, 70, 13, 91, 3, 2, 83, 30, 55, 94)(18, 80, 79, 14, 89, 12, 34, 76, 32, 57, 34, 64)(23, 94, 69, 53, 50, 72, 69, 20, 85, 24, 21, 31)(47, 13, 77, 95, 90, 6, 37, 38, 66, 17, 11, 62)(74, 33, 82, 79, 24, 49, 5, 58, 98, 23, 29, 36)
line 14: kNearestNeighbour 9 (8,1,3,5,5,6,2,2,3,6,1,8)
(47, 47, 14, 1, 12, 57, 65, 5, 44, 58, 42, 85)(48, 47, 2, 16, 5, 15, 95, 88, 51, 3, 16, 46)(5, 25, 20, 83, 52, 30, 53, 20, 67, 23, 96, 35)(65, 32, 31, 63, 3, 12, 93, 23, 72, 65, 19, 55)(35, 29, 44, 70, 13, 91, 3, 2, 83, 30, 55, 94)(47, 13, 77, 95, 90, 6, 37, 38, 66, 17, 11, 62)(9, 92, 10, 83, 41, 21, 77, 51, 34, 88, 17, 36)(74, 33, 82, 79, 24, 49, 5, 58, 98, 23, 29, 36)(18, 80, 79, 14, 89, 12, 34, 76, 32, 57, 34, 64)
line 15: nearestNeighbour (1,2,9,7,9,2,3,3,7,6,9,3)
(47, 47, 14, 1, 12, 57, 65, 5, 44, 58, 42, 85)
line 16: kNearestNeighbour 4 (2,3,8,7,9,10,9,1,9,3,4,3)
(47, 47, 14, 1, 12, 57, 65, 5, 44, 58, 42, 85)(48, 47, 2, 16, 5, 15, 95, 88, 51, 3, 16, 46)(5, 25, 20, 83, 52, 30, 53, 20, 67, 23, 96, 35)(65, 32, 31, 63, 3, 12, 93, 23, 72, 65, 19, 55)
line 17: kNearestNeighbour 4 (3,8,10,5,10,2,9,6,3,9,6,7)
(47, 47, 14, 1, 12, 57, 65, 5, 44, 58, 42, 85)(48, 47, 2, 16, 5, 15, 95, 88, 51, 3, 16, 46)(5, 25, 20, 83, 52, 30, 53, 20, 67, 23, 96, 35)(65, 32, 31, 63, 3, 12, 93, 23, 72, 65, 19, 55)
line 18: nearestNeighbour (9,4,3,7,2,1,1,8,8,7,1,3)
(48, 47, 2, 16, 5, 15, 95, 88, 51, 3, 16, 46)
line 19: nearestNeighbour (8,2,2,3,1,1,3,2,6,1,6,5)
(47, 47, 14, 1, 12, 57, 65, 5, 44, 58, 42, 85)
line 20: nearestNeighbour (9,7,6,2,1,9,8,8,2,2,3,6)
(47, 47, 14, 1, 12, 57, 65, 5, 44, 58, 42, 85)
line 21: kNearestNeighbour 4 (5,9,10,5,2,7,10,6,10,5,6,3)
(47, 47, 14, 1, 12, 57, 65, 5, 44, 58, 42, 85)(48, 47, 2, 16, 5, 15, 95, 88, 51, 3, 16, 46)(5, 25, 20, 83, 52, 30, 53, 20, 67, 23, 96, 35)(65, 32, 31, 63, 3, 12, 93, 23, 72, 65, 19, 55)
line 22: nearestNeighbour (4,2,4,1,6,7,3,1,3,6,6,2)
(47, 47, 14, 1, 12, 57, 65, 5, 44, 58, 42, 85)
line 23: kNearestNeighbour 1 (9,5,2,9,2,7,6,5,8,9,7,7)
(47, 47, 14, 1, 12, 57, 65, 5, 44, 58, 42, 85)
line 24: nearestNeighbour (6,6,5,2,6,5,3,5,4,8,5,2)
(47, 47, 14, 1, 12, 57, 65, 5, 44, 58, 42, 85)
line 25: nearestNeighbour (9,2,10,8,3,6,6,9,3,8,9,5)
(47, 47, 14, 1, 12, 57, 65, 5, 44, 58, 42, 85)
line 26: kNearestNeighbour 7 (7,4,3,9,1,4,9,10,7,6,6,3)
(48, 47, 2, 16, 5, 15, 95, 88, 51, 3, 16, 46)(47, 47, 14, 1, 12, 57, 65, 5, 44, 58, 42, 85)(5, 25, 20, 83, 52, 30, 53, 20, 67, 23, 96, 35)(65, 32, 31, 63, 3, 12, 93, 23, 72, 65, 19, 55)(9, 92, 10, 83, 41, 21, 77, 51, 34, 88, 17, 36)(47, 13, 77, 95, 90, 6, 37, 38, 66, 17, 11, 62)(74, 33, 82, 79, 24, 49, 5, 58, 98, 23, 29, 36)
line 27: nearestNeighbour (8,7,5,1,10,2,9,2,5,4,9,10)
(47, 47, 14, 1, 12, 57, 65, 5, 44, 58, 42, 85)
line 28: nearestNeighbour (6,2,2,3,4,10,4,4,3,10,10,5)
(47, 47, 14, 1, 12, 57, 65, 5, 44, 58, 42, 85)
line 29: nearestNeighbour (8,6,2,9,6,5,4,5,7,9,2,2)
(47, 47, 14, 1, 12, 57, 65, 5, 44, 58, 42, 85)
line 30: kNearestNeighbour 6 (8,6,1,10,9,2,4,9,2,3,6,10)
(48, 47, 2, 16, 5, 15, 95, 88, 51, 3, 16, 46)(47, 47, 14, 1, 12, 57, 65, 5, 44, 58, 42, 85)(5, 25, 20, 83, 52, 30, 53, 20, 67, 23, 96, 35)(65, 32, 31, 63, 3, 12, 93, 23, 72, 65, 19, 55)(47, 13, 77, 95, 90, 6, 37, 38, 66, 17, 11, 62)(9, 92, 10, 83, 41, 21, 77, 51, 34, 88, 17, 36)
line 31: nearestNeighbour (7,3,4,10,7,10,5,2,4,1,2,7)
(47, 47, 14, 1, 12, 57, 65, 5, 44, 58, 42, 85)
line 32: nearestNeighbour (6,9,9,10,10,9,9,8,6,6,6,2)
(47, 47, 14, 1, 12, 57, 65, 5, 44, 58, 42, 85)
line 33: kNearestNeighbour 2 (9,3,1,8,1,3,2,1,2,6,6,10)
(47, 47, 14, 1, 12, 57, 65, 5, 44, 58, 42, 85)(48, 47, 2, 16, 5, 15, 95, 88, 51, 3, 16, 46)
line 34: kNearestNeighbour 8 (8,3,2,5,10,9,1,6,10,6,3,3)
(47, 47, 14, 1, 12, 57, 65, 5, 44, 58, 42, 85)(48, 47, 2, 16, 5, 15, 95, 88, 51, 3, 16, 46)(5, 25, 20, 83, 52, 30, 53, 20, 67, 23, 96, 35)(65, 32, 31, 63, 3, 12, 93, 23, 72, 65, 19, 55)(47, 13, 77, 95, 90, 6, 37, 38, 66, 17, 11, 62)(35, 29, 44, 70, 13, 91, 3, 2, 83, 30, 55, 94)(74, 33, 82, 79, 24, 49, 5, 58, 98, 23, 29, 36)(9, 92, 10, 83, 41, 21, 77, 51, 34, 88, 17, 36)
line 35: kNearestNeighbour 1 (4,1,5,6,5,5,4,1,7,7,5,9)
(47, 47, 14, 1, 12, 57, 65, 5, 44, 58, 42, 85)
line 36: nearestNeighbour (8,1,5,2,2,9,3,9,9,9,1,5)
(47, 47, 14, 1, 12, 57, 65, 5, 44, 58, 42, 85)
line 37: nearestNeighbour (8,7,9,4,6,1,2,4,7,5,10,2)
(47, 47, 14, 1, 12, 57, 65, 5, 44, 58, 42, 85)
line 38: nearestNeighbour (8,7,5,7,4,3,8,7,2,7,6,9)
(47, 47, 14, 1, 12, 57, 65, 5, 44, 58, 42, 85)
line 39: kNearestNeighbour 6 (4,9,2,7,9,4,9,8,2,4,5,8)
(48, 47, 2, 16, 5, 15, 95, 88, 51, 3, 16, 46)(47, 47, 14, 1, 12, 57, 65, 5, 44, 58, 42, 85)(5, 25, 20, 83, 52, 30, 53, 20, 67, 23, 96, 35)(65, 32, 31, 63, 3, 12, 93, 23, 72, 65, 19, 55)(9, 92, 10, 83, 41, 21, 77, 51, 34, 88, 17, 36)(18, 80, 79, 14, 89, 12, 34, 76, 32, 57, 34, 64)
line 40: kNearestNeighbour 3 (6,3,3,1,3,9,2,3,6,3,5,6)
(47, 47, 14, 1, 12, 57, 65, 5, 44, 58, 42, 85)(48, 47, 2, 16, 5, 15, 95, 88, 51, 3, 16, 46)(5, 25, 20, 83, 52, 30, 53, 20, 67, 23, 96, 35)
line 41: kNearestNeighbour 4 (6,6,7,6,8,10,10,1,10,9,8,4)
(47, 47, 14, 1, 12, 57, 65, 5, 44, 58, 42, 85)(48, 47, 2, 16, 5, 15, 95, 88, 51, 3, 16, 46)(5, 25, 20, 83, 52, 30, 53, 20, 67, 23, 96, 35)(65, 32, 31, 63, 3, 12, 93, 23, 72, 65, 19, 55)
line 42: kNearestNeighbour 10 (1,9,5,6,5,9,1,8,6,9,5,3)
(47, 47, 14, 1, 12, 57, 65, 5, 44, 58, 42, 85)(48, 47, 2, 16, 5, 15, 95, 88, 51, 3, 16, 46)(5, 25, 20, 83, 52, 30, 53, 20, 67, 23, 96, 35)(65, 32, 31, 63, 3, 12, 93, 23, 72, 65, 19, 55)(9, 92, 10, 83, 41, 21, 77, 51, 34, 88, 17, 36)(35, 29, 44, 70, 13, 91, 3, 2, 83, 30, 55, 94)(18, 80, 79, 14, 89, 12, 34, 76, 32, 57, 34, 64)(47, 13, 77, 95, 90, 6, 37, 38, 66, 17, 11, 62)(74, 33, 82, 79, 24, 49, 5, 58, 98, 23, 29, 36)(23, 94, 69, 53, 50, 72, 69, 20, 85, 24, 21, 31)
line 43: nearestNeighbour (10,4,3,3,7,9,4,8,4,6,2,8)
(47, 47, 14, 1, 12, 57, 65, 5, 44, 58, 42, 85)
line 44: nearestNeighbour (7,1,8,1,10,8,10,5,4,9,6,6)
(47, 47, 14, 1, 12, 57, 65, 5, 44, 58, 42, 85)
line 45: kNearestNeighbour 3 (1,5,8,10,8,3,1,9,5,1,4,4)
(48, 47, 2, 16, 5, 15, 95, 88, 51, 3, 16, 46)(47, 47, 14, 1, 12, 57, 65, 5, 44, 58, 42, 85)(5, 25, 20, 83, 52, 30, 53, 20, 67, 23, 96, 35)
line 46: nearestNeighbour (8,2,5,3,2,3,2,7,3,2,7,10)
(47, 47, 14, 1, 12, 57, 65, 5, 44, 58, 42, 85)
line 47: kNearestNeighbour 1 (10,6,3,8,10,2,7,1,6,9,1,10)
(47, 47, 14, 1, 12, 57, 65, 5, 44, 58, 42, 85)
line 48: nearestNeighbour (7,10,6,5,7,8,9,3,1,3,10,7)
(47, 47, 14, 1, 12, 57, 65, 5, 44, 58, 42, 85)
line 49: kNearestNeighbour 2 (4,9,2,10,9,5,7,8,1,8,1,2)
(48, 47, 2, 16, 5, 15, 95, 88, 51, 3, 16, 46)(47, 47, 14, 1, 12, 57, 65, 5, 44, 58, 42, 85)
line 50: kNearestNeighbour 10 (7,4,10,3,2,6,5,6,1,2,1,10)
(47, 47, 14, 1, 12, 57, 65, 5, 44, 58, 42, 85)(48, 47, 2, 16, 5, 15, 95, 88, 51, 3, 16, 46)(5, 25, 20, 83, 52, 30, 53, 20, 67, 23, 96, 35)(65, 32, 31, 63, 3, 12, 93, 23, 72, 65, 19, 55)(47, 13, 77, 95, 90, 6, 37, 38, 66, 17, 11, 62)(35, 29, 44, 70, 13, 91, 3, 2, 83, 30, 55, 94)(18, 80, 79, 14, 89, 12, 34, 76, 32, 57, 34, 64)(9, 92, 10, 83, 41, 21, 77, 51, 34, 88, 17, 36)(74, 33, 82, 79, 24, 49, 5, 58, 98, 23, 29, 36)(23, 94, 69, 53, 50, 72, 69, 20, 85, 24, 21, 31)
line 51: nearestNeighbour (1,10,5,5,3,5,2,10,7,2,3,3)
(48, 47, 2, 16, 5, 15, 95, 88, 51, 3, 16, 46)
line 52: kNearestNeighbour 6 (5,4,10,5,2,7,2,8,6,1,9,7)
(47, 47, 14, 1, 12, 57, 65, 5, 44, 58, 42, 85)(48, 47, 2, 16, 5, 15, 95, 88, 51, 3, 16, 46)(5, 25, 20, 83, 52, 30, 53, 20, 67, 23, 96, 35)(65, 32, 31, 63, 3, 12, 93, 23, 72, 65, 19, 55)(35, 29, 44, 70, 13, 91, 3, 2, 83, 30, 55, 94)(47, 13, 77, 95, 90, 6, 37, 38, 66, 17, 11, 62)
line 53: kNearestNeighbour 7 (7,6,3,4,10,9,8,2,2,3,4,2)
(47, 47, 14, 1, 12, 57, 65, 5, 44, 58, 42, 85)(48, 47, 2, 16, 5, 15, 95, 88, 51, 3, 16, 46)(5, 25, 20, 83, 52, 30, 53, 20, 67, 23, 96, 35)(65, 32, 31, 63, 3, 12, 93, 23, 72, 65, 19, 55)(9, 92, 10, 83, 41, 21, 77, 51, 34, 88, 17, 36)(47, 13, 77, 95, 90, 6, 37, 38, 66, 17, 11, 62)(18, 80, 79, 14, 89, 12, 34, 76, 32, 57, 34, 64)
line 54: nearestNeighbour (8,10,5,3,6,6,2,2,9,7,2,6)
(47, 47, 14, 1, 12, 57, 65, 5, 44, 58, 42, 85)
line 55: kNearestNeighbour 10 (9,6,8,2,10,9,1,8,9,7,2,6)
(47, 47, 14, 1, 12, 57, 65, 5, 44, 58, 42, 85)(48, 47, 2, 16, 5, 15, 95, 88, 51, 3, 16, 46)(5, 25, 20, 83, 52, 30, 53, 20, 67, 23, 96, 35)(65, 32, 31, 63, 3, 12, 93, 23, 72, 65, 19, 55)(47, 13, 77, 95, 90, 6, 37, 38, 66, 17, 11, 62)(18, 80, 79, 14, 89, 12, 34, 76, 32, 57, 34, 64)(35, 29, 44, 70, 13, 91, 3, 2, 83, 30, 55, 94)(74, 33, 82, 79, 24, 49, 5, 58, 98, 23, 29, 36)(9, 92, 10, 83, 41, 21, 77, 51, 34, 88, 17, 36)(23, 94, 69, 53, 50, 72, 69, 20, 85, 24, 21, 31)
line 56: nearestNeighbour (3,5,7,4,3,3,4,4,5,3,8,4)
(47, 47, 14, 1, 12, 57, 65, 5, 44, 58, 42, 85)
line 57: kNearestNeighbour 10 (1,6,3,6,1,1,2,10,2,6,5,9)
(47, 47, 14, 1, 12, 57, 65, 5, 44, 58, 42, 85)(48, 47, 2, 16, 5, 15, 95, 88, 51, 3, 16, 46)(5, 25, 20, 83, 52, 30, 53, 20, 67, 23, 96, 35)(65, 32, 31, 63, 3, 12, 93, 23, 72, 65, 19, 55)(9, 92, 10, 83, 41, 21, 77, 51, 34, 88, 17, 36)(18, 80, 79, 14, 89, 12, 34, 76, 32, 57, 34, 64)(47, 13, 77, 95, 90, 6, 37, 38, 66, 17, 11, 62)(35, 29, 44, 70, 13, 91, 3, 2, 83, 30, 55, 94)(74, 33, 82, 79, 24, 49, 5, 58, 98, 23, 29, 36)(23, 94, 69, 53, 50, 72, 69, 20, 85, 24, 21, 31)
line 58: kNearestNeighbour 7 (5,8,7,10,10,7,1,7,8,5,8,10)
(47, 47, 14, 1, 12, 57, 65, 5, 44, 58, 42, 85)(48, 47, 2, 16, 5, 15, 95, 88, 51, 3, 16, 46)(5, 25, 20, 83, 52, 30, 53, 20, 67, 23, 96, 35)(65, 32, 31, 63, 3, 12, 93, 23, 72, 65, 19, 55)(47, 13, 77, 95, 90, 6, 37, 38, 66, 17, 11, 62)(35, 29, 44, 70, 13, 91, 3, 2, 83, 30, 55, 94)(18, 80, 79, 14, 89, 12, 34, 76, 32, 57, 34, 64)
line 59: kNearestNeighbour 5 (8,8,7,10,8,9,7,8,5,8,10,1)
(47, 47, 14, 1, 12, 57, 65, 5, 44, 58, 42, 85)(48, 47, 2, 16, 5, 15, 95, 88, 51, 3, 16, 46)(5, 25, 20, 83, 52, 30, 53, 20, 67, 23, 96, 35)(65, 32, 31, 63, 3, 12, 93, 23, 72, 65, 19, 55)(9, 92, 10, 83, 41, 21, 77, 51, 34, 88, 17, 36)
line 60: kNearestNeighbour 7 (4,5,2,7,6,4,1,8,9,8,3,3)
(47, 47, 14, 1, 12, 57, 65, 5, 44, 58, 42, 85)(48, 47, 2, 16, 5, 15, 95, 88, 51, 3, 16, 46)(5, 25, 20, 83, 52, 30, 53, 20, 67, 23, 96, 35)(65, 32, 31, 63, 3, 12, 93, 23, 72, 65, 19, 55)(9, 92, 10, 83, 41, 21, 77, 51, 34, 88, 17, 36)(47, 13, 77, 95, 90, 6, 37, 38, 66, 17, 11, 62)(35, 29, 44, 70, 13, 91, 3, 2, 83, 30, 55, 94)
line 61: kNearestNeighbour 2 (8,10,8,9,5,8,4,10,8,1,9,8)
(47, 47, 14, 1, 12, 57, 65, 5, 44, 58, 42, 85)(48, 47, 2, 16, 5, 15, 95, 88, 51, 3, 16, 46)
line 62: nearestNeighbour (7,2,8,9,9,10,4,2,10,10,6,9)
(47, 47, 14, 1, 12, 57, 65, 5, 44, 58, 42, 85)
line 63: nearestNeighbour (2,9,8,1,8,7,8,6,3,6,5,2)
(47, 47, 14, 1, 12, 57, 65, 5, 44, 58, 42, 85)
line 64: nearestNeighbour (6,5,7,5,4,3,4,5,2,4,3,7)
(47, 47, 14, 1, 12, 57, 65, 5, 44, 58, 42, 85)
line 65: kNearestNeighbour 1 (7,5,10,9,9,8,9,1,9,10,9,6)
(47, 47, 14, 1, 12, 57, 65, 5, 44, 58, 42, 85)
line 66: kNearestNeighbour 9 (1,2,10,1,10,8,1,9,1,7,1,10)
(47, 47, 14, 1, 12, 57, 65, 5, 44, 58, 42, 85)(48, 47, 2, 16, 5, 15, 95, 88, 51, 3, 16, 46)(5, 25, 20, 83, 52, 30, 53, 20, 67, 23, 96, 35)(65, 32, 31, 63, 3, 12, 93, 23, 72, 65, 19, 55)(18, 80, 79, 14, 89, 12, 34, 76, 32, 57, 34, 64)(47, 13, 77, 95, 90, 6, 37, 38, 66, 17, 11, 62)(35, 29, 44, 70, 13, 91, 3, 2, 83, 30, 55, 94)(9, 92, 10, 83, 41, 21, 77, 51, 34, 88, 17, 36)(74, 33, 82, 79, 24, 49, 5, 58, 98, 23, 29, 36)
line 67: nearestNeighbour (2,3,9,8,5,10,3,1,4,8,3,9)
(47, 47, 14, 1, 12, 57, 65, 5, 44, 58, 42, 85)
line 68: kNearestNeighbour 8 (2,9,2,2,3,4,1,8,5,2,3,1)
(48, 47, 2, 16, 5, 15, 95, 88, 51, 3, 16, 46)(47, 47, 14, 1, 12, 57, 65, 5, 44, 58, 42, 85)(5, 25, 20, 83, 52, 30, 53, 20, 67, 23, 96, 35)(65, 32, 31, 63, 3, 12, 93, 23, 72, 65, 19, 55)(9, 92, 10, 83, 41, 21, 77, 51, 34, 88, 17, 36)(18, 80, 79, 14, 89, 12, 34, 76, 32, 57, 34, 64)(35, 29, 44, 70, 13, 91, 3, 2, 83, 30, 55, 94)(47, 13, 77, 95, 90, 6, 37, 38, 66, 17, 11, 62)
line 69: kNearestNeighbour 1 (3,2,8,3,5,7,5,3,6,10,4,4)
(47, 47, 14, 1, 12, 57, 65, 5, 44, 58, 42, 85)
line 70: kNearestNeighbour 8 (1,8,2,3,9,8,10,1,3,9,2,6)
(47, 47, 14, 1, 12, 57, 65, 5, 44, 58, 42, 85)(48, 47, 2, 16, 5, 15, 95, 88, 51, 3, 16, 46)(5, 25, 20, 83, 52, 30, 53, 20, 67, 23, 96, 35)(65, 32, 31, 63, 3, 12, 93, 23, 72, 65, 19, 55)(9, 92, 10, 83, 41, 21, 77, 51, 34, 88, 17, 36)(18, 80, 79, 14, 89, 12, 34, 76, 32, 57, 34, 64)(47, 13, 77, 95, 90, 6, 37, 38, 66, 17, 11, 62)(35, 29, 44, 70, 13, 91, 3, 2, 83, 30, 55, 94)
line 71: nearestNeighbour (1,4,5,8,5,8,1,6,5,9,5,1)
(47, 47, 14, 1, 12, 57, 65, 5, 44, 58, 42, 85)
line 72: nearestNeighbour (7,8,8,7,6,8,2,3,5,8,10,3)
(47, 47, 14, 1, 12, 57, 65, 5, 44, 58, 42, 85)
line 73: kNearestNeighbour 3 (9,2,3,2,8,10,2,6,3,1,2,5)
(47, 47, 14, 1, 12, 57, 65, 5, 44, 58, 42, 85)(48, 47, 2, 16, 5, 15, 95, 88, 51, 3, 16, 46)(5, 25, 20, 83, 52, 30, 53, 20, 67, 23, 96, 35)
line 74: kNearestNeighbour 7 (10,10,7,1,7,3,8,6,8,8,7,2)
(47, 47, 14, 1, 12, 57, 65, 5, 44, 58, 42, 85)(48, 47, 2, 16, 5, 15, 95, 88, 51, 3, 16, 46)(5, 25, 20, 83, 52, 30, 53, 20, 67, 23, 96, 35)(65, 32, 31, 63, 3, 12, 93, 23, 72, 65, 19, 55)(9, 92, 10, 83, 41, 21, 77, 51, 34, 88, 17, 36)(18, 80, 79, 14, 89, 12, 34, 76, 32, 57, 34, 64)(47, 13, 77, 95, 90, 6, 37, 38, 66, 17, 11, 62)
line 75: kNearestNeighbour 4 (9,5,3,9,9,6,10,2,3,1,7,7)
(47, 47, 14, 1, 12, 57, 65, 5, 44, 58, 42, 85)(48, 47, 2, 16, 5, 15, 95, 88, 51, 3, 16, 46)(5, 25, 20, 83, 52, 30, 53, 20, 67, 23, 96, 35)(65, 32, 31, 63, 3, 12, 93, 23, 72, 65, 19, 55)
line 76: kNearestNeighbour 8 (9,10,4,6,9,4,10,1,6,5,9,3)
(47, 47, 14, 1, 12, 57, 65, 5, 44, 58, 42, 85)(48, 47, 2, 16, 5, 15, 95, 88, 51, 3, 16, 46)(5, 25, 20, 83, 52, 30, 53, 20, 67, 23, 96, 35)(65, 32, 31, 63, 3, 12, 93, 23, 72, 65, 19, 55)(9, 92, 10, 83, 41, 21, 77, 51, 34, 88, 17, 36)(47, 13, 77, 95, 90, 6, 37, 38, 66, 17, 11, 62)(18, 80, 79, 14, 89, 12, 34, 76, 32, 57, 34, 64)(35, 29, 44, 70, 13, 91, 3, 2, 83, 30, 55, 94)
line 77: kNearestNeighbour 2 (5,6,7,6,2,4,4,2,10,8,3,7)
(47, 47, 14, 1, 12, 57, 65, 5, 44, 58, 42, 85)(48, 47, 2, 16, 5, 15, 95, 88, 51, 3, 16, 46)
line 78: nearestNeighbour (8,6,4,2,4,7,3,4,1,5,1,9)
(47, 47, 14, 1, 12, 57, 65, 5, 44, 58, 42, 85)
line 79: kNearestNeighbour 6 (8,10,9,2,2,4,7,4,9,8,3,3)
(47, 47, 14, 1, 12, 57, 65, 5, 44, 58, 42, 85)(48, 47, 2, 16, 5, 15, 95, 88, 51, 3, 16, 46)(5, 25, 20, 83, 52, 30, 53, 20, 67, 23, 96, 35)(65, 32, 31, 63, 3, 12, 93, 23, 72, 65, 19, 55)(9, 92, 10, 83, 41, 21, 77, 51, 34, 88, 17, 36)(18, 80, 79, 14, 89, 12, 34, 76, 32, 57, 34, 64)
line 80: nearestNeighbour (4,3,4,2,9,4,9,3,6,4,7,9)
(47, 47, 14, 1, 12, 57, 65, 5, 44, 58, 42, 85)
line 81: nearestNeighbour (7,2,3,5,2,10,1,8,7,8,5,1)
(47, 47, 14, 1, 12, 57, 65, 5, 44, 58, 42, 85)
line 82: nearestNeighbour (3,6,7,7,7,2,7,7,8,4,6,4)
(48, 47, 2, 16, 5, 15, 95, 88, 51, 3, 16, 46)
line 83: kNearestNeighbour 6 (6,1,5,5,6,7,4,4,9,10,8,5)
(47, 47, 14, 1, 12, 57, 65, 5, 44, 58, 42, 85)(48, 47, 2, 16, 5, 15, 95, 88, 51, 3, 16, 46)(5, 25, 20, 83, 52, 30, 53, 20, 67, 23, 96, 35)(65, 32, 31, 63, 3, 12, 93, 23, 72, 65, 19, 55)(35, 29, 44, 70, 13, 91, 3, 2, 83, 30, 55, 94)(47, 13, 77, 95, 90, 6, 37, 38, 66, 17, 11, 62)
line 84: nearestNeighbour (7,2,8,9,1,10,4,1,1,2,1,4)
(47, 47, 14, 1, 12, 57, 65, 5, 44, 58, 42, 85)
line 85: nearestNeighbour (6,6,8,4,5,3,1,5,9,1,2,6)
(47, 47, 14, 1, 12, 57, 65, 5, 44, 58, 42, 85)
line 86: kNearestNeighbour 2 (10,10,4,7,8,9,6,4,1,8,7,9)
(47, 47, 14, 1, 12, 57, 65, 5, 44, 58, 42, 85)(48, 47, 2, 16, 5, 15, 95, 88, 51, 3, 16, 46)
line 87: nearestNeighbour (7,3,2,8,8,9,4,4,5,3,1,8)
(47, 47, 14, 1, 12, 57, 65, 5, 44, 58, 42, 85)
line 88: kNearestNeighbour 4 (10,8,6,1,5,8,10,7,1,9,3,9)
(47, 47, 14, 1, 12, 57, 65, 5, 44, 58, 42, 85)(48, 47, 2, 16, 5, 15, 95, 88, 51, 3, 16, 46)(65, 32, 31, 63, 3, 12, 93, 23, 72, 65, 19, 55)(5, 25, 20, 83, 52, 30, 53, 20, 67, 23, 96, 35)
line 89: kNearestNeighbour 8 (8,7,3,8,8,6,6,4,2,7,9,10)
(47, 47, 14, 1, 12, 57, 65, 5, 44, 58, 42, 85)(48, 47, 2, 16, 5, 15, 95, 88, 51, 3, 16, 46)(5, 25, 20, 83, 52, 30, 53, 20, 67, 23, 96, 35)(65, 32, 31, 63, 3, 12, 93, 23, 72, 65, 19, 55)(9, 92, 10, 83, 41, 21, 77, 51, 34, 88, 17, 36)(35, 29, 44, 70, 13, 91, 3, 2, 83, 30, 55, 94)(47, 13, 77, 95, 90, 6, 37, 38, 66, 17, 11, 62)(18, 80, 79, 14, 89, 12, 34, 76, 32, 57, 34, 64)
line 90: kNearestNeighbour 1 (2,3,8,6,6,7,4,1,6,10,2,6)
(47, 47, 14, 1, 12, 57, 65, 5, 44, 58, 42, 85)
line 91: kNearestNeighbour 6 (8,10,6,10,4,3,3,10,7,1,1,7)
(48, 47, 2, 16, 5, 15, 95, 88, 51, 3, 16, 46)(47, 47, 14, 1, 12, 57, 65, 5, 44, 58, 42, 85)(5, 25, 20, 83, 52, 30, 53, 20, 67, 23, 96, 35)(65, 32, 31, 63, 3, 12, 93, 23, 72, 65, 19, 55)(47, 13, 77, 95, 90, 6, 37, 38, 66, 17, 11, 62)(9, 92, 10, 83, 41, 21, 77, 51, 34, 88, 17, 36)
line 92: kNearestNeighbour 3 (6,2,6,5,5,8,8,4,5,1,5,1)
(47, 47, 14, 1, 12, 57, 65, 5, 44, 58, 42, 85)(48, 47, 2, 16, 5, 15, 95, 88, 51, 3, 16, 46)(5, 25, 20, 83, 52, 30, 53, 20, 67, 23, 96, 35)
line 93: nearestNeighbour (9,5,8,5,9,9,2,3,3,10,7,2)
(47, 47, 14, 1, 12, 57, 65, 5, 44, 58, 42, 85)
line 94: nearestNeighbour (5,1,1,4,10,2,6,3,1,7,4,2)
(47, 47, 14, 1, 12, 57, 65, 5, 44, 58, 42, 85)
line 95: nearestNeighbour (8,10,1,2,10,9,5,2,10,4,2,7)
(47, 47, 14, 1, 12, 57, 65, 5, 44, 58, 42, 85)
line 96: nearestNeighbour (4,10,7,2,6,6,9,7,7,3,7,4)
(47, 47, 14, 1, 12, 57, 65, 5, 44, 58, 42, 85)
line 97: nearestNeighbour (4,3,1,4,10,8,4,1,2,10,5,6)
(47, 47, 14, 1, 12, 57, 65, 5, 44, 58, 42, 85)
line 98: kNearestNeighbour 3 (10,8,4,7,3,6,5,4,8,5,6,2)
(47, 47, 14, 1, 12, 57, 65, 5, 44, 58, 42, 85)(48, 47, 2, 16, 5, 15, 95, 88, 51, 3, 16, 46)(5, 25, 20, 83, 52, 30, 53, 20, 67, 23, 96, 35)
line 99: nearestNeighbour (4,7,7,4,8,9,9,8,5,6,3,4)
(47, 47, 14, 1, 12, 57, 65, 5, 44, 58, 42, 85)
line 100: kNearestNeighbour 6 (9,8,8,10,10,3,6,4,5,2,7,3)
(47, 47, 14, 1, 12, 57, 65, 5, 44, 58, 42, 85)(48, 47, 2, 16, 5, 15, 95, 88, 51, 3, 16, 46)(5, 25, 20, 83, 52, 30, 53, 20, 67, 23, 96, 35)(65, 32, 31, 63, 3, 12, 93, 23, 72, 65, 19, 55)(47, 13, 77, 95, 90, 6, 37, 38, 66, 17, 11, 62)(9, 92, 10, 83, 41, 21, 77, 51, 34, 88, 17, 36)
line 101: kNearestNeighbour 9 (2,7,2,5,7,3,5,3,5,5,4,10)
(47, 47, 14, 1, 12, 57, 65, 5, 44, 58, 42, 85)(48, 47, 2, 16, 5, 15, 95, 88, 51, 3, 16, 46)(5, 25, 20, 83, 52, 30, 53, 20, 67, 23, 96, 35)(65, 32, 31, 63, 3, 12, 93, 23, 72, 65, 19, 55)(9, 92, 10, 83, 41, 21, 77, 51, 34, 88, 17, 36)(47, 13, 77, 95, 90, 6, 37, 38, 66, 17, 11, 62)(35, 29, 44, 70, 13, 91, 3, 2, 83, 30, 55, 94)(18, 80, 79, 14, 89, 12, 34, 76, 32, 57, 34, 64)(23, 94, 69, 53, 50, 72, 69, 20, 85, 24, 21, 31)
line 102: nearestNeighbour (9,10,9,4,8,8,9,9,8,5,2,6)
(47, 47, 14, 1, 12, 57, 65, 5, 44, 58, 42, 85)
line 103: nearestNeighbour (10,3,5,9,4,2,9,3,7,6,10,8)
(47, 47, 14, 1, 12, 57, 65, 5, 44, 58, 42, 85)
line 104: kNearestNeighbour 3 (2,9,10,10,9,1,3,1,1,1,2,4)
(47, 47, 14, 1, 12, 57, 65, 5, 44, 58, 42, 85)(48, 47, 2, 16, 5, 15, 95, 88, 51, 3, 16, 46)(5, 25, 20, 83, 52, 30, 53, 20, 67, 23, 96, 35)
line 105: nearestNeighbour (9,3,4,3,2,6,2,3,4,8,2,4)
(47, 47, 14, 1, 12, 57, 65, 5, 44, 58, 42, 85)
line 106: kNearestNeighbour 3 (4,5,4,6,7,9,3,8,5,5,5,3)
(47, 47, 14, 1, 12, 57, 65, 5, 44, 58, 42, 85)(48, 47, 2, 16, 5, 15, 95, 88, 51, 3, 16, 46)(5, 25, 20, 83, 52, 30, 53, 20, 67, 23, 96, 35)
line 107: nearestNeighbour (4,6,2,2,1,7,1,9,7,7,8,3)
(47, 47, 14, 1, 12, 57, 65, 5, 44, 58, 42, 85)
line 108: kNearestNeighbour 8 (3,1,4,4,1,1,9,5,2,7,9,2)
(47, 47, 14, 1, 12, 57, 65, 5, 44, 58, 42, 85)(48, 47, 2, 16, 5, 15, 95, 88, 51, 3, 16, 46)(5, 25, 20, 83, 52, 30, 53, 20, 67, 23, 96, 35)(65, 32, 31, 63, 3, 12, 93, 23, 72, 65, 19, 55)(9, 92, 10, 83, 41, 21, 77, 51, 34, 88, 17, 36)(47, 13, 77, 95, 90, 6, 37, 38, 66, 17, 11, 62)(18, 80, 79, 14, 89, 12, 34, 76, 32, 57, 34, 64)(35, 29, 44, 70, 13, 91, 3, 2, 83, 30, 55, 94)
line 109: nearestNeighbour (7,3,1,10,7,9,9,7,7,4,6,7)
(47, 47, 14, 1, 12, 57, 65, 5, 44, 58, 42, 85)
line 110: nearestNeighbour (6,4,5,1,4,7,7,2,3,8,9,2)
(47, 47, 14, 1, 12, 57, 65, 5, 44, 58, 42, 85)
line 111: kNearestNeighbour 3 (5,4,10,9,1,3,1,10,10,8,1,7)
(47, 47, 14, 1, 12, 57, 65, 5, 44, 58, 42, 85)(48, 47, 2, 16, 5, 15, 95, 88, 51, 3, 16, 46)(5, 25, 20, 83, 52, 30, 53, 20, 67, 23, 96, 35)
line 112: kNearestNeighbour 10 (5,4,8,6,7,1,9,7,5,2,5,6)
(48, 47, 2, 16, 5, 15, 95, 88, 51, 3, 16, 46)(47, 47, 14, 1, 12, 57, 65, 5, 44, 58, 42, 85)(5, 25, 20, 83, 52, 30, 53, 20, 67, 23, 96, 35)(65, 32, 31, 63, 3, 12, 93, 23, 72, 65, 19, 55)(47, 13, 77, 95, 90, 6, 37, 38, 66, 17, 11, 62)(9, 92, 10, 83, 41, 21, 77, 51, 34, 88, 17, 36)(18, 80, 79, 14, 89, 12, 34, 76, 32, 57, 34, 64)(74, 33, 82, 79, 24, 49, 5, 58, 98, 23, 29, 36)(35, 29, 44, 70, 13, 91, 3, 2, 83, 30, 55, 94)(23, 94, 69, 53, 50, 72, 69, 20, 85, 24, 21, 31)
line 113: kNearestNeighbour 8 (4,2,7,9,4,1,5,7,3,4,4,9)
(47, 47, 14, 1, 12, 57, 65, 5, 44, 58, 42, 85)(48, 47, 2, 16, 5, 15, 95, 88, 51, 3, 16, 46)(5, 25, 20, 83, 52, 30, 53, 20, 67, 23, 96, 35)(65, 32, 31, 63, 3, 12, 93, 23, 72, 65, 19, 55)(47, 13, 77, 95, 90, 6, 37, 38, 66, 17, 11, 62)(9, 92, 10, 83, 41, 21, 77, 51, 34, 88, 17, 36)(35, 29, 44, 70, 13, 91, 3, 2, 83, 30, 55, 94)(18, 80, 79, 14, 89, 12, 34, 76, 32, 57, 34, 64)
line 114: kNearestNeighbour 6 (10,8,3,3,6,5,6,10,4,4,8,10)
(47, 47, 14, 1, 12, 57, 65, 5, 44, 58, 42, 85)(48, 47, 2, 16, 5, 15, 95, 88, 51, 3, 16, 46)(5, 25, 20, 83, 52, 30, 53, 20, 67, 23, 96, 35)(65, 32, 31, 63, 3, 12, 93, 23, 72, 65, 19, 55)(18, 80, 79, 14, 89, 12, 34, 76, 32, 57, 34, 64)(9, 92, 10, 83, 41, 21, 77, 51, 34, 88, 17, 36)
line 115: nearestNeighbour (5,7,4,9,7,10,5,1,7,10,8,8)
(47, 47, 14, 1, 12, 57, 65, 5, 44, 58, 42, 85)
line 116: nearestNeighbour (3,5,9,3,8,4,9,1,4,8,4,5)
(47, 47, 14, 1, 12, 57, 65, 5, 44, 58, 42, 85)
line 117: nearestNeighbour (5,7,7,6,1,4,3,6,3,6,2,3)
(47, 47, 14, 1, 12, 57, 65, 5, 44, 58, 42, 85)
line 118: kNearestNeighbour 1 (4,8,6,10,6,6,9,1,6,2,9,1)
(47, 47, 14, 1, 12, 57, 65, 5, 44, 58, 42, 85)
line 119: kNearestNeighbour 3 (6,5,4,8,7,2,8,7,4,9,2,9)
(47, 47, 14, 1, 12, 57, 65, 5, 44, 58, 42, 85)(48, 47, 2, 16, 5, 15, 95, 88, 51, 3, 16, 46)(5, 25, 20, 83, 52, 30, 53, 20, 67, 23, 96, 35)
line 120: kNearestNeighbour 1 (3,10,3,8,1,2,2,2,9,8,5,1)
(47, 47, 14, 1, 12, 57, 65, 5, 44, 58, 42, 85)
line 121: nearestNeighbour (7,5,9,4,5,1,2,5,7,4,1,3)
(47, 47, 14, 1, 12, 57, 65, 5, 44, 58, 42, 85)
line 122: nearestNeighbour (3,9,2,8,10,4,8,6,1,9,5,6)
(47, 47, 14, 1, 12, 57, 65, 5, 44, 58, 42, 85)
line 123: nearestNeighbour (6,10,2,1,8,7,10,6,8,9,7,6)
(47, 47, 14, 1, 12, 57, 65, 5, 44, 58, 42, 85)
line 124: nearestNeighbour (1,2,4,9,9,8,1,6,5,7,8,1)
(47, 47, 14, 1, 12, 57, 65, 5, 44, 58, 42, 85)
line 125: nearestNeighbour (10,6,1,8,10,2,8,8,4,1,4,10)
(48, 47, 2, 16, 5, 15, 95, 88, 51, 3, 16, 46)
line 126: nearestNeighbour (2,7,7,7,10,9,4,9,1,10,1,7)
(47, 47, 14, 1, 12, 57, 65, 5, 44, 58, 42, 85)
line 127: kNearestNeighbour 5 (1,2,7,4,5,5,7,3,8,4,2,8)
(47, 47, 14, 1, 12, 57, 65, 5, 44, 58, 42, 85)(48, 47, 2, 16, 5, 15, 95, 88, 51, 3, 16, 46)(5, 25, 20, 83, 52, 30, 53, 20, 67, 23, 96, 35)(65, 32, 31, 63, 3, 12, 93, 23, 72, 65, 19, 55)(47, 13, 77, 95, 90, 6, 37, 38, 66, 17, 11, 62)
line 128: nearestNeighbour (10,4,8,10,9,3,9,10,4,7,3,9)
(48, 47, 2, 16, 5, 15, 95, 88, 51, 3, 16, 46)
line 129: nearestNeighbour (2,2,7,10,10,1,7,2,6,4,9,5)
(47, 47, 14, 1, 12, 57, 65, 5, 44, 58, 42, 85)
line 130: kNearestNeighbour 3 (9,6,10,7,6,9,4,4,1,3,1,3)
(47, 47, 14, 1, 12, 57, 65, 5, 44, 58, 42, 85)(48, 47, 2, 16, 5, 15, 95, 88, 51, 3, 16, 46)(5, 25, 20, 83, 52, 30, 53, 20, 67, 23, 96, 35)
line 131: nearestNeighbour (7,2,10,10,4,9,5,1,10,4,5,4)
(47, 47, 14, 1, 12, 57, 65, 5, 44, 58, 42, 85)
line 132: nearestNeighbour (1,9,2,2,1,10,7,1,4,4,3,2)
(47, 47, 14, 1, 12, 57, 65, 5, 44, 58, 42, 85)
line 133: nearestNeighbour (8,2,5,9,2,10,3,3,1,3,10,6)
(47, 47, 14, 1, 12, 57, 65, 5, 44, 58, 42, 85)
line 134: kNearestNeighbour 8 (4,4,5,3,5,6,2,9,1,10,10,8)
(47, 47, 14, 1, 12, 57, 65, 5, 44, 58, 42, 85)(48, 47, 2, 16, 5, 15, 95, 88, 51, 3, 16, 46)(5, 25, 20, 83, 52, 30, 53, 20, 67, 23, 96, 35)(65, 32, 31, 63, 3, 12, 93, 23, 72, 65, 19, 55)(18, 80, 79, 14, 89, 12, 34, 76, 32, 57, 34, 64)(9, 92, 10, 83, 41, 21, 77, 51, 34, 88, 17, 36)(35, 29, 44, 70, 13, 91, 3, 2, 83, 30, 55, 94)(47, 13, 77, 95, 90, 6, 37, 38, 66, 17, 11, 62)
line 135: nearestNeighbour (1,2,1,1,4,9,10,9,3,2,9,8)
(47, 47, 14, 1, 12, 57, 65, 5, 44, 58, 42, 85)
line 136: kNearestNeighbour 6 (8,7,5,5,3,8,2,10,3,3,9,9)
(47, 47, 14, 1, 12, 57, 65, 5, 44, 58, 42, 85)(48, 47, 2, 16, 5, 15, 95, 88, 51, 3, 16, 46)(5, 25, 20, 83, 52, 30, 53, 20, 67, 23, 96, 35)(65, 32, 31, 63, 3, 12, 93, 23, 72, 65, 19, 55)(35, 29, 44, 70, 13, 91, 3, 2, 83, 30, 55, 94)(18, 80, 79, 14, 89, 12, 34, 76, 32, 57, 34, 64)
line 137: nearestNeighbour (7,1,2,1,6,2,1,9,9,5,2,8)
(47, 47, 14, 1, 12, 57, 65, 5, 44, 58, 42, 85)
line 138: nearestNeighbour (6,7,9,7,6,10,2,2,2,7,5,10)
(47, 47, 14, 1, 12, 57, 65, 5, 44, 58, 42, 85)
line 139: kNearestNeighbour 2 (6,9,6,6,6,10,4,2,3,2,2,9)
(47, 47, 14, 1, 12, 57, 65, 5, 44, 58, 42, 85)(48, 47, 2, 16, 5, 15, 95, 88, 51, 3, 16, 46)
line 140: nearestNeighbour (9,3,10,8,2,7,8,7,1,7,10,5)
(47, 47, 14, 1, 12, 57, 65, 5, 44, 58, 42, 85)
line 141: kNearestNeighbour 10 (5,10,6,9,4,6,9,6,4,1,5,6)
(48, 47, 2, 16, 5, 15, 95, 88, 51, 3, 16, 46)(47, 47, 14, 1, 12, 57, 65, 5, 44, 58, 42, 85)(5, 25, 20, 83, 52, 30, 53, 20, 67, 23, 96, 35)(65, 32, 31, 63, 3, 12, 93, 23, 72, 65, 19, 55)(9, 92, 10, 83, 41, 21, 77, 51, 34, 88, 17, 36)(47, 13, 77, 95, 90, 6, 37, 38, 66, 17, 11, 62)(35, 29, 44, 70, 13, 91, 3, 2, 83, 30, 55, 94)(18, 80, 79, 14, 89, 12, 34, 76, 32, 57, 34, 64)(23, 94, 69, 53, 50, 72, 69, 20, 85, 24, 21, 31)(74, 33, 82, 79, 24, 49, 5, 58, 98, 23, 29, 36)
line 142: kNearestNeighbour 9 (3,2,5,10,6,8,8,2,6,8,6,2)
(47, 47, 14, 1, 12, 57, 65, 5, 44, 58, 42, 85)(48, 47, 2, 16, 5, 15, 95, 88, 51, 3, 16, 46)(5, 25, 20, 83, 52, 30, 53, 20, 67, 23, 96, 35)(65, 32, 31, 63, 3, 12, 93, 23, 72, 65, 19, 55)(9, 92, 10, 83, 41, 21, 77, 51, 34, 88, 17, 36)(47, 13, 77, 95, 90, 6, 37, 38, 66, 17, 11, 62)(35, 29, 44, 70, 13, 91, 3, 2, 83, 30, 55, 94)(74, 33, 82, 79, 24, 49, 5, 58, 98, 23, 29, 36)(23, 94, 69, 53, 50, 72, 69, 20, 85, 24, 21, 31)
line 143: nearestNeighbour (8,1,6,1,2,10,8,8,8,4,9,4)
(47, 47, 14, 1, 12, 57, 65, 5, 44, 58, 42, 85)
line 144: kNearestNeighbour 5 (9,2,2,3,9,8,9,9,3,1,1,8)
(48, 47, 2, 16, 5, 15, 95, 88, 51, 3, 16, 46)(47, 47, 14, 1, 12, 57, 65, 5, 44, 58, 42, 85)(5, 25, 20, 83, 52, 30, 53, 20, 67, 23, 96, 35)(65, 32, 31, 63, 3, 12, 93, 23, 72, 65, 19, 55)(47, 13, 77, 95, 90, 6, 37, 38, 66, 17, 11, 62)
line 145: kNearestNeighbour 7 (8,3,5,7,6,1,7,2,3,2,3,7)
(47, 47, 14, 1, 12, 57, 65, 5, 44, 58, 42, 85)(48, 47, 2, 16, 5, 15, 95, 88, 51, 3, 16, 46)(5, 25, 20, 83, 52, 30, 53, 20, 67, 23, 96, 35)(65, 32, 31, 63, 3, 12, 93, 23, 72, 65, 19, 55)(47, 13, 77, 95, 90, 6, 37, 38, 66, 17, 11, 62)(9, 92, 10, 83, 41, 21, 77, 51, 34, 88, 17, 36)(35, 29, 44, 70, 13, 91, 3, 2, 83, 30, 55, 94)
line 146: nearestNeighbour (3,7,5,8,1,6,5,8,10,9,1,6)
(47, 47, 14, 1, 12, 57, 65, 5, 44, 58, 42, 85)
line 147: nearestNeighbour (2,7,7,1,5,5,1,2,5,9,10,2)
(47, 47, 14, 1, 12, 57, 65, 5, 44, 58, 42, 85)
line 148: nearestNeighbour (10,6,9,6,10,6,1,6,10,2,9,6)
(47, 47, 14, 1, 12, 57, 65, 5, 44, 58, 42, 85)
line 149: kNearestNeighbour 6 (4,7,3,10,2,10,9,10,9,6,4,6)
(48, 47, 2, 16, 5, 15, 95, 88, 51, 3, 16, 46)(47, 47, 14, 1, 12, 57, 65, 5, 44, 58, 42, 85)(5, 25, 20, 83, 52, 30, 53, 20, 67, 23, 96, 35)(65, 32, 31, 63, 3, 12, 93, 23, 72, 65, 19, 55)(9, 92, 10, 83, 41, 21, 77, 51, 34, 88, 17, 36)(35, 29, 44, 70, 13, 91, 3, 2, 83, 30, 55, 94)
line 150: kNearestNeighbour 3 (2,5,6,8,7,3,10,5,6,3,10,4)
(47, 47, 14, 1, 12, 57, 65, 5, 44, 58, 42, 85)(48, 47, 2, 16, 5, 15, 95, 88, 51, 3, 16, 46)(5, 25, 20, 83, 52, 30, 53, 20, 67, 23, 96, 35)
line 151: nearestNeighbour (7,5,10,5,7,9,2,7,1,10,10,10)
(47, 47, 14, 1, 12, 57, 65, 5, 44, 58, 42, 85)
line 152: kNearestNeighbour 10 (9,10,10,9,8,3,3,3,5,9,1,4)
(47, 47, 14, 1, 12, 57, 65, 5, 44, 58, 42, 85)(48, 47, 2, 16, 5, 15, 95, 88, 51, 3, 16, 46)(5, 25, 20, 83, 52, 30, 53, 20, 67, 23, 96, 35)(65, 32, 31, 63, 3, 12, 93, 23, 72, 65, 19, 55)(47, 13, 77, 95, 90, 6, 37, 38, 66, 17, 11, 62)(9, 92, 10, 83, 41, 21, 77, 51, 34, 88, 17, 36)(18, 80, 79, 14, 89, 12, 34, 76, 32, 57, 34, 64)(74, 33, 82, 79, 24, 49, 5, 58, 98, 23, 29, 36)(35, 29, 44, 70, 13, 91, 3, 2, 83, 30, 55, 94)(23, 94, 69, 53, 50, 72, 69, 20, 85, 24, 21, 31)
line 153: kNearestNeighbour 2 (3,1,10,6,6,9,10,4,2,6,5,9)
(47, 47, 14, 1, 12, 57, 65, 5, 44, 58, 42, 85)(48, 47, 2, 16, 5, 15, 95, 88, 51, 3, 16, 46)
line 154: nearestNeighbour (4,1,2,6,10,8,10,4,9,7,6,3)
(47, 47, 14, 1, 12, 57, 65, 5, 44, 58, 42, 85)
line 155: nearestNeighbour (9,4,7,1,10,5,9,9,4,1,2,9)
(48, 47, 2, 16, 5, 15, 95, 88, 51, 3, 16, 46)
line 156: nearestNeighbour (1,7,6,3,10,2,1,4,2,7,6,2)
(47, 47, 14, 1, 12, 57, 65, 5, 44, 58, 42, 85)
line 157: nearestNeighbour (1,1,9,8,7,8,10,5,1,9,8,6)
(47, 47, 14, 1, 12, 57, 65, 5, 44, 58, 42, 85)
line 158: kNearestNeighbour 1 (7,10,5,5,8,4,7,2,9,2,10,3)
(47, 47, 14, 1, 12, 57, 65, 5, 44, 58, 42, 85)
line 159: nearestNeighbour (2,6,6,4,9,7,2,4,9,2,2,9)
(47, 47, 14, 1, 12, 57, 65, 5, 44, 58, 42, 85)
line 160: nearestNeighbour (8,6,2,8,3,6,8,6,9,2,7,5)
(48, 47, 2, 16, 5, 15, 95, 88, 51, 3, 16, 46)
line 161: kNearestNeighbour 7 (1,3,9,9,4,2,6,5,8,5,2,8)
(47, 47, 14, 1, 12, 57, 65, 5, 44, 58, 42, 85)(48, 47, 2, 16, 5, 15, 95, 88, 51, 3, 16, 46)(5, 25, 20, 83, 52, 30, 53, 20, 67, 23, 96, 35)(65, 32, 31, 63, 3, 12, 93, 23, 72, 65, 19, 55)(47, 13, 77, 95, 90, 6, 37, 38, 66, 17, 11, 62)(9, 92, 10, 83, 41, 21, 77, 51, 34, 88, 17, 36)(35, 29, 44, 70, 13, 91, 3, 2, 83, 30, 55, 94)
line 162: nearestNeighbour (3,7,3,4,7,4,9,3,9,4,4,2)
(47, 47, 14, 1, 12, 57, 65, 5, 44, 58, 42, 85)
line 163: nearestNeighbour (5,6,5,10,8,10,4,6,1,1,3,8)
(47, 47, 14, 1, 12, 57, 65, 5, 44, 58, 42, 85)
line 164: kNearestNeighbour 6 (5,9,9,6,5,8,1,1,3,3,3,10)
(47, 47, 14, 1, 12, 57, 65, 5, 44, 58, 42, 85)(48, 47, 2, 16, 5, 15, 95, 88, 51, 3, 16, 46)(5, 25, 20, 83, 52, 30, 53, 20, 67, 23, 96, 35)(65, 32, 31, 63, 3, 12, 93, 23, 72, 65, 19, 55)(35, 29, 44, 70, 13, 91, 3, 2, 83, 30, 55, 94)(47, 13, 77, 95, 90, 6, 37, 38, 66, 17, 11, 62)
line 165: kNearestNeighbour 4 (6,5,8,10,4,8,6,10,9,6,7,3)
(48, 47, 2, 16, 5, 15, 95, 88, 51, 3, 16, 46)(47, 47, 14, 1, 12, 57, 65, 5, 44, 58, 42, 85)(5, 25, 20, 83, 52, 30, 53, 20, 67, 23, 96, 35)(65, 32, 31, 63, 3, 12, 93, 23, 72, 65, 19, 55)
line 166: kNearestNeighbour 3 (8,9,8,7,10,1,2,4,5,10,9,10)
(47, 47, 14, 1, 12, 57, 65, 5, 44, 58, 42, 85)(48, 47, 2, 16, 5, 15, 95, 88, 51, 3, 16, 46)(5, 25, 20, 83, 52, 30, 53, 20, 67, 23, 96, 35)
line 167: kNearestNeighbour 9 (8,2,6,6,3,4,9,4,6,9,2,9)
(47, 47, 14, 1, 12, 57, 65, 5, 44, 58, 42, 85)(48, 47, 2, 16, 5, 15, 95, 88, 51, 3, 16, 46)(5, 25, 20, 83, 52, 30, 53, 20, 67, 23, 96, 35)(65, 32, 31, 63, 3, 12, 93, 23, 72, 65, 19, 55)(9, 92, 10, 83, 41, 21, 77, 51, 34, 88, 17, 36)(47, 13, 77, 95, 90, 6, 37, 38, 66, 17, 11, 62)(35, 29, 44, 70, 13, 91, 3, 2, 83, 30, 55, 94)(18, 80, 79, 14, 89, 12, 34, 76, 32, 57, 34, 64)(74, 33, 82, 79, 24, 49, 5, 58, 98, 23, 29, 36)
line 168: nearestNeighbour (8,3,5,10,9,3,10,2,6,9,1,10)
(47, 47, 14, 1, 12, 57, 65, 5, 44, 58, 42, 85)
line 169: nearestNeighbour (6,3,9,5,4,6,7,9,1,2,9,4)
(48, 47, 2, 16, 5, 15, 95, 88, 51, 3, 16, 46)
line 170: kNearestNeighbour 3 (10,2,6,2,4,9,9,3,9,7,4,8)
(47, 47, 14, 1, 12, 57, 65, 5, 44, 58, 42, 85)(48, 47, 2, 16, 5, 15, 95, 88, 51, 3, 16, 46)(5, 25, 20, 83, 52, 30, 53, 20, 67, 23, 96, 35)
line 171: nearestNeighbour (4,8,10,2,2,9,3,1,10,9,10,8)
(47, 47, 14, 1, 12, 57, 65, 5, 44, 58, 42, 85)
line 172: kNearestNeighbour 9 (9,10,10,5,3,6,3,5,3,6,7,10)
(47, 47, 14, 1, 12, 57, 65, 5, 44, 58, 42, 85)(48, 47, 2, 16, 5, 15, 95, 88, 51, 3, 16, 46)(5, 25, 20, 83, 52, 30, 53, 20, 67, 23, 96, 35)(65, 32, 31, 63, 3, 12, 93, 23, 72, 65, 19, 55)(35, 29, 44, 70, 13, 91, 3, 2, 83, 30, 55, 94)(18, 80, 79, 14, 89, 12, 34, 76, 32, 57, 34, 64)(9, 92, 10, 83, 41, 21, 77, 51, 34, 88, 17, 36)(47, 13, 77, 95, 90, 6, 37, 38, 66, 17, 11, 62)(74, 33, 82, 79, 24, 49, 5, 58, 98, 23, 29, 36)
line 173: kNearestNeighbour 10 (6,2,9,7,10,1,3,6,2,3,6,10)
(47, 47, 14, 1, 12, 57, 65, 5, 44, 58, 42, 85)(48, 47, 2, 16, 5, 15, 95, 88, 51, 3, 16, 46)(5, 25, 20, 83, 52, 30, 53, 20, 67, 23, 96, 35)(65, 32, 31, 63, 3, 12, 93, 23, 72, 65, 19, 55)(47, 13, 77, 95, 90, 6, 37, 38, 66, 17, 11, 62)(18, 80, 79, 14, 89, 12, 34, 76, 32, 57, 34, 64)(35, 29, 44, 70, 13, 91, 3, 2, 83, 30, 55, 94)(9, 92, 10, 83, 41, 21, 77, 51, 34, 88, 17, 36)(74, 33, 82, 79, 24, 49, 5, 58, 98, 23, 29, 36)(23, 94, 69, 53, 50, 72, 69, 20, 85, 24, 21, 31)
line 174: nearestNeighbour (3,2,3,6,4,2,3,7,1,5,3,1)
(48, 47, 2, 16, 5, 15, 95, 88, 51, 3, 16, 46)
line 175: kNearestNeighbour 8 (2,6,4,7,1,3,7,1,7,6,2,7)
(47, 47, 14, 1, 12, 57, 65, 5, 44, 58, 42, 85)(48, 47, 2, 16, 5, 15, 95, 88, 51, 3, 16, 46)(5, 25, 20, 83, 52, 30, 53, 20, 67, 23, 96, 35)(65, 32, 31, 63, 3, 12, 93, 23, 72, 65, 19, 55)(9, 92, 10, 83, 41, 21, 77, 51, 34, 88, 17, 36)(35, 29, 44, 70, 13, 91, 3, 2, 83, 30, 55, 94)(47, 13, 77, 95, 90, 6, 37, 38, 66, 17, 11, 62)(18, 80, 79, 14, 89, 12, 34, 76, 32, 57, 34, 64)
line 176: nearestNeighbour (8,5,1,8,3,10,8,5,3,3,7,10)
(47, 47, 14, 1, 12, 57, 65, 5, 44, 58, 42, 85)
line 177: kNearestNeighbour 5 (7,10,1,8,7,2,6,3,2,7,7,4)
(47, 47, 14, 1, 12, 57, 65, 5, 44, 58, 42, 85)(48, 47, 2, 16, 5, 15, 95, 88, 51, 3, 16, 46)(5, 25, 20, 83, 52, 30, 53, 20, 67, 23, 96, 35)(65, 32, 31, 63, 3, 12, 93, 23, 72, 65, 19, 55)(9, 92, 10, 83, 41, 21, 77, 51, 34, 88, 17, 36)
line 178: kNearestNeighbour 9 (7,6,7,9,7,9,7,7,6,6,10,1)
(47, 47, 14, 1, 12, 57, 65, 5, 44, 58, 42, 85)(48, 47, 2, 16, 5, 15, 95, 88, 51, 3, 16, 46)(5, 25, 20, 83, 52, 30, 53, 20, 67, 23, 96, 35)(65, 32, 31, 63, 3, 12, 93, 23, 72, 65, 19, 55)(9, 92, 10, 83, 41, 21, 77, 51, 34, 88, 17, 36)(47, 13, 77, 95, 90, 6, 37, 38, 66, 17, 11, 62)(35, 29, 44, 70, 13, 91, 3, 2, 83, 30, 55, 94)(74, 33, 82, 79, 24, 49, 5, 58, 98, 23, 29, 36)(18, 80, 79, 14, 89, 12, 34, 76, 32, 57, 34, 64)
line 179: nearestNeighbour (4,9,9,4,9,3,8,4,4,7,1,6)
(47, 47, 14, 1, 12, 57, 65, 5, 44, 58, 42, 85)
line 180: nearestNeighbour (6,2,10,7,3,3,5,4,6,2,5,3)
(47, 47, 14, 1, 12, 57, 65, 5, 44, 58, 42, 85)
line 181: kNearestNeighbour 6 (7,7,10,7,8,6,6,7,7,10,2,1)
(47, 47, 14, 1, 12, 57, 65, 5, 44, 58, 42, 85)(48, 47, 2, 16, 5, 15, 95, 88, 51, 3, 16, 46)(5, 25, 20, 83, 52, 30, 53, 20, 67, 23, 96, 35)(65, 32, 31, 63, 3, 12, 93, 23, 72, 65, 19, 55)(9, 92, 10, 83, 41, 21, 77, 51, 34, 88, 17, 36)(47, 13, 77, 95, 90, 6, 37, 38, 66, 17, 11, 62)
line 182: kNearestNeighbour 2 (3,10,6,5,8,7,5,4,8,1,3,9)
(47, 47, 14, 1, 12, 57, 65, 5, 44, 58, 42, 85)(48, 47, 2, 16, 5, 15, 95, 88, 51, 3, 16, 46)
line 183: kNearestNeighbour 9 (2,10,7,1,10,5,3,4,8,2,10,3)
(47, 47, 14, 1, 12, 57, 65, 5, 44, 58, 42, 85)(48, 47, 2, 16, 5, 15, 95, 88, 51, 3, 16, 46)(5, 25, 20, 83, 52, 30, 53, 20, 67, 23, 96, 35)(65, 32, 31, 63, 3, 12, 93, 23, 72, 65, 19, 55)(18, 80, 79, 14, 89, 12, 34, 76, 32, 57, 34, 64)(47, 13, 77, 95, 90, 6, 37, 38, 66, 17, 11, 62)(9, 92, 10, 83, 41, 21, 77, 51, 34, 88, 17, 36)(35, 29, 44, 70, 13, 91, 3, 2, 83, 30, 55, 94)(23, 94, 69, 53, 50, 72, 69, 20, 85, 24, 21, 31)
line 184: kNearestNeighbour 2 (2,8,3,1,8,5,6,10,3,10,10,3)
(47, 47, 14, 1, 12, 57, 65, 5, 44, 58, 42, 85)(48, 47, 2, 16, 5, 15, 95, 88, 51, 3, 16, 46)
line 185: kNearestNeighbour 4 (2,9,10,6,5,3,3,6,1,6,1,9)
