line 1: k=15
line 2: clear
line 3: buildTree 16
(57,20,78,59,29,12,91,78,10,39,85,54,73,34,3) (90,24,74,99,52,9,25,49,39,16,30,38,18,73,45) (76,43,10,93,83,89,31,59,68,18,95,64,88,59,6) (39,27,36,10,48,95,36,7,64,41,44,72,51,17,53) (62,62,66,42,14,32,48,8,34,50,4,16,3,41,73) (23,24,67,95,85,95,26,52,45,22,87,45,21,26,43) (12,97,20,60,91,23,29,85,52,98,81,61,76,33,87) (29,9,59,52,65,53,12,80,8,36,85,68,83,45,5) (53,41,79,30,10,17,68,76,43,38,20,92,90,49,10) (44,82,78,82,38,38,94,95,46,29,10,56,33,12,10) (19,15,55,97,34,77,40,23,56,54,81,86,89,91,51) (20,95,80,71,100,12,9,13,2,51,84,27,18,88,64) (30,54,91,73,41,76,86,74,27,55,82,97,6,98,85) (35,67,95,66,41,72,19,53,24,83,19,5,62,48,83) (6,97,37,36,54,39,98,100,75,60,31,56,89,20,100) (22,19,50,52,88,92,78,54,83,21,67,14,19,24,21) 
line 4: nodeCount_height_leafCount
nodeCount=16;height=5;leafCount=8
line 5: inorderTraversal
(22, 19, 50, 52, 88, 92, 78, 54, 83, 21, 67, 14, 19, 24, 21) (19, 15, 55, 97, 34, 77, 40, 23, 56, 54, 81, 86, 89, 91, 51) (29, 9, 59, 52, 65, 53, 12, 80, 8, 36, 85, 68, 83, 45, 5) (23, 24, 67, 95, 85, 95, 26, 52, 45, 22, 87, 45, 21, 26, 43) (12, 97, 20, 60, 91, 23, 29, 85, 52, 98, 81, 61, 76, 33, 87) (6, 97, 37, 36, 54, 39, 98, 100, 75, 60, 31, 56, 89, 20, 100) (20, 95, 80, 71, 100, 12, 9, 13, 2, 51, 84, 27, 18, 88, 64) (30, 54, 91, 73, 41, 76, 86, 74, 27, 55, 82, 97, 6, 98, 85) (39, 27, 36, 10, 48, 95, 36, 7, 64, 41, 44, 72, 51, 17, 53) (90, 24, 74, 99, 52, 9, 25, 49, 39, 16, 30, 38, 18, 73, 45) (57, 20, 78, 59, 29, 12, 91, 78, 10, 39, 85, 54, 73, 34, 3) (53, 41, 79, 30, 10, 17, 68, 76, 43, 38, 20, 92, 90, 49, 10) (76, 43, 10, 93, 83, 89, 31, 59, 68, 18, 95, 64, 88, 59, 6) (62, 62, 66, 42, 14, 32, 48, 8, 34, 50, 4, 16, 3, 41, 73) (35, 67, 95, 66, 41, 72, 19, 53, 24, 83, 19, 5, 62, 48, 83) (44, 82, 78, 82, 38, 38, 94, 95, 46, 29, 10, 56, 33, 12, 10) 
line 6: preorderTraversal
(30, 54, 91, 73, 41, 76, 86, 74, 27, 55, 82, 97, 6, 98, 85) (23, 24, 67, 95, 85, 95, 26, 52, 45, 22, 87, 45, 21, 26, 43) (19, 15, 55, 97, 34, 77, 40, 23, 56, 54, 81, 86, 89, 91, 51) (22, 19, 50, 52, 88, 92, 78, 54, 83, 21, 67, 14, 19, 24, 21) (29, 9, 59, 52, 65, 53, 12, 80, 8, 36, 85, 68, 83, 45, 5) (6, 97, 37, 36, 54, 39, 98, 100, 75, 60, 31, 56, 89, 20, 100) (12, 97, 20, 60, 91, 23, 29, 85, 52, 98, 81, 61, 76, 33, 87) (20, 95, 80, 71, 100, 12, 9, 13, 2, 51, 84, 27, 18, 88, 64) (53, 41, 79, 30, 10, 17, 68, 76, 43, 38, 20, 92, 90, 49, 10) (90, 24, 74, 99, 52, 9, 25, 49, 39, 16, 30, 38, 18, 73, 45) (39, 27, 36, 10, 48, 95, 36, 7, 64, 41, 44, 72, 51, 17, 53) (57, 20, 78, 59, 29, 12, 91, 78, 10, 39, 85, 54, 73, 34, 3) (62, 62, 66, 42, 14, 32, 48, 8, 34, 50, 4, 16, 3, 41, 73) (76, 43, 10, 93, 83, 89, 31, 59, 68, 18, 95, 64, 88, 59, 6) (35, 67, 95, 66, 41, 72, 19, 53, 24, 83, 19, 5, 62, 48, 83) (44, 82, 78, 82, 38, 38, 94, 95, 46, 29, 10, 56, 33, 12, 10) 
line 7: postorderTraversal
(22, 19, 50, 52, 88, 92, 78, 54, 83, 21, 67, 14, 19, 24, 21) (29, 9, 59, 52, 65, 53, 12, 80, 8, 36, 85, 68, 83, 45, 5) (19, 15, 55, 97, 34, 77, 40, 23, 56, 54, 81, 86, 89, 91, 51) (12, 97, 20, 60, 91, 23, 29, 85, 52, 98, 81, 61, 76, 33, 87) (20, 95, 80, 71, 100, 12, 9, 13, 2, 51, 84, 27, 18, 88, 64) (6, 97, 37, 36, 54, 39, 98, 100, 75, 60, 31, 56, 89, 20, 100) (23, 24, 67, 95, 85, 95, 26, 52, 45, 22, 87, 45, 21, 26, 43) (39, 27, 36, 10, 48, 95, 36, 7, 64, 41, 44, 72, 51, 17, 53) (57, 20, 78, 59, 29, 12, 91, 78, 10, 39, 85, 54, 73, 34, 3) (90, 24, 74, 99, 52, 9, 25, 49, 39, 16, 30, 38, 18, 73, 45) (76, 43, 10, 93, 83, 89, 31, 59, 68, 18, 95, 64, 88, 59, 6) (44, 82, 78, 82, 38, 38, 94, 95, 46, 29, 10, 56, 33, 12, 10) (35, 67, 95, 66, 41, 72, 19, 53, 24, 83, 19, 5, 62, 48, 83) (62, 62, 66, 42, 14, 32, 48, 8, 34, 50, 4, 16, 3, 41, 73) (53, 41, 79, 30, 10, 17, 68, 76, 43, 38, 20, 92, 90, 49, 10) (30, 54, 91, 73, 41, 76, 86, 74, 27, 55, 82, 97, 6, 98, 85) 
line 8: nearestNeighbour (7,2,8,4,1,4,4,3,4,9,7,2,5,6,10)
(62, 62, 66, 42, 14, 32, 48, 8, 34, 50, 4, 16, 3, 41, 73)
line 9: nearestNeighbour (1,10,1,10,3,3,2,8,7,6,8,2,5,4,2)
(62, 62, 66, 42, 14, 32, 48, 8, 34, 50, 4, 16, 3, 41, 73)
line 10: nearestNeighbour (5,2,5,2,2,6,1,3,6,1,9,5,6,10,2)
(62, 62, 66, 42, 14, 32, 48, 8, 34, 50, 4, 16, 3, 41, 73)
line 11: kNearestNeighbour 4 (9,10,9,6,3,9,8,8,5,8,8,8,10,9,2)
(62, 62, 66, 42, 14, 32, 48, 8, 34, 50, 4, 16, 3, 41, 73)(39, 27, 36, 10, 48, 95, 36, 7, 64, 41, 44, 72, 51, 17, 53)(90, 24, 74, 99, 52, 9, 25, 49, 39, 16, 30, 38, 18, 73, 45)(29, 9, 59, 52, 65, 53, 12, 80, 8, 36, 85, 68, 83, 45, 5)
line 12: nearestNeighbour (2,5,8,1,4,8,3,2,8,2,8,2,2,7,7)
(62, 62, 66, 42, 14, 32, 48, 8, 34, 50, 4, 16, 3, 41, 73)
line 13: nearestNeighbour (7,5,9,7,4,1,2,5,10,9,9,7,1,2,1)
(62, 62, 66, 42, 14, 32, 48, 8, 34, 50, 4, 16, 3, 41, 73)
line 14: kNearestNeighbour 6 (10,10,8,2,6,5,5,2,8,1,2,2,3,1,8)
(62, 62, 66, 42, 14, 32, 48, 8, 34, 50, 4, 16, 3, 41, 73)(39, 27, 36, 10, 48, 95, 36, 7, 64, 41, 44, 72, 51, 17, 53)(90, 24, 74, 99, 52, 9, 25, 49, 39, 16, 30, 38, 18, 73, 45)(22, 19, 50, 52, 88, 92, 78, 54, 83, 21, 67, 14, 19, 24, 21)(29, 9, 59, 52, 65, 53, 12, 80, 8, 36, 85, 68, 83, 45, 5)(53, 41, 79, 30, 10, 17, 68, 76, 43, 38, 20, 92, 90, 49, 10)
line 15: nearestNeighbour (8,7,9,7,9,7,3,10,4,9,8,2,2,7,7)
(62, 62, 66, 42, 14, 32, 48, 8, 34, 50, 4, 16, 3, 41, 73)
line 16: kNearestNeighbour 2 (9,8,6,1,3,10,7,4,10,3,3,6,10,5,4)
(62, 62, 66, 42, 14, 32, 48, 8, 34, 50, 4, 16, 3, 41, 73)(39, 27, 36, 10, 48, 95, 36, 7, 64, 41, 44, 72, 51, 17, 53)
line 17: kNearestNeighbour 3 (10,5,10,5,7,1,10,9,5,7,6,8,7,10,4)
(62, 62, 66, 42, 14, 32, 48, 8, 34, 50, 4, 16, 3, 41, 73)(39, 27, 36, 10, 48, 95, 36, 7, 64, 41, 44, 72, 51, 17, 53)(90, 24, 74, 99, 52, 9, 25, 49, 39, 16, 30, 38, 18, 73, 45)
line 18: nearestNeighbour (6,8,7,1,6,7,9,3,10,1,5,1,2,6,7)
(62, 62, 66, 42, 14, 32, 48, 8, 34, 50, 4, 16, 3, 41, 73)
line 19: kNearestNeighbour 2 (1,6,10,8,9,6,1,10,6,7,1,10,10,9,8)
(62, 62, 66, 42, 14, 32, 48, 8, 34, 50, 4, 16, 3, 41, 73)(39, 27, 36, 10, 48, 95, 36, 7, 64, 41, 44, 72, 51, 17, 53)
line 20: kNearestNeighbour 1 (3,7,7,4,7,7,1,4,7,7,10,3,9,2,8)
(62, 62, 66, 42, 14, 32, 48, 8, 34, 50, 4, 16, 3, 41, 73)
line 21: kNearestNeighbour 8 (4,5,4,4,1,2,9,2,5,2,8,2,9,5,10)
(62, 62, 66, 42, 14, 32, 48, 8, 34, 50, 4, 16, 3, 41, 73)(39, 27, 36, 10, 48, 95, 36, 7, 64, 41, 44, 72, 51, 17, 53)(90, 24, 74, 99, 52, 9, 25, 49, 39, 16, 30, 38, 18, 73, 45)(29, 9, 59, 52, 65, 53, 12, 80, 8, 36, 85, 68, 83, 45, 5)(22, 19, 50, 52, 88, 92, 78, 54, 83, 21, 67, 14, 19, 24, 21)(53, 41, 79, 30, 10, 17, 68, 76, 43, 38, 20, 92, 90, 49, 10)(57, 20, 78, 59, 29, 12, 91, 78, 10, 39, 85, 54, 73, 34, 3)(35, 67, 95, 66, 41, 72, 19, 53, 24, 83, 19, 5, 62, 48, 83)
line 22: nearestNeighbour (9,2,8,3,10,2,10,9,3,7,3,9,8,10,5)
(62, 62, 66, 42, 14, 32, 48, 8, 34, 50, 4, 16, 3, 41, 73)
line 23: nearestNeighbour (5,9,3,3,3,8,3,3,9,10,7,3,8,3,1)
(62, 62, 66, 42, 14, 32, 48, 8, 34, 50, 4, 16, 3, 41, 73)
line 24: kNearestNeighbour 10 (7,10,1,3,1,4,5,3,4,6,4,9,2,10,6)
(62, 62, 66, 42, 14, 32, 48, 8, 34, 50, 4, 16, 3, 41, 73)(39, 27, 36, 10, 48, 95, 36, 7, 64, 41, 44, 72, 51, 17, 53)(90, 24, 74, 99, 52, 9, 25, 49, 39, 16, 30, 38, 18, 73, 45)(29, 9, 59, 52, 65, 53, 12, 80, 8, 36, 85, 68, 83, 45, 5)(53, 41, 79, 30, 10, 17, 68, 76, 43, 38, 20, 92, 90, 49, 10)(22, 19, 50, 52, 88, 92, 78, 54, 83, 21, 67, 14, 19, 24, 21)(57, 20, 78, 59, 29, 12, 91, 78, 10, 39, 85, 54, 73, 34, 3)(44, 82, 78, 82, 38, 38, 94, 95, 46, 29, 10, 56, 33, 12, 10)(35, 67, 95, 66, 41, 72, 19, 53, 24, 83, 19, 5, 62, 48, 83)(23, 24, 67, 95, 85, 95, 26, 52, 45, 22, 87, 45, 21, 26, 43)
line 25: nearestNeighbour (3,2,9,1,3,2,6,3,7,7,1,3,8,3,7)
(62, 62, 66, 42, 14, 32, 48, 8, 34, 50, 4, 16, 3, 41, 73)
line 26: nearestNeighbour (10,2,10,3,3,7,5,7,8,5,9,8,2,1,7)
(62, 62, 66, 42, 14, 32, 48, 8, 34, 50, 4, 16, 3, 41, 73)
line 27: nearestNeighbour (10,4,9,6,2,6,1,9,8,9,4,2,1,8,2)
(62, 62, 66, 42, 14, 32, 48, 8, 34, 50, 4, 16, 3, 41, 73)
line 28: kNearestNeighbour 1 (1,7,4,10,10,3,2,8,9,7,5,4,10,1,7)
(62, 62, 66, 42, 14, 32, 48, 8, 34, 50, 4, 16, 3, 41, 73)
line 29: nearestNeighbour (6,1,9,7,5,5,8,6,10,5,8,7,8,10,1)
(62, 62, 66, 42, 14, 32, 48, 8, 34, 50, 4, 16, 3, 41, 73)
line 30: kNearestNeighbour 9 (3,10,8,10,6,4,9,1,4,10,7,9,8,5,4)
(62, 62, 66, 42, 14, 32, 48, 8, 34, 50, 4, 16, 3, 41, 73)(39, 27, 36, 10, 48, 95, 36, 7, 64, 41, 44, 72, 51, 17, 53)(90, 24, 74, 99, 52, 9, 25, 49, 39, 16, 30, 38, 18, 73, 45)(29, 9, 59, 52, 65, 53, 12, 80, 8, 36, 85, 68, 83, 45, 5)(53, 41, 79, 30, 10, 17, 68, 76, 43, 38, 20, 92, 90, 49, 10)(22, 19, 50, 52, 88, 92, 78, 54, 83, 21, 67, 14, 19, 24, 21)(57, 20, 78, 59, 29, 12, 91, 78, 10, 39, 85, 54, 73, 34, 3)(44, 82, 78, 82, 38, 38, 94, 95, 46, 29, 10, 56, 33, 12, 10)(23, 24, 67, 95, 85, 95, 26, 52, 45, 22, 87, 45, 21, 26, 43)
line 31: kNearestNeighbour 8 (7,9,2,7,5,5,2,5,9,7,4,8,2,3,9)
(62, 62, 66, 42, 14, 32, 48, 8, 34, 50, 4, 16, 3, 41, 73)(39, 27, 36, 10, 48, 95, 36, 7, 64, 41, 44, 72, 51, 17, 53)(90, 24, 74, 99, 52, 9, 25, 49, 39, 16, 30, 38, 18, 73, 45)(29, 9, 59, 52, 65, 53, 12, 80, 8, 36, 85, 68, 83, 45, 5)(22, 19, 50, 52, 88, 92, 78, 54, 83, 21, 67, 14, 19, 24, 21)(53, 41, 79, 30, 10, 17, 68, 76, 43, 38, 20, 92, 90, 49, 10)(57, 20, 78, 59, 29, 12, 91, 78, 10, 39, 85, 54, 73, 34, 3)(23, 24, 67, 95, 85, 95, 26, 52, 45, 22, 87, 45, 21, 26, 43)
line 32: nearestNeighbour (10,1,2,10,6,10,1,9,4,10,9,1,6,2,7)
(62, 62, 66, 42, 14, 32, 48, 8, 34, 50, 4, 16, 3, 41, 73)
line 33: kNearestNeighbour 6 (5,3,4,3,4,6,7,1,6,4,9,3,6,9,1)
(62, 62, 66, 42, 14, 32, 48, 8, 34, 50, 4, 16, 3, 41, 73)(39, 27, 36, 10, 48, 95, 36, 7, 64, 41, 44, 72, 51, 17, 53)(90, 24, 74, 99, 52, 9, 25, 49, 39, 16, 30, 38, 18, 73, 45)(29, 9, 59, 52, 65, 53, 12, 80, 8, 36, 85, 68, 83, 45, 5)(22, 19, 50, 52, 88, 92, 78, 54, 83, 21, 67, 14, 19, 24, 21)(53, 41, 79, 30, 10, 17, 68, 76, 43, 38, 20, 92, 90, 49, 10)
line 34: nearestNeighbour (8,3,2,6,6,1,7,9,5,5,7,8,8,7,5)
(62, 62, 66, 42, 14, 32, 48, 8, 34, 50, 4, 16, 3, 41, 73)
line 35: nearestNeighbour (4,4,7,9,7,8,7,10,3,10,4,5,3,2,6)
(62, 62, 66, 42, 14, 32, 48, 8, 34, 50, 4, 16, 3, 41, 73)
line 36: nearestNeighbour (6,6,6,7,3,3,7,5,1,6,6,10,5,1,5)
(62, 62, 66, 42, 14, 32, 48, 8, 34, 50, 4, 16, 3, 41, 73)
line 37: nearestNeighbour (7,5,7,10,5,2,7,10,3,9,5,9,9,1,8)
(62, 62, 66, 42, 14, 32, 48, 8, 34, 50, 4, 16, 3, 41, 73)
line 38: kNearestNeighbour 5 (9,9,9,10,2,8,2,9,3,2,2,6,9,2,9)
(62, 62, 66, 42, 14, 32, 48, 8, 34, 50, 4, 16, 3, 41, 73)(39, 27, 36, 10, 48, 95, 36, 7, 64, 41, 44, 72, 51, 17, 53)(90, 24, 74, 99, 52, 9, 25, 49, 39, 16, 30, 38, 18, 73, 45)(29, 9, 59, 52, 65, 53, 12, 80, 8, 36, 85, 68, 83, 45, 5)(53, 41, 79, 30, 10, 17, 68, 76, 43, 38, 20, 92, 90, 49, 10)
line 39: kNearestNeighbour 10 (2,10,2,3,2,10,5,10,3,2,7,8,10,5,4)
(62, 62, 66, 42, 14, 32, 48, 8, 34, 50, 4, 16, 3, 41, 73)(39, 27, 36, 10, 48, 95, 36, 7, 64, 41, 44, 72, 51, 17, 53)(29, 9, 59, 52, 65, 53, 12, 80, 8, 36, 85, 68, 83, 45, 5)(90, 24, 74, 99, 52, 9, 25, 49, 39, 16, 30, 38, 18, 73, 45)(53, 41, 79, 30, 10, 17, 68, 76, 43, 38, 20, 92, 90, 49, 10)(22, 19, 50, 52, 88, 92, 78, 54, 83, 21, 67, 14, 19, 24, 21)(57, 20, 78, 59, 29, 12, 91, 78, 10, 39, 85, 54, 73, 34, 3)(23, 24, 67, 95, 85, 95, 26, 52, 45, 22, 87, 45, 21, 26, 43)(44, 82, 78, 82, 38, 38, 94, 95, 46, 29, 10, 56, 33, 12, 10)(35, 67, 95, 66, 41, 72, 19, 53, 24, 83, 19, 5, 62, 48, 83)
line 40: kNearestNeighbour 2 (7,1,1,8,3,4,1,3,1,9,1,9,9,8,9)
(62, 62, 66, 42, 14, 32, 48, 8, 34, 50, 4, 16, 3, 41, 73)(39, 27, 36, 10, 48, 95, 36, 7, 64, 41, 44, 72, 51, 17, 53)
line 41: kNearestNeighbour 9 (5,9,7,1,8,6,9,5,4,6,9,8,6,5,7)
(62, 62, 66, 42, 14, 32, 48, 8, 34, 50, 4, 16, 3, 41, 73)(39, 27, 36, 10, 48, 95, 36, 7, 64, 41, 44, 72, 51, 17, 53)(90, 24, 74, 99, 52, 9, 25, 49, 39, 16, 30, 38, 18, 73, 45)(29, 9, 59, 52, 65, 53, 12, 80, 8, 36, 85, 68, 83, 45, 5)(22, 19, 50, 52, 88, 92, 78, 54, 83, 21, 67, 14, 19, 24, 21)(53, 41, 79, 30, 10, 17, 68, 76, 43, 38, 20, 92, 90, 49, 10)(57, 20, 78, 59, 29, 12, 91, 78, 10, 39, 85, 54, 73, 34, 3)(23, 24, 67, 95, 85, 95, 26, 52, 45, 22, 87, 45, 21, 26, 43)(44, 82, 78, 82, 38, 38, 94, 95, 46, 29, 10, 56, 33, 12, 10)
line 42: nearestNeighbour (7,3,7,5,8,7,6,9,5,9,5,2,3,4,8)
(62, 62, 66, 42, 14, 32, 48, 8, 34, 50, 4, 16, 3, 41, 73)
line 43: nearestNeighbour (9,9,2,5,9,7,3,7,4,3,6,4,8,7,9)
(62, 62, 66, 42, 14, 32, 48, 8, 34, 50, 4, 16, 3, 41, 73)
line 44: kNearestNeighbour 3 (10,9,6,2,2,1,4,10,4,3,1,6,1,6,10)
(62, 62, 66, 42, 14, 32, 48, 8, 34, 50, 4, 16, 3, 41, 73)(39, 27, 36, 10, 48, 95, 36, 7, 64, 41, 44, 72, 51, 17, 53)(90, 24, 74, 99, 52, 9, 25, 49, 39, 16, 30, 38, 18, 73, 45)
line 45: nearestNeighbour (2,9,8,1,2,3,1,10,2,3,1,7,10,3,3)
(62, 62, 66, 42, 14, 32, 48, 8, 34, 50, 4, 16, 3, 41, 73)
line 46: nearestNeighbour (2,2,8,7,8,3,10,6,10,3,8,9,3,2,8)
(62, 62, 66, 42, 14, 32, 48, 8, 34, 50, 4, 16, 3, 41, 73)
line 47: kNearestNeighbour 3 (4,6,7,8,7,5,6,4,4,10,1,8,9,10,3)
(62, 62, 66, 42, 14, 32, 48, 8, 34, 50, 4, 16, 3, 41, 73)(39, 27, 36, 10, 48, 95, 36, 7, 64, 41, 44, 72, 51, 17, 53)(90, 24, 74, 99, 52, 9, 25, 49, 39, 16, 30, 38, 18, 73, 45)
line 48: nearestNeighbour (5,3,9,2,2,9,9,8,6,6,5,10,10,6,8)
(62, 62, 66, 42, 14, 32, 48, 8, 34, 50, 4, 16, 3, 41, 73)
line 49: kNearestNeighbour 3 (5,2,10,2,9,8,5,8,10,4,4,9,6,7,7)
(62, 62, 66, 42, 14, 32, 48, 8, 34, 50, 4, 16, 3, 41, 73)(39, 27, 36, 10, 48, 95, 36, 7, 64, 41, 44, 72, 51, 17, 53)(90, 24, 74, 99, 52, 9, 25, 49, 39, 16, 30, 38, 18, 73, 45)
line 50: nearestNeighbour (6,1,6,5,2,9,2,4,2,4,3,3,8,9,1)
(62, 62, 66, 42, 14, 32, 48, 8, 34, 50, 4, 16, 3, 41, 73)
line 51: kNearestNeighbour 2 (10,2,2,6,5,7,5,4,3,3,2,1,3,5,5)
(62, 62, 66, 42, 14, 32, 48, 8, 34, 50, 4, 16, 3, 41, 73)(39, 27, 36, 10, 48, 95, 36, 7, 64, 41, 44, 72, 51, 17, 53)
line 52: kNearestNeighbour 8 (10,5,6,8,6,3,2,6,6,9,1,2,6,5,7)
(62, 62, 66, 42, 14, 32, 48, 8, 34, 50, 4, 16, 3, 41, 73)(39, 27, 36, 10, 48, 95, 36, 7, 64, 41, 44, 72, 51, 17, 53)(90, 24, 74, 99, 52, 9, 25, 49, 39, 16, 30, 38, 18, 73, 45)(29, 9, 59, 52, 65, 53, 12, 80, 8, 36, 85, 68, 83, 45, 5)(53, 41, 79, 30, 10, 17, 68, 76, 43, 38, 20, 92, 90, 49, 10)(22, 19, 50, 52, 88, 92, 78, 54, 83, 21, 67, 14, 19, 24, 21)(57, 20, 78, 59, 29, 12, 91, 78, 10, 39, 85, 54, 73, 34, 3)(35, 67, 95, 66, 41, 72, 19, 53, 24, 83, 19, 5, 62, 48, 83)
line 53: nearestNeighbour (5,10,9,7,5,4,2,3,2,7,9,1,7,7,3)
(62, 62, 66, 42, 14, 32, 48, 8, 34, 50, 4, 16, 3, 41, 73)
line 54: nearestNeighbour (1,1,5,8,2,4,1,7,7,7,5,3,1,5,5)
(62, 62, 66, 42, 14, 32, 48, 8, 34, 50, 4, 16, 3, 41, 73)
line 55: nearestNeighbour (5,9,3,8,10,4,3,4,6,2,3,6,5,10,1)
(62, 62, 66, 42, 14, 32, 48, 8, 34, 50, 4, 16, 3, 41, 73)
line 56: kNearestNeighbour 7 (1,6,8,6,5,2,1,2,10,6,6,2,5,10,1)
(62, 62, 66, 42, 14, 32, 48, 8, 34, 50, 4, 16, 3, 41, 73)(39, 27, 36, 10, 48, 95, 36, 7, 64, 41, 44, 72, 51, 17, 53)(90, 24, 74, 99, 52, 9, 25, 49, 39, 16, 30, 38, 18, 73, 45)(29, 9, 59, 52, 65, 53, 12, 80, 8, 36, 85, 68, 83, 45, 5)(22, 19, 50, 52, 88, 92, 78, 54, 83, 21, 67, 14, 19, 24, 21)(53, 41, 79, 30, 10, 17, 68, 76, 43, 38, 20, 92, 90, 49, 10)(57, 20, 78, 59, 29, 12, 91, 78, 10, 39, 85, 54, 73, 34, 3)
line 57: kNearestNeighbour 6 (5,2,7,10,9,10,9,10,4,3,9,1,1,10,7)
(62, 62, 66, 42, 14, 32, 48, 8, 34, 50, 4, 16, 3, 41, 73)(39, 27, 36, 10, 48, 95, 36, 7, 64, 41, 44, 72, 51, 17, 53)(90, 24, 74, 99, 52, 9, 25, 49, 39, 16, 30, 38, 18, 73, 45)(29, 9, 59, 52, 65, 53, 12, 80, 8, 36, 85, 68, 83, 45, 5)(22, 19, 50, 52, 88, 92, 78, 54, 83, 21, 67, 14, 19, 24, 21)(53, 41, 79, 30, 10, 17, 68, 76, 43, 38, 20, 92, 90, 49, 10)
line 58: kNearestNeighbour 1 (10,3,5,6,1,6,3,8,8,10,5,1,8,10,1)
(62, 62, 66, 42, 14, 32, 48, 8, 34, 50, 4, 16, 3, 41, 73)
line 59: kNearestNeighbour 8 (10,8,10,8,3,3,10,5,5,2,5,9,1,10,8)
(62, 62, 66, 42, 14, 32, 48, 8, 34, 50, 4, 16, 3, 41, 73)(39, 27, 36, 10, 48, 95, 36, 7, 64, 41, 44, 72, 51, 17, 53)(90, 24, 74, 99, 52, 9, 25, 49, 39, 16, 30, 38, 18, 73, 45)(29, 9, 59, 52, 65, 53, 12, 80, 8, 36, 85, 68, 83, 45, 5)(53, 41, 79, 30, 10, 17, 68, 76, 43, 38, 20, 92, 90, 49, 10)(22, 19, 50, 52, 88, 92, 78, 54, 83, 21, 67, 14, 19, 24, 21)(57, 20, 78, 59, 29, 12, 91, 78, 10, 39, 85, 54, 73, 34, 3)(44, 82, 78, 82, 38, 38, 94, 95, 46, 29, 10, 56, 33, 12, 10)
line 60: nearestNeighbour (7,5,4,5,1,1,3,6,10,4,8,8,1,7,2)
(62, 62, 66, 42, 14, 32, 48, 8, 34, 50, 4, 16, 3, 41, 73)
line 61: kNearestNeighbour 9 (5,3,9,5,2,9,6,9,1,7,5,8,6,6,4)
(62, 62, 66, 42, 14, 32, 48, 8, 34, 50, 4, 16, 3, 41, 73)(39, 27, 36, 10, 48, 95, 36, 7, 64, 41, 44, 72, 51, 17, 53)(90, 24, 74, 99, 52, 9, 25, 49, 39, 16, 30, 38, 18, 73, 45)(29, 9, 59, 52, 65, 53, 12, 80, 8, 36, 85, 68, 83, 45, 5)(53, 41, 79, 30, 10, 17, 68, 76, 43, 38, 20, 92, 90, 49, 10)(22, 19, 50, 52, 88, 92, 78, 54, 83, 21, 67, 14, 19, 24, 21)(57, 20, 78, 59, 29, 12, 91, 78, 10, 39, 85, 54, 73, 34, 3)(23, 24, 67, 95, 85, 95, 26, 52, 45, 22, 87, 45, 21, 26, 43)(35, 67, 95, 66, 41, 72, 19, 53, 24, 83, 19, 5, 62, 48, 83)
line 62: nearestNeighbour (8,2,3,8,10,4,8,5,5,1,5,1,6,4,4)
(62, 62, 66, 42, 14, 32, 48, 8, 34, 50, 4, 16, 3, 41, 73)
line 63: kNearestNeighbour 5 (6,1,5,7,3,7,8,10,7,3,7,4,6,5,9)
(62, 62, 66, 42, 14, 32, 48, 8, 34, 50, 4, 16, 3, 41, 73)(39, 27, 36, 10, 48, 95, 36, 7, 64, 41, 44, 72, 51, 17, 53)(90, 24, 74, 99, 52, 9, 25, 49, 39, 16, 30, 38, 18, 73, 45)(29, 9, 59, 52, 65, 53, 12, 80, 8, 36, 85, 68, 83, 45, 5)(22, 19, 50, 52, 88, 92, 78, 54, 83, 21, 67, 14, 19, 24, 21)
line 64: nearestNeighbour (5,2,2,3,5,7,9,8,8,8,7,10,1,6,6)
(62, 62, 66, 42, 14, 32, 48, 8, 34, 50, 4, 16, 3, 41, 73)
line 65: kNearestNeighbour 7 (2,6,1,3,4,5,8,9,7,9,10,6,9,9,4)
(62, 62, 66, 42, 14, 32, 48, 8, 34, 50, 4, 16, 3, 41, 73)(39, 27, 36, 10, 48, 95, 36, 7, 64, 41, 44, 72, 51, 17, 53)(29, 9, 59, 52, 65, 53, 12, 80, 8, 36, 85, 68, 83, 45, 5)(90, 24, 74, 99, 52, 9, 25, 49, 39, 16, 30, 38, 18, 73, 45)(53, 41, 79, 30, 10, 17, 68, 76, 43, 38, 20, 92, 90, 49, 10)(22, 19, 50, 52, 88, 92, 78, 54, 83, 21, 67, 14, 19, 24, 21)(57, 20, 78, 59, 29, 12, 91, 78, 10, 39, 85, 54, 73, 34, 3)
line 66: nearestNeighbour (7,6,6,10,6,1,5,1,1,6,6,6,8,1,7)
(62, 62, 66, 42, 14, 32, 48, 8, 34, 50, 4, 16, 3, 41, 73)
line 67: nearestNeighbour (9,9,2,6,9,8,3,3,7,9,5,1,8,7,10)
(62, 62, 66, 42, 14, 32, 48, 8, 34, 50, 4, 16, 3, 41, 73)
line 68: nearestNeighbour (7,10,10,1,4,2,1,3,1,6,1,5,3,9,9)
(62, 62, 66, 42, 14, 32, 48, 8, 34, 50, 4, 16, 3, 41, 73)
line 69: kNearestNeighbour 3 (1,4,10,8,7,3,5,6,4,5,6,3,7,5,10)
(62, 62, 66, 42, 14, 32, 48, 8, 34, 50, 4, 16, 3, 41, 73)(39, 27, 36, 10, 48, 95, 36, 7, 64, 41, 44, 72, 51, 17, 53)(90, 24, 74, 99, 52, 9, 25, 49, 39, 16, 30, 38, 18, 73, 45)
line 70: kNearestNeighbour 2 (5,9,9,7,7,2,5,8,2,6,4,1,6,4,8)
(62, 62, 66, 42, 14, 32, 48, 8, 34, 50, 4, 16, 3, 41, 73)(39, 27, 36, 10, 48, 95, 36, 7, 64, 41, 44, 72, 51, 17, 53)
line 71: kNearestNeighbour 6 (4,10,10,7,6,2,2,9,9,4,8,4,4,7,10)
(62, 62, 66, 42, 14, 32, 48, 8, 34, 50, 4, 16, 3, 41, 73)(39, 27, 36, 10, 48, 95, 36, 7, 64, 41, 44, 72, 51, 17, 53)(90, 24, 74, 99, 52, 9, 25, 49, 39, 16, 30, 38, 18, 73, 45)(29, 9, 59, 52, 65, 53, 12, 80, 8, 36, 85, 68, 83, 45, 5)(22, 19, 50, 52, 88, 92, 78, 54, 83, 21, 67, 14, 19, 24, 21)(53, 41, 79, 30, 10, 17, 68, 76, 43, 38, 20, 92, 90, 49, 10)
line 72: nearestNeighbour (9,4,5,4,5,6,8,3,6,4,6,10,5,10,9)
(62, 62, 66, 42, 14, 32, 48, 8, 34, 50, 4, 16, 3, 41, 73)
line 73: kNearestNeighbour 5 (1,1,8,2,3,2,3,5,2,7,9,9,1,9,10)
(62, 62, 66, 42, 14, 32, 48, 8, 34, 50, 4, 16, 3, 41, 73)(39, 27, 36, 10, 48, 95, 36, 7, 64, 41, 44, 72, 51, 17, 53)(90, 24, 74, 99, 52, 9, 25, 49, 39, 16, 30, 38, 18, 73, 45)(29, 9, 59, 52, 65, 53, 12, 80, 8, 36, 85, 68, 83, 45, 5)(53, 41, 79, 30, 10, 17, 68, 76, 43, 38, 20, 92, 90, 49, 10)
line 74: kNearestNeighbour 4 (9,9,3,5,7,8,5,4,10,10,2,9,1,8,1)
(62, 62, 66, 42, 14, 32, 48, 8, 34, 50, 4, 16, 3, 41, 73)(39, 27, 36, 10, 48, 95, 36, 7, 64, 41, 44, 72, 51, 17, 53)(90, 24, 74, 99, 52, 9, 25, 49, 39, 16, 30, 38, 18, 73, 45)(29, 9, 59, 52, 65, 53, 12, 80, 8, 36, 85, 68, 83, 45, 5)
line 75: kNearestNeighbour 5 (4,4,4,4,6,5,6,9,2,1,5,8,6,4,3)
(62, 62, 66, 42, 14, 32, 48, 8, 34, 50, 4, 16, 3, 41, 73)(39, 27, 36, 10, 48, 95, 36, 7, 64, 41, 44, 72, 51, 17, 53)(90, 24, 74, 99, 52, 9, 25, 49, 39, 16, 30, 38, 18, 73, 45)(29, 9, 59, 52, 65, 53, 12, 80, 8, 36, 85, 68, 83, 45, 5)(53, 41, 79, 30, 10, 17, 68, 76, 43, 38, 20, 92, 90, 49, 10)
line 76: nearestNeighbour (1,7,2,4,6,3,7,7,3,5,9,7,5,9,7)
(62, 62, 66, 42, 14, 32, 48, 8, 34, 50, 4, 16, 3, 41, 73)
line 77: kNearestNeighbour 5 (9,2,4,8,7,10,9,6,8,6,4,8,7,3,10)
(62, 62, 66, 42, 14, 32, 48, 8, 34, 50, 4, 16, 3, 41, 73)(39, 27, 36, 10, 48, 95, 36, 7, 64, 41, 44, 72, 51, 17, 53)(90, 24, 74, 99, 52, 9, 25, 49, 39, 16, 30, 38, 18, 73, 45)(29, 9, 59, 52, 65, 53, 12, 80, 8, 36, 85, 68, 83, 45, 5)(22, 19, 50, 52, 88, 92, 78, 54, 83, 21, 67, 14, 19, 24, 21)
line 78: nearestNeighbour (8,2,4,7,2,3,3,5,3,5,6,7,10,1,8)
(62, 62, 66, 42, 14, 32, 48, 8, 34, 50, 4, 16, 3, 41, 73)
line 79: nearestNeighbour (5,5,8,6,6,10,3,3,2,8,1,9,1,5,3)
(62, 62, 66, 42, 14, 32, 48, 8, 34, 50, 4, 16, 3, 41, 73)
line 80: kNearestNeighbour 6 (5,2,1,8,4,6,2,5,5,4,7,1,8,8,9)
(62, 62, 66, 42, 14, 32, 48, 8, 34, 50, 4, 16, 3, 41, 73)(39, 27, 36, 10, 48, 95, 36, 7, 64, 41, 44, 72, 51, 17, 53)(90, 24, 74, 99, 52, 9, 25, 49, 39, 16, 30, 38, 18, 73, 45)(29, 9, 59, 52, 65, 53, 12, 80, 8, 36, 85, 68, 83, 45, 5)(22, 19, 50, 52, 88, 92, 78, 54, 83, 21, 67, 14, 19, 24, 21)(53, 41, 79, 30, 10, 17, 68, 76, 43, 38, 20, 92, 90, 49, 10)
line 81: nearestNeighbour (9,7,3,8,3,7,2,6,1,7,10,8,3,5,8)
(62, 62, 66, 42, 14, 32, 48, 8, 34, 50, 4, 16, 3, 41, 73)
line 82: kNearestNeighbour 9 (10,7,10,5,4,2,8,1,2,7,3,2,6,1,4)
(62, 62, 66, 42, 14, 32, 48, 8, 34, 50, 4, 16, 3, 41, 73)(39, 27, 36, 10, 48, 95, 36, 7, 64, 41, 44, 72, 51, 17, 53)(90, 24, 74, 99, 52, 9, 25, 49, 39, 16, 30, 38, 18, 73, 45)(29, 9, 59, 52, 65, 53, 12, 80, 8, 36, 85, 68, 83, 45, 5)(53, 41, 79, 30, 10, 17, 68, 76, 43, 38, 20, 92, 90, 49, 10)(22, 19, 50, 52, 88, 92, 78, 54, 83, 21, 67, 14, 19, 24, 21)(57, 20, 78, 59, 29, 12, 91, 78, 10, 39, 85, 54, 73, 34, 3)(44, 82, 78, 82, 38, 38, 94, 95, 46, 29, 10, 56, 33, 12, 10)(35, 67, 95, 66, 41, 72, 19, 53, 24, 83, 19, 5, 62, 48, 83)
line 83: kNearestNeighbour 9 (10,9,6,3,5,7,9,2,3,6,1,3,3,4,9)
(62, 62, 66, 42, 14, 32, 48, 8, 34, 50, 4, 16, 3, 41, 73)(39, 27, 36, 10, 48, 95, 36, 7, 64, 41, 44, 72, 51, 17, 53)(90, 24, 74, 99, 52, 9, 25, 49, 39, 16, 30, 38, 18, 73, 45)(29, 9, 59, 52, 65, 53, 12, 80, 8, 36, 85, 68, 83, 45, 5)(22, 19, 50, 52, 88, 92, 78, 54, 83, 21, 67, 14, 19, 24, 21)(53, 41, 79, 30, 10, 17, 68, 76, 43, 38, 20, 92, 90, 49, 10)(57, 20, 78, 59, 29, 12, 91, 78, 10, 39, 85, 54, 73, 34, 3)(35, 67, 95, 66, 41, 72, 19, 53, 24, 83, 19, 5, 62, 48, 83)(44, 82, 78, 82, 38, 38, 94, 95, 46, 29, 10, 56, 33, 12, 10)
line 84: nearestNeighbour (1,3,10,3,6,6,6,8,4,6,5,10,1,4,10)
(62, 62, 66, 42, 14, 32, 48, 8, 34, 50, 4, 16, 3, 41, 73)
line 85: nearestNeighbour (3,8,7,5,9,7,7,2,5,1,6,9,6,7,7)
(62, 62, 66, 42, 14, 32, 48, 8, 34, 50, 4, 16, 3, 41, 73)
line 86: nearestNeighbour (6,2,7,7,5,7,8,10,4,9,10,1,9,8,5)
(62, 62, 66, 42, 14, 32, 48, 8, 34, 50, 4, 16, 3, 41, 73)
line 87: kNearestNeighbour 4 (3,1,9,6,2,2,7,8,1,8,1,6,6,2,4)
(62, 62, 66, 42, 14, 32, 48, 8, 34, 50, 4, 16, 3, 41, 73)(39, 27, 36, 10, 48, 95, 36, 7, 64, 41, 44, 72, 51, 17, 53)(90, 24, 74, 99, 52, 9, 25, 49, 39, 16, 30, 38, 18, 73, 45)(29, 9, 59, 52, 65, 53, 12, 80, 8, 36, 85, 68, 83, 45, 5)
line 88: nearestNeighbour (4,1,7,10,9,7,5,7,1,6,8,10,7,2,2)
(62, 62, 66, 42, 14, 32, 48, 8, 34, 50, 4, 16, 3, 41, 73)
line 89: kNearestNeighbour 6 (2,4,5,8,3,9,5,5,6,5,1,7,5,10,10)
(62, 62, 66, 42, 14, 32, 48, 8, 34, 50, 4, 16, 3, 41, 73)(39, 27, 36, 10, 48, 95, 36, 7, 64, 41, 44, 72, 51, 17, 53)(90, 24, 74, 99, 52, 9, 25, 49, 39, 16, 30, 38, 18, 73, 45)(29, 9, 59, 52, 65, 53, 12, 80, 8, 36, 85, 68, 83, 45, 5)(22, 19, 50, 52, 88, 92, 78, 54, 83, 21, 67, 14, 19, 24, 21)(53, 41, 79, 30, 10, 17, 68, 76, 43, 38, 20, 92, 90, 49, 10)
line 90: nearestNeighbour (2,10,6,7,8,2,1,8,10,9,6,9,8,7,4)
(62, 62, 66, 42, 14, 32, 48, 8, 34, 50, 4, 16, 3, 41, 73)
line 91: nearestNeighbour (6,9,9,9,10,6,10,1,7,7,5,6,9,10,5)
(62, 62, 66, 42, 14, 32, 48, 8, 34, 50, 4, 16, 3, 41, 73)
line 92: nearestNeighbour (4,2,1,5,8,3,7,10,7,6,8,6,3,1,1)
(62, 62, 66, 42, 14, 32, 48, 8, 34, 50, 4, 16, 3, 41, 73)
line 93: kNearestNeighbour 9 (8,7,2,8,6,1,10,9,3,9,3,7,2,2,10)
(62, 62, 66, 42, 14, 32, 48, 8, 34, 50, 4, 16, 3, 41, 73)(39, 27, 36, 10, 48, 95, 36, 7, 64, 41, 44, 72, 51, 17, 53)(90, 24, 74, 99, 52, 9, 25, 49, 39, 16, 30, 38, 18, 73, 45)(29, 9, 59, 52, 65, 53, 12, 80, 8, 36, 85, 68, 83, 45, 5)(53, 41, 79, 30, 10, 17, 68, 76, 43, 38, 20, 92, 90, 49, 10)(22, 19, 50, 52, 88, 92, 78, 54, 83, 21, 67, 14, 19, 24, 21)(57, 20, 78, 59, 29, 12, 91, 78, 10, 39, 85, 54, 73, 34, 3)(44, 82, 78, 82, 38, 38, 94, 95, 46, 29, 10, 56, 33, 12, 10)(35, 67, 95, 66, 41, 72, 19, 53, 24, 83, 19, 5, 62, 48, 83)
line 94: nearestNeighbour (1,1,10,8,7,7,3,5,10,4,9,5,1,10,8)
(62, 62, 66, 42, 14, 32, 48, 8, 34, 50, 4, 16, 3, 41, 73)
line 95: kNearestNeighbour 4 (8,9,5,2,3,4,7,10,8,6,8,1,6,1,10)
(62, 62, 66, 42, 14, 32, 48, 8, 34, 50, 4, 16, 3, 41, 73)(39, 27, 36, 10, 48, 95, 36, 7, 64, 41, 44, 72, 51, 17, 53)(90, 24, 74, 99, 52, 9, 25, 49, 39, 16, 30, 38, 18, 73, 45)(29, 9, 59, 52, 65, 53, 12, 80, 8, 36, 85, 68, 83, 45, 5)
line 96: nearestNeighbour (8,6,2,1,9,3,1,8,6,8,6,1,1,10,4)
(62, 62, 66, 42, 14, 32, 48, 8, 34, 50, 4, 16, 3, 41, 73)
line 97: kNearestNeighbour 4 (10,3,4,1,3,9,8,8,1,1,4,5,6,3,1)
(62, 62, 66, 42, 14, 32, 48, 8, 34, 50, 4, 16, 3, 41, 73)(39, 27, 36, 10, 48, 95, 36, 7, 64, 41, 44, 72, 51, 17, 53)(90, 24, 74, 99, 52, 9, 25, 49, 39, 16, 30, 38, 18, 73, 45)(29, 9, 59, 52, 65, 53, 12, 80, 8, 36, 85, 68, 83, 45, 5)
line 98: kNearestNeighbour 4 (10,1,8,10,8,3,9,5,10,3,4,5,3,5,1)
(62, 62, 66, 42, 14, 32, 48, 8, 34, 50, 4, 16, 3, 41, 73)(39, 27, 36, 10, 48, 95, 36, 7, 64, 41, 44, 72, 51, 17, 53)(90, 24, 74, 99, 52, 9, 25, 49, 39, 16, 30, 38, 18, 73, 45)(29, 9, 59, 52, 65, 53, 12, 80, 8, 36, 85, 68, 83, 45, 5)
line 99: nearestNeighbour (8,5,4,9,4,10,2,1,1,3,8,10,9,1,10)
(62, 62, 66, 42, 14, 32, 48, 8, 34, 50, 4, 16, 3, 41, 73)
line 100: kNearestNeighbour 2 (2,3,2,7,1,2,7,10,3,7,1,9,8,5,6)
(62, 62, 66, 42, 14, 32, 48, 8, 34, 50, 4, 16, 3, 41, 73)(39, 27, 36, 10, 48, 95, 36, 7, 64, 41, 44, 72, 51, 17, 53)
line 101: kNearestNeighbour 4 (8,5,7,2,8,2,6,6,4,2,3,7,3,9,8)
(62, 62, 66, 42, 14, 32, 48, 8, 34, 50, 4, 16, 3, 41, 73)(39, 27, 36, 10, 48, 95, 36, 7, 64, 41, 44, 72, 51, 17, 53)(90, 24, 74, 99, 52, 9, 25, 49, 39, 16, 30, 38, 18, 73, 45)(29, 9, 59, 52, 65, 53, 12, 80, 8, 36, 85, 68, 83, 45, 5)
line 102: kNearestNeighbour 10 (10,3,9,2,7,9,6,1,6,10,7,2,8,10,2)
(62, 62, 66, 42, 14, 32, 48, 8, 34, 50, 4, 16, 3, 41, 73)(39, 27, 36, 10, 48, 95, 36, 7, 64, 41, 44, 72, 51, 17, 53)(90, 24, 74, 99, 52, 9, 25, 49, 39, 16, 30, 38, 18, 73, 45)(29, 9, 59, 52, 65, 53, 12, 80, 8, 36, 85, 68, 83, 45, 5)(22, 19, 50, 52, 88, 92, 78, 54, 83, 21, 67, 14, 19, 24, 21)(53, 41, 79, 30, 10, 17, 68, 76, 43, 38, 20, 92, 90, 49, 10)(57, 20, 78, 59, 29, 12, 91, 78, 10, 39, 85, 54, 73, 34, 3)(35, 67, 95, 66, 41, 72, 19, 53, 24, 83, 19, 5, 62, 48, 83)(23, 24, 67, 95, 85, 95, 26, 52, 45, 22, 87, 45, 21, 26, 43)(44, 82, 78, 82, 38, 38, 94, 95, 46, 29, 10, 56, 33, 12, 10)
line 103: nearestNeighbour (2,3,10,8,5,4,3,6,2,6,5,8,5,10,7)
(62, 62, 66, 42, 14, 32, 48, 8, 34, 50, 4, 16, 3, 41, 73)
line 104: nearestNeighbour (7,1,3,9,6,5,8,9,4,8,7,2,3,10,7)
(62, 62, 66, 42, 14, 32, 48, 8, 34, 50, 4, 16, 3, 41, 73)
line 105: kNearestNeighbour 8 (8,3,9,1,5,3,2,9,8,7,5,5,7,7,4)
(62, 62, 66, 42, 14, 32, 48, 8, 34, 50, 4, 16, 3, 41, 73)(39, 27, 36, 10, 48, 95, 36, 7, 64, 41, 44, 72, 51, 17, 53)(90, 24, 74, 99, 52, 9, 25, 49, 39, 16, 30, 38, 18, 73, 45)(29, 9, 59, 52, 65, 53, 12, 80, 8, 36, 85, 68, 83, 45, 5)(53, 41, 79, 30, 10, 17, 68, 76, 43, 38, 20, 92, 90, 49, 10)(22, 19, 50, 52, 88, 92, 78, 54, 83, 21, 67, 14, 19, 24, 21)(57, 20, 78, 59, 29, 12, 91, 78, 10, 39, 85, 54, 73, 34, 3)(35, 67, 95, 66, 41, 72, 19, 53, 24, 83, 19, 5, 62, 48, 83)
line 106: nearestNeighbour (9,9,4,8,8,7,7,7,8,5,4,10,10,9,5)
(62, 62, 66, 42, 14, 32, 48, 8, 34, 50, 4, 16, 3, 41, 73)
line 107: kNearestNeighbour 2 (10,6,3,7,7,4,7,1,10,3,4,8,9,7,3)
(62, 62, 66, 42, 14, 32, 48, 8, 34, 50, 4, 16, 3, 41, 73)(39, 27, 36, 10, 48, 95, 36, 7, 64, 41, 44, 72, 51, 17, 53)
line 108: kNearestNeighbour 9 (4,5,7,9,4,2,2,5,1,4,6,8,8,7,8)
(62, 62, 66, 42, 14, 32, 48, 8, 34, 50, 4, 16, 3, 41, 73)(39, 27, 36, 10, 48, 95, 36, 7, 64, 41, 44, 72, 51, 17, 53)(90, 24, 74, 99, 52, 9, 25, 49, 39, 16, 30, 38, 18, 73, 45)(29, 9, 59, 52, 65, 53, 12, 80, 8, 36, 85, 68, 83, 45, 5)(53, 41, 79, 30, 10, 17, 68, 76, 43, 38, 20, 92, 90, 49, 10)(22, 19, 50, 52, 88, 92, 78, 54, 83, 21, 67, 14, 19, 24, 21)(57, 20, 78, 59, 29, 12, 91, 78, 10, 39, 85, 54, 73, 34, 3)(23, 24, 67, 95, 85, 95, 26, 52, 45, 22, 87, 45, 21, 26, 43)(35, 67, 95, 66, 41, 72, 19, 53, 24, 83, 19, 5, 62, 48, 83)
line 109: nearestNeighbour (8,3,3,10,7,8,4,4,10,4,10,1,3,4,1)
(62, 62, 66, 42, 14, 32, 48, 8, 34, 50, 4, 16, 3, 41, 73)
line 110: kNearestNeighbour 3 (7,3,6,10,7,1,7,8,5,3,4,7,5,4,6)
(62, 62, 66, 42, 14, 32, 48, 8, 34, 50, 4, 16, 3, 41, 73)(39, 27, 36, 10, 48, 95, 36, 7, 64, 41, 44, 72, 51, 17, 53)(90, 24, 74, 99, 52, 9, 25, 49, 39, 16, 30, 38, 18, 73, 45)
line 111: kNearestNeighbour 2 (1,6,8,4,4,7,9,10,2,4,8,3,9,9,2)
(62, 62, 66, 42, 14, 32, 48, 8, 34, 50, 4, 16, 3, 41, 73)(39, 27, 36, 10, 48, 95, 36, 7, 64, 41, 44, 72, 51, 17, 53)
line 112: kNearestNeighbour 10 (10,6,10,3,6,8,4,7,4,6,1,6,8,1,6)
(62, 62, 66, 42, 14, 32, 48, 8, 34, 50, 4, 16, 3, 41, 73)(39, 27, 36, 10, 48, 95, 36, 7, 64, 41, 44, 72, 51, 17, 53)(90, 24, 74, 99, 52, 9, 25, 49, 39, 16, 30, 38, 18, 73, 45)(29, 9, 59, 52, 65, 53, 12, 80, 8, 36, 85, 68, 83, 45, 5)(53, 41, 79, 30, 10, 17, 68, 76, 43, 38, 20, 92, 90, 49, 10)(22, 19, 50, 52, 88, 92, 78, 54, 83, 21, 67, 14, 19, 24, 21)(57, 20, 78, 59, 29, 12, 91, 78, 10, 39, 85, 54, 73, 34, 3)(35, 67, 95, 66, 41, 72, 19, 53, 24, 83, 19, 5, 62, 48, 83)(44, 82, 78, 82, 38, 38, 94, 95, 46, 29, 10, 56, 33, 12, 10)(23, 24, 67, 95, 85, 95, 26, 52, 45, 22, 87, 45, 21, 26, 43)
line 113: nearestNeighbour (3,5,3,5,1,2,1,3,2,1,4,2,1,3,3)
(62, 62, 66, 42, 14, 32, 48, 8, 34, 50, 4, 16, 3, 41, 73)
line 114: kNearestNeighbour 9 (5,10,10,7,2,10,5,7,1,5,4,4,9,9,3)
(62, 62, 66, 42, 14, 32, 48, 8, 34, 50, 4, 16, 3, 41, 73)(39, 27, 36, 10, 48, 95, 36, 7, 64, 41, 44, 72, 51, 17, 53)(90, 24, 74, 99, 52, 9, 25, 49, 39, 16, 30, 38, 18, 73, 45)(29, 9, 59, 52, 65, 53, 12, 80, 8, 36, 85, 68, 83, 45, 5)(53, 41, 79, 30, 10, 17, 68, 76, 43, 38, 20, 92, 90, 49, 10)(22, 19, 50, 52, 88, 92, 78, 54, 83, 21, 67, 14, 19, 24, 21)(57, 20, 78, 59, 29, 12, 91, 78, 10, 39, 85, 54, 73, 34, 3)(35, 67, 95, 66, 41, 72, 19, 53, 24, 83, 19, 5, 62, 48, 83)(44, 82, 78, 82, 38, 38, 94, 95, 46, 29, 10, 56, 33, 12, 10)
line 115: kNearestNeighbour 6 (1,6,1,7,10,8,4,5,7,6,1,6,1,9,4)
(62, 62, 66, 42, 14, 32, 48, 8, 34, 50, 4, 16, 3, 41, 73)(39, 27, 36, 10, 48, 95, 36, 7, 64, 41, 44, 72, 51, 17, 53)(90, 24, 74, 99, 52, 9, 25, 49, 39, 16, 30, 38, 18, 73, 45)(29, 9, 59, 52, 65, 53, 12, 80, 8, 36, 85, 68, 83, 45, 5)(22, 19, 50, 52, 88, 92, 78, 54, 83, 21, 67, 14, 19, 24, 21)(53, 41, 79, 30, 10, 17, 68, 76, 43, 38, 20, 92, 90, 49, 10)
line 116: nearestNeighbour (6,4,4,2,6,9,1,3,1,1,5,10,8,6,10)
(62, 62, 66, 42, 14, 32, 48, 8, 34, 50, 4, 16, 3, 41, 73)
line 117: nearestNeighbour (10,9,6,9,4,4,7,6,8,5,9,9,8,5,10)
(62, 62, 66, 42, 14, 32, 48, 8, 34, 50, 4, 16, 3, 41, 73)
line 118: kNearestNeighbour 10 (8,10,3,2,4,5,10,8,4,9,1,8,10,7,1)
(62, 62, 66, 42, 14, 32, 48, 8, 34, 50, 4, 16, 3, 41, 73)(39, 27, 36, 10, 48, 95, 36, 7, 64, 41, 44, 72, 51, 17, 53)(90, 24, 74, 99, 52, 9, 25, 49, 39, 16, 30, 38, 18, 73, 45)(29, 9, 59, 52, 65, 53, 12, 80, 8, 36, 85, 68, 83, 45, 5)(53, 41, 79, 30, 10, 17, 68, 76, 43, 38, 20, 92, 90, 49, 10)(22, 19, 50, 52, 88, 92, 78, 54, 83, 21, 67, 14, 19, 24, 21)(57, 20, 78, 59, 29, 12, 91, 78, 10, 39, 85, 54, 73, 34, 3)(44, 82, 78, 82, 38, 38, 94, 95, 46, 29, 10, 56, 33, 12, 10)(35, 67, 95, 66, 41, 72, 19, 53, 24, 83, 19, 5, 62, 48, 83)(23, 24, 67, 95, 85, 95, 26, 52, 45, 22, 87, 45, 21, 26, 43)
line 119: nearestNeighbour (3,4,8,2,4,8,9,4,10,2,5,1,10,5,1)
(62, 62, 66, 42, 14, 32, 48, 8, 34, 50, 4, 16, 3, 41, 73)
line 120: nearestNeighbour (5,9,9,7,6,9,10,4,9,1,9,10,3,6,4)
(62, 62, 66, 42, 14, 32, 48, 8, 34, 50, 4, 16, 3, 41, 73)
line 121: kNearestNeighbour 5 (10,7,1,4,8,2,2,6,1,2,4,8,9,8,7)
(62, 62, 66, 42, 14, 32, 48, 8, 34, 50, 4, 16, 3, 41, 73)(39, 27, 36, 10, 48, 95, 36, 7, 64, 41, 44, 72, 51, 17, 53)(90, 24, 74, 99, 52, 9, 25, 49, 39, 16, 30, 38, 18, 73, 45)(29, 9, 59, 52, 65, 53, 12, 80, 8, 36, 85, 68, 83, 45, 5)(53, 41, 79, 30, 10, 17, 68, 76, 43, 38, 20, 92, 90, 49, 10)
line 122: nearestNeighbour (3,10,8,9,7,2,9,10,8,1,7,6,2,4,8)
(62, 62, 66, 42, 14, 32, 48, 8, 34, 50, 4, 16, 3, 41, 73)
line 123: nearestNeighbour (6,6,1,5,3,4,5,9,2,2,2,7,2,4,1)
(62, 62, 66, 42, 14, 32, 48, 8, 34, 50, 4, 16, 3, 41, 73)
line 124: nearestNeighbour (9,8,9,6,5,3,1,3,3,8,1,10,7,1,5)
(62, 62, 66, 42, 14, 32, 48, 8, 34, 50, 4, 16, 3, 41, 73)
line 125: kNearestNeighbour 6 (1,2,3,5,9,4,7,9,10,6,6,5,9,10,8)
(62, 62, 66, 42, 14, 32, 48, 8, 34, 50, 4, 16, 3, 41, 73)(39, 27, 36, 10, 48, 95, 36, 7, 64, 41, 44, 72, 51, 17, 53)(90, 24, 74, 99, 52, 9, 25, 49, 39, 16, 30, 38, 18, 73, 45)(29, 9, 59, 52, 65, 53, 12, 80, 8, 36, 85, 68, 83, 45, 5)(22, 19, 50, 52, 88, 92, 78, 54, 83, 21, 67, 14, 19, 24, 21)(53, 41, 79, 30, 10, 17, 68, 76, 43, 38, 20, 92, 90, 49, 10)
line 126: nearestNeighbour (1,2,5,1,6,4,9,6,8,5,8,6,7,8,9)
(62, 62, 66, 42, 14, 32, 48, 8, 34, 50, 4, 16, 3, 41, 73)
line 127: nearestNeighbour (9,3,2,8,10,4,1,1,3,2,3,3,3,10,8)
(62, 62, 66, 42, 14, 32, 48, 8, 34, 50, 4, 16, 3, 41, 73)
line 128: kNearestNeighbour 5 (5,1,1,10,8,1,6,4,9,4,3,7,10,5,5)
(62, 62, 66, 42, 14, 32, 48, 8, 34, 50, 4, 16, 3, 41, 73)(39, 27, 36, 10, 48, 95, 36, 7, 64, 41, 44, 72, 51, 17, 53)(90, 24, 74, 99, 52, 9, 25, 49, 39, 16, 30, 38, 18, 73, 45)(29, 9, 59, 52, 65, 53, 12, 80, 8, 36, 85, 68, 83, 45, 5)(22, 19, 50, 52, 88, 92, 78, 54, 83, 21, 67, 14, 19, 24, 21)
line 129: kNearestNeighbour 3 (3,2,9,2,10,7,10,1,5,5,1,2,7,1,6)
(62, 62, 66, 42, 14, 32, 48, 8, 34, 50, 4, 16, 3, 41, 73)(39, 27, 36, 10, 48, 95, 36, 7, 64, 41, 44, 72, 51, 17, 53)(90, 24, 74, 99, 52, 9, 25, 49, 39, 16, 30, 38, 18, 73, 45)
line 130: nearestNeighbour (3,4,2,8,2,5,2,3,1,6,9,2,1,5,3)
(62, 62, 66, 42, 14, 32, 48, 8, 34, 50, 4, 16, 3, 41, 73)
line 131: kNearestNeighbour 8 (1,3,4,3,3,2,8,5,8,10,9,4,6,3,7)
(62, 62, 66, 42, 14, 32, 48, 8, 34, 50, 4, 16, 3, 41, 73)(39, 27, 36, 10, 48, 95, 36, 7, 64, 41, 44, 72, 51, 17, 53)(90, 24, 74, 99, 52, 9, 25, 49, 39, 16, 30, 38, 18, 73, 45)(29, 9, 59, 52, 65, 53, 12, 80, 8, 36, 85, 68, 83, 45, 5)(22, 19, 50, 52, 88, 92, 78, 54, 83, 21, 67, 14, 19, 24, 21)(53, 41, 79, 30, 10, 17, 68, 76, 43, 38, 20, 92, 90, 49, 10)(57, 20, 78, 59, 29, 12, 91, 78, 10, 39, 85, 54, 73, 34, 3)(23, 24, 67, 95, 85, 95, 26, 52, 45, 22, 87, 45, 21, 26, 43)
line 132: nearestNeighbour (7,3,5,1,5,2,7,10,8,4,2,8,2,8,5)
(62, 62, 66, 42, 14, 32, 48, 8, 34, 50, 4, 16, 3, 41, 73)
line 133: kNearestNeighbour 7 (4,5,10,8,7,10,7,6,1,5,10,6,10,2,5)
(62, 62, 66, 42, 14, 32, 48, 8, 34, 50, 4, 16, 3, 41, 73)(39, 27, 36, 10, 48, 95, 36, 7, 64, 41, 44, 72, 51, 17, 53)(29, 9, 59, 52, 65, 53, 12, 80, 8, 36, 85, 68, 83, 45, 5)(90, 24, 74, 99, 52, 9, 25, 49, 39, 16, 30, 38, 18, 73, 45)(22, 19, 50, 52, 88, 92, 78, 54, 83, 21, 67, 14, 19, 24, 21)(53, 41, 79, 30, 10, 17, 68, 76, 43, 38, 20, 92, 90, 49, 10)(57, 20, 78, 59, 29, 12, 91, 78, 10, 39, 85, 54, 73, 34, 3)
line 134: kNearestNeighbour 2 (6,6,4,7,8,6,6,7,2,7,9,4,1,8,6)
(62, 62, 66, 42, 14, 32, 48, 8, 34, 50, 4, 16, 3, 41, 73)(39, 27, 36, 10, 48, 95, 36, 7, 64, 41, 44, 72, 51, 17, 53)
line 135: nearestNeighbour (3,8,10,7,8,1,8,8,3,5,1,6,3,3,9)
(62, 62, 66, 42, 14, 32, 48, 8, 34, 50, 4, 16, 3, 41, 73)
line 136: nearestNeighbour (6,6,4,7,2,5,8,2,7,4,3,4,6,10,3)
(62, 62, 66, 42, 14, 32, 48, 8, 34, 50, 4, 16, 3, 41, 73)
line 137: kNearestNeighbour 5 (10,5,3,9,4,10,10,6,4,1,5,2,6,9,9)
(62, 62, 66, 42, 14, 32, 48, 8, 34, 50, 4, 16, 3, 41, 73)(39, 27, 36, 10, 48, 95, 36, 7, 64, 41, 44, 72, 51, 17, 53)(90, 24, 74, 99, 52, 9, 25, 49, 39, 16, 30, 38, 18, 73, 45)(29, 9, 59, 52, 65, 53, 12, 80, 8, 36, 85, 68, 83, 45, 5)(22, 19, 50, 52, 88, 92, 78, 54, 83, 21, 67, 14, 19, 24, 21)
line 138: nearestNeighbour (3,10,4,5,4,8,5,8,9,10,2,10,3,9,3)
(62, 62, 66, 42, 14, 32, 48, 8, 34, 50, 4, 16, 3, 41, 73)
line 139: kNearestNeighbour 4 (4,10,5,5,3,5,5,9,3,10,2,2,7,8,6)
(62, 62, 66, 42, 14, 32, 48, 8, 34, 50, 4, 16, 3, 41, 73)(39, 27, 36, 10, 48, 95, 36, 7, 64, 41, 44, 72, 51, 17, 53)(90, 24, 74, 99, 52, 9, 25, 49, 39, 16, 30, 38, 18, 73, 45)(29, 9, 59, 52, 65, 53, 12, 80, 8, 36, 85, 68, 83, 45, 5)
line 140: kNearestNeighbour 2 (6,8,4,3,2,3,6,3,10,7,6,5,5,5,1)
(62, 62, 66, 42, 14, 32, 48, 8, 34, 50, 4, 16, 3, 41, 73)(39, 27, 36, 10, 48, 95, 36, 7, 64, 41, 44, 72, 51, 17, 53)
line 141: kNearestNeighbour 3 (7,3,7,4,8,8,7,8,7,10,9,6,2,2,6)
(62, 62, 66, 42, 14, 32, 48, 8, 34, 50, 4, 16, 3, 41, 73)(39, 27, 36, 10, 48, 95, 36, 7, 64, 41, 44, 72, 51, 17, 53)(90, 24, 74, 99, 52, 9, 25, 49, 39, 16, 30, 38, 18, 73, 45)
line 142: kNearestNeighbour 2 (4,2,2,2,4,4,7,6,8,10,10,10,2,9,2)
(62, 62, 66, 42, 14, 32, 48, 8, 34, 50, 4, 16, 3, 41, 73)(39, 27, 36, 10, 48, 95, 36, 7, 64, 41, 44, 72, 51, 17, 53)
line 143: nearestNeighbour (2,2,2,5,2,10,1,1,9,8,4,10,10,7,6)
(62, 62, 66, 42, 14, 32, 48, 8, 34, 50, 4, 16, 3, 41, 73)
line 144: kNearestNeighbour 1 (1,3,8,10,2,5,10,1,5,7,7,3,5,7,5)
(62, 62, 66, 42, 14, 32, 48, 8, 34, 50, 4, 16, 3, 41, 73)
line 145: kNearestNeighbour 8 (3,1,1,4,4,8,3,7,5,10,1,8,1,4,3)
(62, 62, 66, 42, 14, 32, 48, 8, 34, 50, 4, 16, 3, 41, 73)(39, 27, 36, 10, 48, 95, 36, 7, 64, 41, 44, 72, 51, 17, 53)(90, 24, 74, 99, 52, 9, 25, 49, 39, 16, 30, 38, 18, 73, 45)(29, 9, 59, 52, 65, 53, 12, 80, 8, 36, 85, 68, 83, 45, 5)(22, 19, 50, 52, 88, 92, 78, 54, 83, 21, 67, 14, 19, 24, 21)(53, 41, 79, 30, 10, 17, 68, 76, 43, 38, 20, 92, 90, 49, 10)(57, 20, 78, 59, 29, 12, 91, 78, 10, 39, 85, 54, 73, 34, 3)(23, 24, 67, 95, 85, 95, 26, 52, 45, 22, 87, 45, 21, 26, 43)
line 146: kNearestNeighbour 2 (4,8,6,2,5,4,6,4,3,7,8,10,10,1,9)
(62, 62, 66, 42, 14, 32, 48, 8, 34, 50, 4, 16, 3, 41, 73)(39, 27, 36, 10, 48, 95, 36, 7, 64, 41, 44, 72, 51, 17, 53)
line 147: kNearestNeighbour 3 (4,4,2,6,6,2,7,8,6,9,2,10,3,7,3)
(62, 62, 66, 42, 14, 32, 48, 8, 34, 50, 4, 16, 3, 41, 73)(39, 27, 36, 10, 48, 95, 36, 7, 64, 41, 44, 72, 51, 17, 53)(90, 24, 74, 99, 52, 9, 25, 49, 39, 16, 30, 38, 18, 73, 45)
line 148: kNearestNeighbour 9 (6,10,8,6,10,1,4,7,6,4,3,2,1,1,6)
(62, 62, 66, 42, 14, 32, 48, 8, 34, 50, 4, 16, 3, 41, 73)(39, 27, 36, 10, 48, 95, 36, 7, 64, 41, 44, 72, 51, 17, 53)(90, 24, 74, 99, 52, 9, 25, 49, 39, 16, 30, 38, 18, 73, 45)(29, 9, 59, 52, 65, 53, 12, 80, 8, 36, 85, 68, 83, 45, 5)(22, 19, 50, 52, 88, 92, 78, 54, 83, 21, 67, 14, 19, 24, 21)(53, 41, 79, 30, 10, 17, 68, 76, 43, 38, 20, 92, 90, 49, 10)(57, 20, 78, 59, 29, 12, 91, 78, 10, 39, 85, 54, 73, 34, 3)(44, 82, 78, 82, 38, 38, 94, 95, 46, 29, 10, 56, 33, 12, 10)(23, 24, 67, 95, 85, 95, 26, 52, 45, 22, 87, 45, 21, 26, 43)
line 149: nearestNeighbour (1,3,6,10,2,1,5,10,10,7,3,7,2,10,7)
(62, 62, 66, 42, 14, 32, 48, 8, 34, 50, 4, 16, 3, 41, 73)
line 150: nearestNeighbour (8,4,4,7,6,5,2,6,6,3,8,5,6,3,9)
(62, 62, 66, 42, 14, 32, 48, 8, 34, 50, 4, 16, 3, 41, 73)
line 151: kNearestNeighbour 7 (8,8,4,8,2,1,7,9,6,3,10,1,6,8,8)
(62, 62, 66, 42, 14, 32, 48, 8, 34, 50, 4, 16, 3, 41, 73)(39, 27, 36, 10, 48, 95, 36, 7, 64, 41, 44, 72, 51, 17, 53)(90, 24, 74, 99, 52, 9, 25, 49, 39, 16, 30, 38, 18, 73, 45)(29, 9, 59, 52, 65, 53, 12, 80, 8, 36, 85, 68, 83, 45, 5)(22, 19, 50, 52, 88, 92, 78, 54, 83, 21, 67, 14, 19, 24, 21)(53, 41, 79, 30, 10, 17, 68, 76, 43, 38, 20, 92, 90, 49, 10)(57, 20, 78, 59, 29, 12, 91, 78, 10, 39, 85, 54, 73, 34, 3)
line 152: nearestNeighbour (4,1,8,9,6,9,1,7,8,9,4,9,1,10,1)
(62, 62, 66, 42, 14, 32, 48, 8, 34, 50, 4, 16, 3, 41, 73)
line 153: kNearestNeighbour 7 (2,4,2,6,6,7,8,4,2,2,10,2,3,4,3)
