line 1: k=13
line 2: clear
line 3: buildTree 16
(14,58,11,37,100,11,13,70,58,100,14,58,18) (72,10,57,95,11,80,96,31,45,89,54,39,72) (63,100,11,57,16,47,47,67,66,9,2,18,53) (2,98,94,26,84,36,28,78,37,19,34,35,32) (96,85,46,21,2,80,19,70,24,21,99,80,51) (52,19,16,44,87,48,12,42,48,87,14,45,45) (57,95,92,22,14,47,73,5,60,67,58,55,10) (2,89,7,93,79,9,95,67,66,17,4,95,24) (71,1,50,63,96,37,94,43,62,76,96,8,17) (86,8,26,74,96,68,26,80,1,34,67,67,82) (42,14,33,39,29,53,80,41,2,67,35,3,40) (28,7,28,72,23,99,52,57,92,50,35,73,35) (84,91,20,70,66,80,45,81,70,28,1,19,54) (45,94,62,69,53,15,93,40,53,77,47,73,40) (99,20,49,61,73,26,79,34,19,68,72,28,34) (99,97,40,46,42,3,61,19,8,10,18,44,10) 
line 4: nodeCount_height_leafCount
nodeCount=16;height=5;leafCount=8
line 5: inorderTraversal
(52, 19, 16, 44, 87, 48, 12, 42, 48, 87, 14, 45, 45) (28, 7, 28, 72, 23, 99, 52, 57, 92, 50, 35, 73, 35) (42, 14, 33, 39, 29, 53, 80, 41, 2, 67, 35, 3, 40) (14, 58, 11, 37, 100, 11, 13, 70, 58, 100, 14, 58, 18) (2, 89, 7, 93, 79, 9, 95, 67, 66, 17, 4, 95, 24) (45, 94, 62, 69, 53, 15, 93, 40, 53, 77, 47, 73, 40) (2, 98, 94, 26, 84, 36, 28, 78, 37, 19, 34, 35, 32) (57, 95, 92, 22, 14, 47, 73, 5, 60, 67, 58, 55, 10) (86, 8, 26, 74, 96, 68, 26, 80, 1, 34, 67, 67, 82) (71, 1, 50, 63, 96, 37, 94, 43, 62, 76, 96, 8, 17) (72, 10, 57, 95, 11, 80, 96, 31, 45, 89, 54, 39, 72) (99, 20, 49, 61, 73, 26, 79, 34, 19, 68, 72, 28, 34) (63, 100, 11, 57, 16, 47, 47, 67, 66, 9, 2, 18, 53) (84, 91, 20, 70, 66, 80, 45, 81, 70, 28, 1, 19, 54) (96, 85, 46, 21, 2, 80, 19, 70, 24, 21, 99, 80, 51) (99, 97, 40, 46, 42, 3, 61, 19, 8, 10, 18, 44, 10) 
line 6: preorderTraversal
(57, 95, 92, 22, 14, 47, 73, 5, 60, 67, 58, 55, 10) (14, 58, 11, 37, 100, 11, 13, 70, 58, 100, 14, 58, 18) (28, 7, 28, 72, 23, 99, 52, 57, 92, 50, 35, 73, 35) (52, 19, 16, 44, 87, 48, 12, 42, 48, 87, 14, 45, 45) (42, 14, 33, 39, 29, 53, 80, 41, 2, 67, 35, 3, 40) (45, 94, 62, 69, 53, 15, 93, 40, 53, 77, 47, 73, 40) (2, 89, 7, 93, 79, 9, 95, 67, 66, 17, 4, 95, 24) (2, 98, 94, 26, 84, 36, 28, 78, 37, 19, 34, 35, 32) (99, 20, 49, 61, 73, 26, 79, 34, 19, 68, 72, 28, 34) (71, 1, 50, 63, 96, 37, 94, 43, 62, 76, 96, 8, 17) (86, 8, 26, 74, 96, 68, 26, 80, 1, 34, 67, 67, 82) (72, 10, 57, 95, 11, 80, 96, 31, 45, 89, 54, 39, 72) (84, 91, 20, 70, 66, 80, 45, 81, 70, 28, 1, 19, 54) (63, 100, 11, 57, 16, 47, 47, 67, 66, 9, 2, 18, 53) (96, 85, 46, 21, 2, 80, 19, 70, 24, 21, 99, 80, 51) (99, 97, 40, 46, 42, 3, 61, 19, 8, 10, 18, 44, 10) 
line 7: postorderTraversal
(52, 19, 16, 44, 87, 48, 12, 42, 48, 87, 14, 45, 45) (42, 14, 33, 39, 29, 53, 80, 41, 2, 67, 35, 3, 40) (28, 7, 28, 72, 23, 99, 52, 57, 92, 50, 35, 73, 35) (2, 89, 7, 93, 79, 9, 95, 67, 66, 17, 4, 95, 24) (2, 98, 94, 26, 84, 36, 28, 78, 37, 19, 34, 35, 32) (45, 94, 62, 69, 53, 15, 93, 40, 53, 77, 47, 73, 40) (14, 58, 11, 37, 100, 11, 13, 70, 58, 100, 14, 58, 18) (86, 8, 26, 74, 96, 68, 26, 80, 1, 34, 67, 67, 82) (72, 10, 57, 95, 11, 80, 96, 31, 45, 89, 54, 39, 72) (71, 1, 50, 63, 96, 37, 94, 43, 62, 76, 96, 8, 17) (63, 100, 11, 57, 16, 47, 47, 67, 66, 9, 2, 18, 53) (99, 97, 40, 46, 42, 3, 61, 19, 8, 10, 18, 44, 10) (96, 85, 46, 21, 2, 80, 19, 70, 24, 21, 99, 80, 51) (84, 91, 20, 70, 66, 80, 45, 81, 70, 28, 1, 19, 54) (99, 20, 49, 61, 73, 26, 79, 34, 19, 68, 72, 28, 34) (57, 95, 92, 22, 14, 47, 73, 5, 60, 67, 58, 55, 10) 
line 8: kNearestNeighbour 6 (4,7,1,10,7,5,3,5,8,6,3,3,3)
(42, 14, 33, 39, 29, 53, 80, 41, 2, 67, 35, 3, 40)(52, 19, 16, 44, 87, 48, 12, 42, 48, 87, 14, 45, 45)(99, 97, 40, 46, 42, 3, 61, 19, 8, 10, 18, 44, 10)(63, 100, 11, 57, 16, 47, 47, 67, 66, 9, 2, 18, 53)(14, 58, 11, 37, 100, 11, 13, 70, 58, 100, 14, 58, 18)(2, 98, 94, 26, 84, 36, 28, 78, 37, 19, 34, 35, 32)
line 9: kNearestNeighbour 10 (8,6,2,2,9,5,4,7,8,6,3,6,8)
(42, 14, 33, 39, 29, 53, 80, 41, 2, 67, 35, 3, 40)(52, 19, 16, 44, 87, 48, 12, 42, 48, 87, 14, 45, 45)(99, 97, 40, 46, 42, 3, 61, 19, 8, 10, 18, 44, 10)(63, 100, 11, 57, 16, 47, 47, 67, 66, 9, 2, 18, 53)(14, 58, 11, 37, 100, 11, 13, 70, 58, 100, 14, 58, 18)(2, 98, 94, 26, 84, 36, 28, 78, 37, 19, 34, 35, 32)(99, 20, 49, 61, 73, 26, 79, 34, 19, 68, 72, 28, 34)(28, 7, 28, 72, 23, 99, 52, 57, 92, 50, 35, 73, 35)(57, 95, 92, 22, 14, 47, 73, 5, 60, 67, 58, 55, 10)(84, 91, 20, 70, 66, 80, 45, 81, 70, 28, 1, 19, 54)
line 10: kNearestNeighbour 10 (5,2,4,1,2,2,4,6,1,6,4,10,3)
(42, 14, 33, 39, 29, 53, 80, 41, 2, 67, 35, 3, 40)(52, 19, 16, 44, 87, 48, 12, 42, 48, 87, 14, 45, 45)(99, 97, 40, 46, 42, 3, 61, 19, 8, 10, 18, 44, 10)(63, 100, 11, 57, 16, 47, 47, 67, 66, 9, 2, 18, 53)(14, 58, 11, 37, 100, 11, 13, 70, 58, 100, 14, 58, 18)(2, 98, 94, 26, 84, 36, 28, 78, 37, 19, 34, 35, 32)(99, 20, 49, 61, 73, 26, 79, 34, 19, 68, 72, 28, 34)(28, 7, 28, 72, 23, 99, 52, 57, 92, 50, 35, 73, 35)(57, 95, 92, 22, 14, 47, 73, 5, 60, 67, 58, 55, 10)(84, 91, 20, 70, 66, 80, 45, 81, 70, 28, 1, 19, 54)
line 11: nearestNeighbour (1,1,4,1,6,4,4,8,1,4,2,5,10)
(42, 14, 33, 39, 29, 53, 80, 41, 2, 67, 35, 3, 40)
line 12: nearestNeighbour (10,4,5,8,2,7,9,6,2,5,8,6,4)
(42, 14, 33, 39, 29, 53, 80, 41, 2, 67, 35, 3, 40)
line 13: nearestNeighbour (2,10,4,1,6,1,5,8,6,6,10,6,10)
(42, 14, 33, 39, 29, 53, 80, 41, 2, 67, 35, 3, 40)
line 14: kNearestNeighbour 2 (10,7,6,9,3,8,1,1,5,9,1,8,7)
(42, 14, 33, 39, 29, 53, 80, 41, 2, 67, 35, 3, 40)(52, 19, 16, 44, 87, 48, 12, 42, 48, 87, 14, 45, 45)
line 15: nearestNeighbour (10,5,1,3,6,10,1,5,4,3,9,5,5)
(42, 14, 33, 39, 29, 53, 80, 41, 2, 67, 35, 3, 40)
line 16: kNearestNeighbour 6 (9,2,10,5,8,4,3,8,1,9,3,10,7)
(42, 14, 33, 39, 29, 53, 80, 41, 2, 67, 35, 3, 40)(52, 19, 16, 44, 87, 48, 12, 42, 48, 87, 14, 45, 45)(99, 97, 40, 46, 42, 3, 61, 19, 8, 10, 18, 44, 10)(63, 100, 11, 57, 16, 47, 47, 67, 66, 9, 2, 18, 53)(14, 58, 11, 37, 100, 11, 13, 70, 58, 100, 14, 58, 18)(2, 98, 94, 26, 84, 36, 28, 78, 37, 19, 34, 35, 32)
line 17: kNearestNeighbour 1 (5,2,1,3,2,3,7,7,5,9,9,5,5)
(42, 14, 33, 39, 29, 53, 80, 41, 2, 67, 35, 3, 40)
line 18: nearestNeighbour (5,1,10,4,10,6,5,5,1,8,6,7,5)
(42, 14, 33, 39, 29, 53, 80, 41, 2, 67, 35, 3, 40)
line 19: nearestNeighbour (7,6,5,5,10,3,3,2,10,10,6,10,8)
(42, 14, 33, 39, 29, 53, 80, 41, 2, 67, 35, 3, 40)
line 20: nearestNeighbour (8,8,10,8,6,5,9,1,4,8,8,4,7)
(42, 14, 33, 39, 29, 53, 80, 41, 2, 67, 35, 3, 40)
line 21: nearestNeighbour (3,9,7,9,5,4,6,1,10,6,4,9,3)
(42, 14, 33, 39, 29, 53, 80, 41, 2, 67, 35, 3, 40)
line 22: kNearestNeighbour 5 (3,2,9,9,3,2,3,3,10,9,3,10,1)
(42, 14, 33, 39, 29, 53, 80, 41, 2, 67, 35, 3, 40)(52, 19, 16, 44, 87, 48, 12, 42, 48, 87, 14, 45, 45)(99, 97, 40, 46, 42, 3, 61, 19, 8, 10, 18, 44, 10)(63, 100, 11, 57, 16, 47, 47, 67, 66, 9, 2, 18, 53)(14, 58, 11, 37, 100, 11, 13, 70, 58, 100, 14, 58, 18)
line 23: kNearestNeighbour 4 (8,9,7,2,7,3,4,2,2,7,1,10,6)
(42, 14, 33, 39, 29, 53, 80, 41, 2, 67, 35, 3, 40)(99, 97, 40, 46, 42, 3, 61, 19, 8, 10, 18, 44, 10)(52, 19, 16, 44, 87, 48, 12, 42, 48, 87, 14, 45, 45)(63, 100, 11, 57, 16, 47, 47, 67, 66, 9, 2, 18, 53)
line 24: nearestNeighbour (5,9,5,5,5,10,2,10,10,6,7,9,10)
(42, 14, 33, 39, 29, 53, 80, 41, 2, 67, 35, 3, 40)
line 25: kNearestNeighbour 6 (10,7,10,10,3,10,1,6,10,3,3,4,3)
(42, 14, 33, 39, 29, 53, 80, 41, 2, 67, 35, 3, 40)(52, 19, 16, 44, 87, 48, 12, 42, 48, 87, 14, 45, 45)(99, 97, 40, 46, 42, 3, 61, 19, 8, 10, 18, 44, 10)(63, 100, 11, 57, 16, 47, 47, 67, 66, 9, 2, 18, 53)(14, 58, 11, 37, 100, 11, 13, 70, 58, 100, 14, 58, 18)(2, 98, 94, 26, 84, 36, 28, 78, 37, 19, 34, 35, 32)
line 26: kNearestNeighbour 3 (2,10,7,7,10,3,5,7,6,8,5,5,1)
(42, 14, 33, 39, 29, 53, 80, 41, 2, 67, 35, 3, 40)(52, 19, 16, 44, 87, 48, 12, 42, 48, 87, 14, 45, 45)(99, 97, 40, 46, 42, 3, 61, 19, 8, 10, 18, 44, 10)
line 27: kNearestNeighbour 10 (3,6,8,4,6,10,8,6,7,4,10,2,5)
(42, 14, 33, 39, 29, 53, 80, 41, 2, 67, 35, 3, 40)(52, 19, 16, 44, 87, 48, 12, 42, 48, 87, 14, 45, 45)(99, 97, 40, 46, 42, 3, 61, 19, 8, 10, 18, 44, 10)(63, 100, 11, 57, 16, 47, 47, 67, 66, 9, 2, 18, 53)(14, 58, 11, 37, 100, 11, 13, 70, 58, 100, 14, 58, 18)(2, 98, 94, 26, 84, 36, 28, 78, 37, 19, 34, 35, 32)(28, 7, 28, 72, 23, 99, 52, 57, 92, 50, 35, 73, 35)(99, 20, 49, 61, 73, 26, 79, 34, 19, 68, 72, 28, 34)(57, 95, 92, 22, 14, 47, 73, 5, 60, 67, 58, 55, 10)(84, 91, 20, 70, 66, 80, 45, 81, 70, 28, 1, 19, 54)
line 28: nearestNeighbour (6,6,4,7,10,4,2,9,8,5,9,3,5)
(42, 14, 33, 39, 29, 53, 80, 41, 2, 67, 35, 3, 40)
line 29: kNearestNeighbour 2 (10,7,7,6,9,10,9,3,5,9,4,7,2)
(42, 14, 33, 39, 29, 53, 80, 41, 2, 67, 35, 3, 40)(52, 19, 16, 44, 87, 48, 12, 42, 48, 87, 14, 45, 45)
line 30: nearestNeighbour (5,9,3,8,1,1,2,7,7,8,5,9,5)
(42, 14, 33, 39, 29, 53, 80, 41, 2, 67, 35, 3, 40)
line 31: kNearestNeighbour 4 (6,1,10,7,2,1,9,9,3,9,5,4,4)
(42, 14, 33, 39, 29, 53, 80, 41, 2, 67, 35, 3, 40)(52, 19, 16, 44, 87, 48, 12, 42, 48, 87, 14, 45, 45)(99, 97, 40, 46, 42, 3, 61, 19, 8, 10, 18, 44, 10)(63, 100, 11, 57, 16, 47, 47, 67, 66, 9, 2, 18, 53)
line 32: kNearestNeighbour 8 (4,7,2,9,3,4,6,9,2,10,8,5,1)
(42, 14, 33, 39, 29, 53, 80, 41, 2, 67, 35, 3, 40)(52, 19, 16, 44, 87, 48, 12, 42, 48, 87, 14, 45, 45)(99, 97, 40, 46, 42, 3, 61, 19, 8, 10, 18, 44, 10)(63, 100, 11, 57, 16, 47, 47, 67, 66, 9, 2, 18, 53)(14, 58, 11, 37, 100, 11, 13, 70, 58, 100, 14, 58, 18)(2, 98, 94, 26, 84, 36, 28, 78, 37, 19, 34, 35, 32)(99, 20, 49, 61, 73, 26, 79, 34, 19, 68, 72, 28, 34)(28, 7, 28, 72, 23, 99, 52, 57, 92, 50, 35, 73, 35)
line 33: kNearestNeighbour 9 (6,5,7,3,4,2,3,7,7,6,7,3,8)
(42, 14, 33, 39, 29, 53, 80, 41, 2, 67, 35, 3, 40)(52, 19, 16, 44, 87, 48, 12, 42, 48, 87, 14, 45, 45)(99, 97, 40, 46, 42, 3, 61, 19, 8, 10, 18, 44, 10)(63, 100, 11, 57, 16, 47, 47, 67, 66, 9, 2, 18, 53)(14, 58, 11, 37, 100, 11, 13, 70, 58, 100, 14, 58, 18)(2, 98, 94, 26, 84, 36, 28, 78, 37, 19, 34, 35, 32)(99, 20, 49, 61, 73, 26, 79, 34, 19, 68, 72, 28, 34)(28, 7, 28, 72, 23, 99, 52, 57, 92, 50, 35, 73, 35)(57, 95, 92, 22, 14, 47, 73, 5, 60, 67, 58, 55, 10)
line 34: kNearestNeighbour 9 (1,9,7,7,7,7,9,1,10,7,5,9,1)
(42, 14, 33, 39, 29, 53, 80, 41, 2, 67, 35, 3, 40)(52, 19, 16, 44, 87, 48, 12, 42, 48, 87, 14, 45, 45)(99, 97, 40, 46, 42, 3, 61, 19, 8, 10, 18, 44, 10)(63, 100, 11, 57, 16, 47, 47, 67, 66, 9, 2, 18, 53)(14, 58, 11, 37, 100, 11, 13, 70, 58, 100, 14, 58, 18)(2, 98, 94, 26, 84, 36, 28, 78, 37, 19, 34, 35, 32)(28, 7, 28, 72, 23, 99, 52, 57, 92, 50, 35, 73, 35)(57, 95, 92, 22, 14, 47, 73, 5, 60, 67, 58, 55, 10)(99, 20, 49, 61, 73, 26, 79, 34, 19, 68, 72, 28, 34)
line 35: nearestNeighbour (7,5,8,1,1,6,4,4,7,9,7,3,4)
(42, 14, 33, 39, 29, 53, 80, 41, 2, 67, 35, 3, 40)
line 36: kNearestNeighbour 10 (10,5,7,9,7,9,3,9,2,9,3,2,7)
(42, 14, 33, 39, 29, 53, 80, 41, 2, 67, 35, 3, 40)(52, 19, 16, 44, 87, 48, 12, 42, 48, 87, 14, 45, 45)(99, 97, 40, 46, 42, 3, 61, 19, 8, 10, 18, 44, 10)(63, 100, 11, 57, 16, 47, 47, 67, 66, 9, 2, 18, 53)(14, 58, 11, 37, 100, 11, 13, 70, 58, 100, 14, 58, 18)(2, 98, 94, 26, 84, 36, 28, 78, 37, 19, 34, 35, 32)(99, 20, 49, 61, 73, 26, 79, 34, 19, 68, 72, 28, 34)(28, 7, 28, 72, 23, 99, 52, 57, 92, 50, 35, 73, 35)(57, 95, 92, 22, 14, 47, 73, 5, 60, 67, 58, 55, 10)(84, 91, 20, 70, 66, 80, 45, 81, 70, 28, 1, 19, 54)
line 37: nearestNeighbour (8,3,7,2,5,6,3,1,5,1,1,3,3)
(42, 14, 33, 39, 29, 53, 80, 41, 2, 67, 35, 3, 40)
line 38: nearestNeighbour (10,5,2,5,5,6,9,5,4,8,1,9,6)
(42, 14, 33, 39, 29, 53, 80, 41, 2, 67, 35, 3, 40)
line 39: kNearestNeighbour 8 (4,1,5,7,1,5,10,9,1,9,8,6,6)
(42, 14, 33, 39, 29, 53, 80, 41, 2, 67, 35, 3, 40)(52, 19, 16, 44, 87, 48, 12, 42, 48, 87, 14, 45, 45)(99, 97, 40, 46, 42, 3, 61, 19, 8, 10, 18, 44, 10)(63, 100, 11, 57, 16, 47, 47, 67, 66, 9, 2, 18, 53)(14, 58, 11, 37, 100, 11, 13, 70, 58, 100, 14, 58, 18)(2, 98, 94, 26, 84, 36, 28, 78, 37, 19, 34, 35, 32)(99, 20, 49, 61, 73, 26, 79, 34, 19, 68, 72, 28, 34)(28, 7, 28, 72, 23, 99, 52, 57, 92, 50, 35, 73, 35)
line 40: nearestNeighbour (7,8,5,10,5,6,5,4,7,2,7,6,1)
(42, 14, 33, 39, 29, 53, 80, 41, 2, 67, 35, 3, 40)
line 41: nearestNeighbour (6,4,6,2,5,8,3,1,10,2,5,9,3)
(42, 14, 33, 39, 29, 53, 80, 41, 2, 67, 35, 3, 40)
line 42: kNearestNeighbour 1 (10,10,1,1,1,10,10,10,7,5,6,1,9)
(42, 14, 33, 39, 29, 53, 80, 41, 2, 67, 35, 3, 40)
line 43: nearestNeighbour (2,8,6,1,10,9,2,7,6,4,10,4,8)
(42, 14, 33, 39, 29, 53, 80, 41, 2, 67, 35, 3, 40)
line 44: kNearestNeighbour 1 (9,10,2,8,8,3,6,6,4,3,10,10,8)
(42, 14, 33, 39, 29, 53, 80, 41, 2, 67, 35, 3, 40)
line 45: kNearestNeighbour 1 (6,9,7,9,3,1,5,4,7,1,8,7,4)
(42, 14, 33, 39, 29, 53, 80, 41, 2, 67, 35, 3, 40)
line 46: nearestNeighbour (6,7,1,4,6,6,3,2,2,10,10,9,9)
(42, 14, 33, 39, 29, 53, 80, 41, 2, 67, 35, 3, 40)
line 47: kNearestNeighbour 1 (7,10,2,3,5,3,4,8,2,4,7,3,5)
(42, 14, 33, 39, 29, 53, 80, 41, 2, 67, 35, 3, 40)
line 48: nearestNeighbour (7,9,8,8,2,7,7,7,8,3,2,1,4)
(42, 14, 33, 39, 29, 53, 80, 41, 2, 67, 35, 3, 40)
line 49: nearestNeighbour (2,9,4,9,10,2,8,4,4,5,4,4,6)
(42, 14, 33, 39, 29, 53, 80, 41, 2, 67, 35, 3, 40)
line 50: kNearestNeighbour 1 (3,1,5,6,9,7,7,4,7,1,8,4,1)
(42, 14, 33, 39, 29, 53, 80, 41, 2, 67, 35, 3, 40)
line 51: nearestNeighbour (1,9,7,6,8,8,5,2,7,7,6,2,1)
(42, 14, 33, 39, 29, 53, 80, 41, 2, 67, 35, 3, 40)
line 52: kNearestNeighbour 7 (9,9,7,6,6,6,10,7,1,6,6,8,6)
(42, 14, 33, 39, 29, 53, 80, 41, 2, 67, 35, 3, 40)(99, 97, 40, 46, 42, 3, 61, 19, 8, 10, 18, 44, 10)(52, 19, 16, 44, 87, 48, 12, 42, 48, 87, 14, 45, 45)(63, 100, 11, 57, 16, 47, 47, 67, 66, 9, 2, 18, 53)(14, 58, 11, 37, 100, 11, 13, 70, 58, 100, 14, 58, 18)(2, 98, 94, 26, 84, 36, 28, 78, 37, 19, 34, 35, 32)(99, 20, 49, 61, 73, 26, 79, 34, 19, 68, 72, 28, 34)
line 53: kNearestNeighbour 3 (6,7,7,8,10,3,10,3,3,5,4,10,7)
(42, 14, 33, 39, 29, 53, 80, 41, 2, 67, 35, 3, 40)(99, 97, 40, 46, 42, 3, 61, 19, 8, 10, 18, 44, 10)(52, 19, 16, 44, 87, 48, 12, 42, 48, 87, 14, 45, 45)
line 54: kNearestNeighbour 10 (8,1,10,10,1,2,10,9,2,3,9,9,9)
(42, 14, 33, 39, 29, 53, 80, 41, 2, 67, 35, 3, 40)(99, 97, 40, 46, 42, 3, 61, 19, 8, 10, 18, 44, 10)(52, 19, 16, 44, 87, 48, 12, 42, 48, 87, 14, 45, 45)(63, 100, 11, 57, 16, 47, 47, 67, 66, 9, 2, 18, 53)(14, 58, 11, 37, 100, 11, 13, 70, 58, 100, 14, 58, 18)(2, 98, 94, 26, 84, 36, 28, 78, 37, 19, 34, 35, 32)(99, 20, 49, 61, 73, 26, 79, 34, 19, 68, 72, 28, 34)(28, 7, 28, 72, 23, 99, 52, 57, 92, 50, 35, 73, 35)(57, 95, 92, 22, 14, 47, 73, 5, 60, 67, 58, 55, 10)(45, 94, 62, 69, 53, 15, 93, 40, 53, 77, 47, 73, 40)
line 55: kNearestNeighbour 9 (2,4,7,3,4,1,4,7,10,6,7,7,6)
(42, 14, 33, 39, 29, 53, 80, 41, 2, 67, 35, 3, 40)(52, 19, 16, 44, 87, 48, 12, 42, 48, 87, 14, 45, 45)(99, 97, 40, 46, 42, 3, 61, 19, 8, 10, 18, 44, 10)(63, 100, 11, 57, 16, 47, 47, 67, 66, 9, 2, 18, 53)(14, 58, 11, 37, 100, 11, 13, 70, 58, 100, 14, 58, 18)(2, 98, 94, 26, 84, 36, 28, 78, 37, 19, 34, 35, 32)(28, 7, 28, 72, 23, 99, 52, 57, 92, 50, 35, 73, 35)(99, 20, 49, 61, 73, 26, 79, 34, 19, 68, 72, 28, 34)(57, 95, 92, 22, 14, 47, 73, 5, 60, 67, 58, 55, 10)
line 56: kNearestNeighbour 2 (3,10,8,9,8,4,10,5,6,6,4,7,3)
(42, 14, 33, 39, 29, 53, 80, 41, 2, 67, 35, 3, 40)(99, 97, 40, 46, 42, 3, 61, 19, 8, 10, 18, 44, 10)
line 57: nearestNeighbour (3,4,5,1,6,9,2,3,10,9,8,3,5)
(42, 14, 33, 39, 29, 53, 80, 41, 2, 67, 35, 3, 40)
line 58: nearestNeighbour (1,6,3,8,2,9,3,4,4,3,9,9,8)
(42, 14, 33, 39, 29, 53, 80, 41, 2, 67, 35, 3, 40)
line 59: nearestNeighbour (3,7,6,3,9,10,2,4,2,4,5,9,4)
(42, 14, 33, 39, 29, 53, 80, 41, 2, 67, 35, 3, 40)
line 60: kNearestNeighbour 1 (2,10,8,10,10,10,1,10,5,5,6,4,6)
(42, 14, 33, 39, 29, 53, 80, 41, 2, 67, 35, 3, 40)
line 61: nearestNeighbour (8,3,9,7,6,10,5,3,1,5,3,10,10)
(42, 14, 33, 39, 29, 53, 80, 41, 2, 67, 35, 3, 40)
line 62: kNearestNeighbour 9 (6,4,8,9,7,6,9,2,2,6,9,2,7)
(42, 14, 33, 39, 29, 53, 80, 41, 2, 67, 35, 3, 40)(52, 19, 16, 44, 87, 48, 12, 42, 48, 87, 14, 45, 45)(99, 97, 40, 46, 42, 3, 61, 19, 8, 10, 18, 44, 10)(63, 100, 11, 57, 16, 47, 47, 67, 66, 9, 2, 18, 53)(14, 58, 11, 37, 100, 11, 13, 70, 58, 100, 14, 58, 18)(2, 98, 94, 26, 84, 36, 28, 78, 37, 19, 34, 35, 32)(99, 20, 49, 61, 73, 26, 79, 34, 19, 68, 72, 28, 34)(28, 7, 28, 72, 23, 99, 52, 57, 92, 50, 35, 73, 35)(57, 95, 92, 22, 14, 47, 73, 5, 60, 67, 58, 55, 10)
line 63: kNearestNeighbour 6 (8,1,3,6,9,8,7,3,9,3,8,4,6)
(42, 14, 33, 39, 29, 53, 80, 41, 2, 67, 35, 3, 40)(52, 19, 16, 44, 87, 48, 12, 42, 48, 87, 14, 45, 45)(99, 97, 40, 46, 42, 3, 61, 19, 8, 10, 18, 44, 10)(63, 100, 11, 57, 16, 47, 47, 67, 66, 9, 2, 18, 53)(14, 58, 11, 37, 100, 11, 13, 70, 58, 100, 14, 58, 18)(2, 98, 94, 26, 84, 36, 28, 78, 37, 19, 34, 35, 32)
line 64: kNearestNeighbour 7 (2,2,10,8,6,10,10,6,6,6,2,4,9)
(42, 14, 33, 39, 29, 53, 80, 41, 2, 67, 35, 3, 40)(52, 19, 16, 44, 87, 48, 12, 42, 48, 87, 14, 45, 45)(99, 97, 40, 46, 42, 3, 61, 19, 8, 10, 18, 44, 10)(63, 100, 11, 57, 16, 47, 47, 67, 66, 9, 2, 18, 53)(14, 58, 11, 37, 100, 11, 13, 70, 58, 100, 14, 58, 18)(2, 98, 94, 26, 84, 36, 28, 78, 37, 19, 34, 35, 32)(28, 7, 28, 72, 23, 99, 52, 57, 92, 50, 35, 73, 35)
line 65: kNearestNeighbour 1 (7,6,2,4,3,2,6,9,1,9,6,9,8)
(42, 14, 33, 39, 29, 53, 80, 41, 2, 67, 35, 3, 40)
line 66: kNearestNeighbour 8 (5,1,9,5,4,7,10,1,9,7,7,2,4)
(42, 14, 33, 39, 29, 53, 80, 41, 2, 67, 35, 3, 40)(52, 19, 16, 44, 87, 48, 12, 42, 48, 87, 14, 45, 45)(99, 97, 40, 46, 42, 3, 61, 19, 8, 10, 18, 44, 10)(63, 100, 11, 57, 16, 47, 47, 67, 66, 9, 2, 18, 53)(14, 58, 11, 37, 100, 11, 13, 70, 58, 100, 14, 58, 18)(2, 98, 94, 26, 84, 36, 28, 78, 37, 19, 34, 35, 32)(99, 20, 49, 61, 73, 26, 79, 34, 19, 68, 72, 28, 34)(28, 7, 28, 72, 23, 99, 52, 57, 92, 50, 35, 73, 35)
line 67: kNearestNeighbour 8 (3,1,8,7,1,1,1,1,2,8,8,10,2)
(42, 14, 33, 39, 29, 53, 80, 41, 2, 67, 35, 3, 40)(52, 19, 16, 44, 87, 48, 12, 42, 48, 87, 14, 45, 45)(99, 97, 40, 46, 42, 3, 61, 19, 8, 10, 18, 44, 10)(63, 100, 11, 57, 16, 47, 47, 67, 66, 9, 2, 18, 53)(14, 58, 11, 37, 100, 11, 13, 70, 58, 100, 14, 58, 18)(2, 98, 94, 26, 84, 36, 28, 78, 37, 19, 34, 35, 32)(99, 20, 49, 61, 73, 26, 79, 34, 19, 68, 72, 28, 34)(28, 7, 28, 72, 23, 99, 52, 57, 92, 50, 35, 73, 35)
line 68: nearestNeighbour (4,2,9,5,4,7,1,4,5,5,5,9,10)
(42, 14, 33, 39, 29, 53, 80, 41, 2, 67, 35, 3, 40)
line 69: nearestNeighbour (2,9,9,1,6,3,10,10,6,1,5,2,4)
(42, 14, 33, 39, 29, 53, 80, 41, 2, 67, 35, 3, 40)
line 70: kNearestNeighbour 5 (6,5,3,8,3,3,3,1,6,6,8,8,1)
(42, 14, 33, 39, 29, 53, 80, 41, 2, 67, 35, 3, 40)(52, 19, 16, 44, 87, 48, 12, 42, 48, 87, 14, 45, 45)(99, 97, 40, 46, 42, 3, 61, 19, 8, 10, 18, 44, 10)(63, 100, 11, 57, 16, 47, 47, 67, 66, 9, 2, 18, 53)(14, 58, 11, 37, 100, 11, 13, 70, 58, 100, 14, 58, 18)
line 71: nearestNeighbour (1,3,4,6,5,10,10,6,1,9,10,8,1)
(42, 14, 33, 39, 29, 53, 80, 41, 2, 67, 35, 3, 40)
line 72: nearestNeighbour (1,5,6,1,1,8,2,2,4,3,4,5,8)
(42, 14, 33, 39, 29, 53, 80, 41, 2, 67, 35, 3, 40)
line 73: nearestNeighbour (9,4,5,3,10,1,8,8,9,2,7,5,8)
(42, 14, 33, 39, 29, 53, 80, 41, 2, 67, 35, 3, 40)
line 74: kNearestNeighbour 2 (10,8,6,2,4,9,4,2,8,4,4,10,3)
(42, 14, 33, 39, 29, 53, 80, 41, 2, 67, 35, 3, 40)(99, 97, 40, 46, 42, 3, 61, 19, 8, 10, 18, 44, 10)
line 75: kNearestNeighbour 7 (4,10,6,3,6,10,9,6,3,6,5,3,3)
(42, 14, 33, 39, 29, 53, 80, 41, 2, 67, 35, 3, 40)(52, 19, 16, 44, 87, 48, 12, 42, 48, 87, 14, 45, 45)(99, 97, 40, 46, 42, 3, 61, 19, 8, 10, 18, 44, 10)(63, 100, 11, 57, 16, 47, 47, 67, 66, 9, 2, 18, 53)(14, 58, 11, 37, 100, 11, 13, 70, 58, 100, 14, 58, 18)(2, 98, 94, 26, 84, 36, 28, 78, 37, 19, 34, 35, 32)(99, 20, 49, 61, 73, 26, 79, 34, 19, 68, 72, 28, 34)
line 76: nearestNeighbour (9,9,9,2,10,9,10,1,1,5,6,2,5)
(42, 14, 33, 39, 29, 53, 80, 41, 2, 67, 35, 3, 40)
line 77: kNearestNeighbour 3 (10,4,10,10,9,4,5,4,2,8,8,1,6)
(42, 14, 33, 39, 29, 53, 80, 41, 2, 67, 35, 3, 40)(52, 19, 16, 44, 87, 48, 12, 42, 48, 87, 14, 45, 45)(99, 97, 40, 46, 42, 3, 61, 19, 8, 10, 18, 44, 10)
line 78: nearestNeighbour (6,2,8,3,2,3,3,4,7,8,10,3,7)
(42, 14, 33, 39, 29, 53, 80, 41, 2, 67, 35, 3, 40)
line 79: kNearestNeighbour 1 (9,10,1,4,5,6,4,6,7,8,6,2,10)
(42, 14, 33, 39, 29, 53, 80, 41, 2, 67, 35, 3, 40)
line 80: kNearestNeighbour 1 (7,9,2,2,10,2,8,10,8,5,3,4,4)
(42, 14, 33, 39, 29, 53, 80, 41, 2, 67, 35, 3, 40)
line 81: nearestNeighbour (10,2,9,6,5,9,6,2,2,2,1,3,7)
(42, 14, 33, 39, 29, 53, 80, 41, 2, 67, 35, 3, 40)
line 82: nearestNeighbour (10,6,2,7,6,9,3,1,5,5,1,6,3)
(42, 14, 33, 39, 29, 53, 80, 41, 2, 67, 35, 3, 40)
line 83: nearestNeighbour (7,9,3,2,10,2,5,1,1,2,3,2,7)
(42, 14, 33, 39, 29, 53, 80, 41, 2, 67, 35, 3, 40)
line 84: kNearestNeighbour 9 (1,7,8,4,10,4,4,5,10,6,2,5,2)
(42, 14, 33, 39, 29, 53, 80, 41, 2, 67, 35, 3, 40)(52, 19, 16, 44, 87, 48, 12, 42, 48, 87, 14, 45, 45)(99, 97, 40, 46, 42, 3, 61, 19, 8, 10, 18, 44, 10)(63, 100, 11, 57, 16, 47, 47, 67, 66, 9, 2, 18, 53)(14, 58, 11, 37, 100, 11, 13, 70, 58, 100, 14, 58, 18)(2, 98, 94, 26, 84, 36, 28, 78, 37, 19, 34, 35, 32)(28, 7, 28, 72, 23, 99, 52, 57, 92, 50, 35, 73, 35)(99, 20, 49, 61, 73, 26, 79, 34, 19, 68, 72, 28, 34)(57, 95, 92, 22, 14, 47, 73, 5, 60, 67, 58, 55, 10)
line 85: nearestNeighbour (7,5,4,2,8,3,6,6,2,6,6,7,10)
(42, 14, 33, 39, 29, 53, 80, 41, 2, 67, 35, 3, 40)
line 86: kNearestNeighbour 3 (9,9,7,4,7,5,9,2,7,3,8,2,5)
(42, 14, 33, 39, 29, 53, 80, 41, 2, 67, 35, 3, 40)(99, 97, 40, 46, 42, 3, 61, 19, 8, 10, 18, 44, 10)(52, 19, 16, 44, 87, 48, 12, 42, 48, 87, 14, 45, 45)
line 87: kNearestNeighbour 7 (4,7,3,7,8,9,4,1,9,4,9,2,6)
(42, 14, 33, 39, 29, 53, 80, 41, 2, 67, 35, 3, 40)(52, 19, 16, 44, 87, 48, 12, 42, 48, 87, 14, 45, 45)(99, 97, 40, 46, 42, 3, 61, 19, 8, 10, 18, 44, 10)(63, 100, 11, 57, 16, 47, 47, 67, 66, 9, 2, 18, 53)(14, 58, 11, 37, 100, 11, 13, 70, 58, 100, 14, 58, 18)(2, 98, 94, 26, 84, 36, 28, 78, 37, 19, 34, 35, 32)(28, 7, 28, 72, 23, 99, 52, 57, 92, 50, 35, 73, 35)
line 88: nearestNeighbour (8,3,1,3,9,10,4,9,5,6,4,9,5)
(42, 14, 33, 39, 29, 53, 80, 41, 2, 67, 35, 3, 40)
line 89: kNearestNeighbour 8 (3,9,8,10,8,1,6,1,4,5,10,8,5)
(42, 14, 33, 39, 29, 53, 80, 41, 2, 67, 35, 3, 40)(99, 97, 40, 46, 42, 3, 61, 19, 8, 10, 18, 44, 10)(52, 19, 16, 44, 87, 48, 12, 42, 48, 87, 14, 45, 45)(63, 100, 11, 57, 16, 47, 47, 67, 66, 9, 2, 18, 53)(14, 58, 11, 37, 100, 11, 13, 70, 58, 100, 14, 58, 18)(2, 98, 94, 26, 84, 36, 28, 78, 37, 19, 34, 35, 32)(99, 20, 49, 61, 73, 26, 79, 34, 19, 68, 72, 28, 34)(28, 7, 28, 72, 23, 99, 52, 57, 92, 50, 35, 73, 35)
line 90: nearestNeighbour (7,5,6,10,6,5,8,5,10,10,3,1,5)
(42, 14, 33, 39, 29, 53, 80, 41, 2, 67, 35, 3, 40)
line 91: kNearestNeighbour 5 (6,9,7,5,6,8,10,4,7,10,9,5,7)
(42, 14, 33, 39, 29, 53, 80, 41, 2, 67, 35, 3, 40)(52, 19, 16, 44, 87, 48, 12, 42, 48, 87, 14, 45, 45)(99, 97, 40, 46, 42, 3, 61, 19, 8, 10, 18, 44, 10)(63, 100, 11, 57, 16, 47, 47, 67, 66, 9, 2, 18, 53)(14, 58, 11, 37, 100, 11, 13, 70, 58, 100, 14, 58, 18)
line 92: nearestNeighbour (9,8,7,1,10,5,5,9,8,6,1,4,9)
(42, 14, 33, 39, 29, 53, 80, 41, 2, 67, 35, 3, 40)
line 93: nearestNeighbour (9,9,5,9,4,7,5,3,1,9,7,3,5)
(42, 14, 33, 39, 29, 53, 80, 41, 2, 67, 35, 3, 40)
line 94: nearestNeighbour (6,9,6,1,10,8,8,4,5,8,5,1,8)
(42, 14, 33, 39, 29, 53, 80, 41, 2, 67, 35, 3, 40)
line 95: kNearestNeighbour 4 (1,1,9,4,6,2,6,4,8,2,5,3,2)
(42, 14, 33, 39, 29, 53, 80, 41, 2, 67, 35, 3, 40)(52, 19, 16, 44, 87, 48, 12, 42, 48, 87, 14, 45, 45)(99, 97, 40, 46, 42, 3, 61, 19, 8, 10, 18, 44, 10)(63, 100, 11, 57, 16, 47, 47, 67, 66, 9, 2, 18, 53)
line 96: nearestNeighbour (9,3,4,10,6,2,1,2,1,5,9,2,2)
(42, 14, 33, 39, 29, 53, 80, 41, 2, 67, 35, 3, 40)
line 97: nearestNeighbour (8,2,9,6,10,5,6,5,10,8,7,6,3)
(42, 14, 33, 39, 29, 53, 80, 41, 2, 67, 35, 3, 40)
line 98: nearestNeighbour (7,8,2,3,6,1,10,4,5,3,8,4,7)
(42, 14, 33, 39, 29, 53, 80, 41, 2, 67, 35, 3, 40)
line 99: nearestNeighbour (4,8,8,4,1,6,3,5,6,3,5,5,3)
(42, 14, 33, 39, 29, 53, 80, 41, 2, 67, 35, 3, 40)
line 100: nearestNeighbour (8,6,10,10,2,2,8,7,1,2,4,8,10)
(42, 14, 33, 39, 29, 53, 80, 41, 2, 67, 35, 3, 40)
line 101: nearestNeighbour (10,5,6,3,5,9,7,5,10,7,10,4,7)
(42, 14, 33, 39, 29, 53, 80, 41, 2, 67, 35, 3, 40)
line 102: nearestNeighbour (4,5,2,10,2,2,8,9,6,9,2,10,7)
(42, 14, 33, 39, 29, 53, 80, 41, 2, 67, 35, 3, 40)
line 103: kNearestNeighbour 10 (9,5,6,7,9,9,6,10,9,6,5,3,2)
(42, 14, 33, 39, 29, 53, 80, 41, 2, 67, 35, 3, 40)(52, 19, 16, 44, 87, 48, 12, 42, 48, 87, 14, 45, 45)(99, 97, 40, 46, 42, 3, 61, 19, 8, 10, 18, 44, 10)(63, 100, 11, 57, 16, 47, 47, 67, 66, 9, 2, 18, 53)(14, 58, 11, 37, 100, 11, 13, 70, 58, 100, 14, 58, 18)(2, 98, 94, 26, 84, 36, 28, 78, 37, 19, 34, 35, 32)(28, 7, 28, 72, 23, 99, 52, 57, 92, 50, 35, 73, 35)(99, 20, 49, 61, 73, 26, 79, 34, 19, 68, 72, 28, 34)(57, 95, 92, 22, 14, 47, 73, 5, 60, 67, 58, 55, 10)(84, 91, 20, 70, 66, 80, 45, 81, 70, 28, 1, 19, 54)
line 104: nearestNeighbour (5,8,10,10,5,4,4,7,4,4,3,9,9)
(42, 14, 33, 39, 29, 53, 80, 41, 2, 67, 35, 3, 40)
line 105: kNearestNeighbour 6 (7,5,10,8,5,4,5,8,9,9,7,10,6)
(42, 14, 33, 39, 29, 53, 80, 41, 2, 67, 35, 3, 40)(52, 19, 16, 44, 87, 48, 12, 42, 48, 87, 14, 45, 45)(99, 97, 40, 46, 42, 3, 61, 19, 8, 10, 18, 44, 10)(63, 100, 11, 57, 16, 47, 47, 67, 66, 9, 2, 18, 53)(14, 58, 11, 37, 100, 11, 13, 70, 58, 100, 14, 58, 18)(2, 98, 94, 26, 84, 36, 28, 78, 37, 19, 34, 35, 32)
line 106: nearestNeighbour (6,5,7,4,5,7,4,10,4,3,2,8,10)
(42, 14, 33, 39, 29, 53, 80, 41, 2, 67, 35, 3, 40)
line 107: nearestNeighbour (7,5,5,9,5,5,1,3,3,4,7,5,1)
(42, 14, 33, 39, 29, 53, 80, 41, 2, 67, 35, 3, 40)
line 108: nearestNeighbour (5,8,3,9,8,8,2,1,8,7,3,9,2)
(42, 14, 33, 39, 29, 53, 80, 41, 2, 67, 35, 3, 40)
line 109: kNearestNeighbour 3 (4,6,10,7,4,8,3,6,9,5,7,10,3)
(42, 14, 33, 39, 29, 53, 80, 41, 2, 67, 35, 3, 40)(52, 19, 16, 44, 87, 48, 12, 42, 48, 87, 14, 45, 45)(99, 97, 40, 46, 42, 3, 61, 19, 8, 10, 18, 44, 10)
line 110: kNearestNeighbour 7 (9,9,2,2,1,3,6,1,7,10,4,6,2)
(42, 14, 33, 39, 29, 53, 80, 41, 2, 67, 35, 3, 40)(99, 97, 40, 46, 42, 3, 61, 19, 8, 10, 18, 44, 10)(52, 19, 16, 44, 87, 48, 12, 42, 48, 87, 14, 45, 45)(63, 100, 11, 57, 16, 47, 47, 67, 66, 9, 2, 18, 53)(14, 58, 11, 37, 100, 11, 13, 70, 58, 100, 14, 58, 18)(2, 98, 94, 26, 84, 36, 28, 78, 37, 19, 34, 35, 32)(99, 20, 49, 61, 73, 26, 79, 34, 19, 68, 72, 28, 34)
line 111: kNearestNeighbour 4 (2,7,5,4,8,2,10,7,6,3,2,8,4)
(42, 14, 33, 39, 29, 53, 80, 41, 2, 67, 35, 3, 40)(52, 19, 16, 44, 87, 48, 12, 42, 48, 87, 14, 45, 45)(99, 97, 40, 46, 42, 3, 61, 19, 8, 10, 18, 44, 10)(63, 100, 11, 57, 16, 47, 47, 67, 66, 9, 2, 18, 53)
line 112: nearestNeighbour (1,5,10,1,3,3,10,1,4,1,2,9,2)
(42, 14, 33, 39, 29, 53, 80, 41, 2, 67, 35, 3, 40)
line 113: nearestNeighbour (9,9,4,9,4,7,7,3,8,10,7,1,3)
(42, 14, 33, 39, 29, 53, 80, 41, 2, 67, 35, 3, 40)
line 114: nearestNeighbour (2,9,1,9,7,6,4,3,1,9,10,1,1)
(42, 14, 33, 39, 29, 53, 80, 41, 2, 67, 35, 3, 40)
line 115: nearestNeighbour (8,10,7,2,5,5,10,2,5,7,7,4,1)
(42, 14, 33, 39, 29, 53, 80, 41, 2, 67, 35, 3, 40)
line 116: kNearestNeighbour 3 (9,5,5,8,2,10,8,4,2,4,1,6,8)
(42, 14, 33, 39, 29, 53, 80, 41, 2, 67, 35, 3, 40)(52, 19, 16, 44, 87, 48, 12, 42, 48, 87, 14, 45, 45)(99, 97, 40, 46, 42, 3, 61, 19, 8, 10, 18, 44, 10)
line 117: nearestNeighbour (3,1,7,3,2,2,7,8,9,1,5,4,5)
(42, 14, 33, 39, 29, 53, 80, 41, 2, 67, 35, 3, 40)
line 118: kNearestNeighbour 6 (9,3,1,8,3,9,5,5,5,4,7,2,8)
(42, 14, 33, 39, 29, 53, 80, 41, 2, 67, 35, 3, 40)(52, 19, 16, 44, 87, 48, 12, 42, 48, 87, 14, 45, 45)(99, 97, 40, 46, 42, 3, 61, 19, 8, 10, 18, 44, 10)(63, 100, 11, 57, 16, 47, 47, 67, 66, 9, 2, 18, 53)(14, 58, 11, 37, 100, 11, 13, 70, 58, 100, 14, 58, 18)(2, 98, 94, 26, 84, 36, 28, 78, 37, 19, 34, 35, 32)
line 119: nearestNeighbour (1,8,6,10,1,9,5,6,9,6,3,8,6)
(42, 14, 33, 39, 29, 53, 80, 41, 2, 67, 35, 3, 40)
line 120: kNearestNeighbour 8 (3,9,8,7,3,6,6,6,7,7,3,5,9)
(42, 14, 33, 39, 29, 53, 80, 41, 2, 67, 35, 3, 40)(52, 19, 16, 44, 87, 48, 12, 42, 48, 87, 14, 45, 45)(99, 97, 40, 46, 42, 3, 61, 19, 8, 10, 18, 44, 10)(63, 100, 11, 57, 16, 47, 47, 67, 66, 9, 2, 18, 53)(14, 58, 11, 37, 100, 11, 13, 70, 58, 100, 14, 58, 18)(2, 98, 94, 26, 84, 36, 28, 78, 37, 19, 34, 35, 32)(28, 7, 28, 72, 23, 99, 52, 57, 92, 50, 35, 73, 35)(99, 20, 49, 61, 73, 26, 79, 34, 19, 68, 72, 28, 34)
line 121: kNearestNeighbour 10 (5,1,9,4,4,10,3,6,6,2,10,1,10)
(42, 14, 33, 39, 29, 53, 80, 41, 2, 67, 35, 3, 40)(52, 19, 16, 44, 87, 48, 12, 42, 48, 87, 14, 45, 45)(99, 97, 40, 46, 42, 3, 61, 19, 8, 10, 18, 44, 10)(63, 100, 11, 57, 16, 47, 47, 67, 66, 9, 2, 18, 53)(14, 58, 11, 37, 100, 11, 13, 70, 58, 100, 14, 58, 18)(2, 98, 94, 26, 84, 36, 28, 78, 37, 19, 34, 35, 32)(28, 7, 28, 72, 23, 99, 52, 57, 92, 50, 35, 73, 35)(99, 20, 49, 61, 73, 26, 79, 34, 19, 68, 72, 28, 34)(57, 95, 92, 22, 14, 47, 73, 5, 60, 67, 58, 55, 10)(84, 91, 20, 70, 66, 80, 45, 81, 70, 28, 1, 19, 54)
line 122: nearestNeighbour (8,6,9,6,7,9,4,7,5,10,4,9,6)
(42, 14, 33, 39, 29, 53, 80, 41, 2, 67, 35, 3, 40)
line 123: kNearestNeighbour 7 (7,7,4,3,5,1,7,10,9,9,4,3,8)
(42, 14, 33, 39, 29, 53, 80, 41, 2, 67, 35, 3, 40)(52, 19, 16, 44, 87, 48, 12, 42, 48, 87, 14, 45, 45)(99, 97, 40, 46, 42, 3, 61, 19, 8, 10, 18, 44, 10)(63, 100, 11, 57, 16, 47, 47, 67, 66, 9, 2, 18, 53)(14, 58, 11, 37, 100, 11, 13, 70, 58, 100, 14, 58, 18)(2, 98, 94, 26, 84, 36, 28, 78, 37, 19, 34, 35, 32)(99, 20, 49, 61, 73, 26, 79, 34, 19, 68, 72, 28, 34)
line 124: nearestNeighbour (2,4,1,5,2,7,10,7,5,4,9,6,8)
(42, 14, 33, 39, 29, 53, 80, 41, 2, 67, 35, 3, 40)
line 125: nearestNeighbour (3,7,7,9,4,4,6,2,9,8,6,2,6)
(42, 14, 33, 39, 29, 53, 80, 41, 2, 67, 35, 3, 40)
line 126: kNearestNeighbour 1 (9,10,8,3,9,9,8,10,6,9,10,1,8)
(42, 14, 33, 39, 29, 53, 80, 41, 2, 67, 35, 3, 40)
line 127: nearestNeighbour (7,5,4,2,3,1,7,3,4,4,7,3,9)
(42, 14, 33, 39, 29, 53, 80, 41, 2, 67, 35, 3, 40)
line 128: nearestNeighbour (5,9,8,7,9,8,5,2,1,9,6,3,9)
(42, 14, 33, 39, 29, 53, 80, 41, 2, 67, 35, 3, 40)
line 129: nearestNeighbour (5,5,1,5,4,7,2,8,2,10,7,5,6)
(42, 14, 33, 39, 29, 53, 80, 41, 2, 67, 35, 3, 40)
line 130: nearestNeighbour (1,7,7,8,5,10,10,5,1,7,5,2,3)
(42, 14, 33, 39, 29, 53, 80, 41, 2, 67, 35, 3, 40)
line 131: nearestNeighbour (2,3,10,10,3,4,1,4,5,9,8,9,9)
(42, 14, 33, 39, 29, 53, 80, 41, 2, 67, 35, 3, 40)
line 132: kNearestNeighbour 8 (4,3,10,8,3,1,7,5,7,4,9,2,8)
(42, 14, 33, 39, 29, 53, 80, 41, 2, 67, 35, 3, 40)(52, 19, 16, 44, 87, 48, 12, 42, 48, 87, 14, 45, 45)(99, 97, 40, 46, 42, 3, 61, 19, 8, 10, 18, 44, 10)(63, 100, 11, 57, 16, 47, 47, 67, 66, 9, 2, 18, 53)(14, 58, 11, 37, 100, 11, 13, 70, 58, 100, 14, 58, 18)(2, 98, 94, 26, 84, 36, 28, 78, 37, 19, 34, 35, 32)(99, 20, 49, 61, 73, 26, 79, 34, 19, 68, 72, 28, 34)(28, 7, 28, 72, 23, 99, 52, 57, 92, 50, 35, 73, 35)
line 133: nearestNeighbour (1,1,6,7,6,4,8,8,2,6,1,7,1)
(42, 14, 33, 39, 29, 53, 80, 41, 2, 67, 35, 3, 40)
line 134: kNearestNeighbour 6 (6,8,3,8,5,1,3,7,10,9,2,4,2)
(42, 14, 33, 39, 29, 53, 80, 41, 2, 67, 35, 3, 40)(52, 19, 16, 44, 87, 48, 12, 42, 48, 87, 14, 45, 45)(99, 97, 40, 46, 42, 3, 61, 19, 8, 10, 18, 44, 10)(63, 100, 11, 57, 16, 47, 47, 67, 66, 9, 2, 18, 53)(14, 58, 11, 37, 100, 11, 13, 70, 58, 100, 14, 58, 18)(2, 98, 94, 26, 84, 36, 28, 78, 37, 19, 34, 35, 32)
line 135: nearestNeighbour (2,8,6,7,6,9,9,5,10,10,7,1,10)
(42, 14, 33, 39, 29, 53, 80, 41, 2, 67, 35, 3, 40)
line 136: kNearestNeighbour 10 (2,9,3,4,5,7,8,5,1,9,8,6,5)
(42, 14, 33, 39, 29, 53, 80, 41, 2, 67, 35, 3, 40)(52, 19, 16, 44, 87, 48, 12, 42, 48, 87, 14, 45, 45)(99, 97, 40, 46, 42, 3, 61, 19, 8, 10, 18, 44, 10)(63, 100, 11, 57, 16, 47, 47, 67, 66, 9, 2, 18, 53)(14, 58, 11, 37, 100, 11, 13, 70, 58, 100, 14, 58, 18)(2, 98, 94, 26, 84, 36, 28, 78, 37, 19, 34, 35, 32)(99, 20, 49, 61, 73, 26, 79, 34, 19, 68, 72, 28, 34)(28, 7, 28, 72, 23, 99, 52, 57, 92, 50, 35, 73, 35)(57, 95, 92, 22, 14, 47, 73, 5, 60, 67, 58, 55, 10)(84, 91, 20, 70, 66, 80, 45, 81, 70, 28, 1, 19, 54)
line 137: kNearestNeighbour 8 (7,3,8,6,1,1,4,7,2,2,9,6,4)
(42, 14, 33, 39, 29, 53, 80, 41, 2, 67, 35, 3, 40)(99, 97, 40, 46, 42, 3, 61, 19, 8, 10, 18, 44, 10)(52, 19, 16, 44, 87, 48, 12, 42, 48, 87, 14, 45, 45)(63, 100, 11, 57, 16, 47, 47, 67, 66, 9, 2, 18, 53)(14, 58, 11, 37, 100, 11, 13, 70, 58, 100, 14, 58, 18)(2, 98, 94, 26, 84, 36, 28, 78, 37, 19, 34, 35, 32)(99, 20, 49, 61, 73, 26, 79, 34, 19, 68, 72, 28, 34)(28, 7, 28, 72, 23, 99, 52, 57, 92, 50, 35, 73, 35)
line 138: nearestNeighbour (1,3,2,2,7,5,6,6,5,4,2,10,7)
(42, 14, 33, 39, 29, 53, 80, 41, 2, 67, 35, 3, 40)
line 139: nearestNeighbour (1,9,2,6,8,6,3,5,8,6,9,10,5)
(42, 14, 33, 39, 29, 53, 80, 41, 2, 67, 35, 3, 40)
line 140: nearestNeighbour (7,5,1,5,7,7,2,5,3,1,5,3,2)
(42, 14, 33, 39, 29, 53, 80, 41, 2, 67, 35, 3, 40)
line 141: kNearestNeighbour 1 (4,4,3,4,8,5,7,4,5,9,4,1,10)
(42, 14, 33, 39, 29, 53, 80, 41, 2, 67, 35, 3, 40)
line 142: kNearestNeighbour 7 (7,4,7,8,5,2,9,1,2,8,6,9,10)
(42, 14, 33, 39, 29, 53, 80, 41, 2, 67, 35, 3, 40)(52, 19, 16, 44, 87, 48, 12, 42, 48, 87, 14, 45, 45)(99, 97, 40, 46, 42, 3, 61, 19, 8, 10, 18, 44, 10)(63, 100, 11, 57, 16, 47, 47, 67, 66, 9, 2, 18, 53)(14, 58, 11, 37, 100, 11, 13, 70, 58, 100, 14, 58, 18)(99, 20, 49, 61, 73, 26, 79, 34, 19, 68, 72, 28, 34)(2, 98, 94, 26, 84, 36, 28, 78, 37, 19, 34, 35, 32)
line 143: kNearestNeighbour 5 (2,6,9,9,4,6,8,10,6,2,9,3,9)
(42, 14, 33, 39, 29, 53, 80, 41, 2, 67, 35, 3, 40)(52, 19, 16, 44, 87, 48, 12, 42, 48, 87, 14, 45, 45)(99, 97, 40, 46, 42, 3, 61, 19, 8, 10, 18, 44, 10)(63, 100, 11, 57, 16, 47, 47, 67, 66, 9, 2, 18, 53)(2, 98, 94, 26, 84, 36, 28, 78, 37, 19, 34, 35, 32)
line 144: nearestNeighbour (8,5,4,1,9,7,7,6,8,9,2,1,4)
(42, 14, 33, 39, 29, 53, 80, 41, 2, 67, 35, 3, 40)
line 145: kNearestNeighbour 5 (2,10,4,9,2,5,10,10,9,4,7,1,8)
(42, 14, 33, 39, 29, 53, 80, 41, 2, 67, 35, 3, 40)(52, 19, 16, 44, 87, 48, 12, 42, 48, 87, 14, 45, 45)(99, 97, 40, 46, 42, 3, 61, 19, 8, 10, 18, 44, 10)(63, 100, 11, 57, 16, 47, 47, 67, 66, 9, 2, 18, 53)(14, 58, 11, 37, 100, 11, 13, 70, 58, 100, 14, 58, 18)
line 146: kNearestNeighbour 9 (8,2,7,8,7,9,10,9,10,3,6,5,3)
(42, 14, 33, 39, 29, 53, 80, 41, 2, 67, 35, 3, 40)(52, 19, 16, 44, 87, 48, 12, 42, 48, 87, 14, 45, 45)(99, 97, 40, 46, 42, 3, 61, 19, 8, 10, 18, 44, 10)(63, 100, 11, 57, 16, 47, 47, 67, 66, 9, 2, 18, 53)(14, 58, 11, 37, 100, 11, 13, 70, 58, 100, 14, 58, 18)(2, 98, 94, 26, 84, 36, 28, 78, 37, 19, 34, 35, 32)(28, 7, 28, 72, 23, 99, 52, 57, 92, 50, 35, 73, 35)(99, 20, 49, 61, 73, 26, 79, 34, 19, 68, 72, 28, 34)(57, 95, 92, 22, 14, 47, 73, 5, 60, 67, 58, 55, 10)
line 147: kNearestNeighbour 6 (6,1,9,7,6,4,8,4,9,10,5,6,8)
(42, 14, 33, 39, 29, 53, 80, 41, 2, 67, 35, 3, 40)(52, 19, 16, 44, 87, 48, 12, 42, 48, 87, 14, 45, 45)(99, 97, 40, 46, 42, 3, 61, 19, 8, 10, 18, 44, 10)(63, 100, 11, 57, 16, 47, 47, 67, 66, 9, 2, 18, 53)(14, 58, 11, 37, 100, 11, 13, 70, 58, 100, 14, 58, 18)(2, 98, 94, 26, 84, 36, 28, 78, 37, 19, 34, 35, 32)
line 148: nearestNeighbour (2,1,8,6,3,4,2,1,4,6,2,7,1)
(42, 14, 33, 39, 29, 53, 80, 41, 2, 67, 35, 3, 40)
line 149: kNearestNeighbour 6 (7,3,9,4,8,1,7,7,5,7,2,7,10)
(42, 14, 33, 39, 29, 53, 80, 41, 2, 67, 35, 3, 40)(52, 19, 16, 44, 87, 48, 12, 42, 48, 87, 14, 45, 45)(99, 97, 40, 46, 42, 3, 61, 19, 8, 10, 18, 44, 10)(63, 100, 11, 57, 16, 47, 47, 67, 66, 9, 2, 18, 53)(14, 58, 11, 37, 100, 11, 13, 70, 58, 100, 14, 58, 18)(2, 98, 94, 26, 84, 36, 28, 78, 37, 19, 34, 35, 32)
line 150: kNearestNeighbour 2 (4,2,8,10,9,10,10,4,7,6,7,1,3)
(42, 14, 33, 39, 29, 53, 80, 41, 2, 67, 35, 3, 40)(52, 19, 16, 44, 87, 48, 12, 42, 48, 87, 14, 45, 45)
line 151: nearestNeighbour (9,4,2,7,8,2,9,5,3,7,3,4,3)
(42, 14, 33, 39, 29, 53, 80, 41, 2, 67, 35, 3, 40)
line 152: kNearestNeighbour 4 (1,9,4,5,4,7,7,5,8,2,8,1,2)
(42, 14, 33, 39, 29, 53, 80, 41, 2, 67, 35, 3, 40)(99, 97, 40, 46, 42, 3, 61, 19, 8, 10, 18, 44, 10)(52, 19, 16, 44, 87, 48, 12, 42, 48, 87, 14, 45, 45)(63, 100, 11, 57, 16, 47, 47, 67, 66, 9, 2, 18, 53)
line 153: nearestNeighbour (7,7,7,9,7,9,5,5,4,6,2,2,1)
(42, 14, 33, 39, 29, 53, 80, 41, 2, 67, 35, 3, 40)
line 154: kNearestNeighbour 2 (7,2,6,9,8,4,8,10,6,6,1,4,3)
(42, 14, 33, 39, 29, 53, 80, 41, 2, 67, 35, 3, 40)(52, 19, 16, 44, 87, 48, 12, 42, 48, 87, 14, 45, 45)
line 155: nearestNeighbour (9,7,3,9,9,3,4,8,5,3,1,10,1)
(42, 14, 33, 39, 29, 53, 80, 41, 2, 67, 35, 3, 40)
line 156: nearestNeighbour (3,1,5,4,5,3,3,3,7,1,1,2,7)
(42, 14, 33, 39, 29, 53, 80, 41, 2, 67, 35, 3, 40)
line 157: kNearestNeighbour 2 (4,10,6,4,4,4,1,10,9,6,4,10,2)
(42, 14, 33, 39, 29, 53, 80, 41, 2, 67, 35, 3, 40)(52, 19, 16, 44, 87, 48, 12, 42, 48, 87, 14, 45, 45)
line 158: kNearestNeighbour 1 (4,10,10,2,5,2,5,3,2,10,1,7,2)
(42, 14, 33, 39, 29, 53, 80, 41, 2, 67, 35, 3, 40)
line 159: kNearestNeighbour 6 (6,3,6,8,2,8,1,9,10,10,10,6,9)
(42, 14, 33, 39, 29, 53, 80, 41, 2, 67, 35, 3, 40)(52, 19, 16, 44, 87, 48, 12, 42, 48, 87, 14, 45, 45)(99, 97, 40, 46, 42, 3, 61, 19, 8, 10, 18, 44, 10)(63, 100, 11, 57, 16, 47, 47, 67, 66, 9, 2, 18, 53)(14, 58, 11, 37, 100, 11, 13, 70, 58, 100, 14, 58, 18)(28, 7, 28, 72, 23, 99, 52, 57, 92, 50, 35, 73, 35)
line 160: nearestNeighbour (8,2,2,10,3,6,6,10,8,9,5,3,3)
(42, 14, 33, 39, 29, 53, 80, 41, 2, 67, 35, 3, 40)
line 161: kNearestNeighbour 10 (4,5,8,8,6,9,10,10,2,10,2,4,4)
(42, 14, 33, 39, 29, 53, 80, 41, 2, 67, 35, 3, 40)(52, 19, 16, 44, 87, 48, 12, 42, 48, 87, 14, 45, 45)(99, 97, 40, 46, 42, 3, 61, 19, 8, 10, 18, 44, 10)(63, 100, 11, 57, 16, 47, 47, 67, 66, 9, 2, 18, 53)(14, 58, 11, 37, 100, 11, 13, 70, 58, 100, 14, 58, 18)(2, 98, 94, 26, 84, 36, 28, 78, 37, 19, 34, 35, 32)(99, 20, 49, 61, 73, 26, 79, 34, 19, 68, 72, 28, 34)(28, 7, 28, 72, 23, 99, 52, 57, 92, 50, 35, 73, 35)(57, 95, 92, 22, 14, 47, 73, 5, 60, 67, 58, 55, 10)(84, 91, 20, 70, 66, 80, 45, 81, 70, 28, 1, 19, 54)
line 162: kNearestNeighbour 8 (3,4,8,7,8,1,3,5,9,9,7,9,3)
(42, 14, 33, 39, 29, 53, 80, 41, 2, 67, 35, 3, 40)(52, 19, 16, 44, 87, 48, 12, 42, 48, 87, 14, 45, 45)(99, 97, 40, 46, 42, 3, 61, 19, 8, 10, 18, 44, 10)(63, 100, 11, 57, 16, 47, 47, 67, 66, 9, 2, 18, 53)(14, 58, 11, 37, 100, 11, 13, 70, 58, 100, 14, 58, 18)(2, 98, 94, 26, 84, 36, 28, 78, 37, 19, 34, 35, 32)(99, 20, 49, 61, 73, 26, 79, 34, 19, 68, 72, 28, 34)(28, 7, 28, 72, 23, 99, 52, 57, 92, 50, 35, 73, 35)
line 163: nearestNeighbour (1,6,4,4,9,2,10,7,2,7,4,1,10)
(42, 14, 33, 39, 29, 53, 80, 41, 2, 67, 35, 3, 40)
line 164: nearestNeighbour (7,8,4,5,9,6,5,4,8,4,2,10,3)
(42, 14, 33, 39, 29, 53, 80, 41, 2, 67, 35, 3, 40)
line 165: nearestNeighbour (8,6,1,3,3,2,10,7,7,10,2,3,1)
(42, 14, 33, 39, 29, 53, 80, 41, 2, 67, 35, 3, 40)
line 166: nearestNeighbour (6,8,4,7,10,8,2,5,9,3,9,6,2)
(42, 14, 33, 39, 29, 53, 80, 41, 2, 67, 35, 3, 40)
line 167: nearestNeighbour (3,9,10,5,9,2,10,5,2,3,1,10,9)
(42, 14, 33, 39, 29, 53, 80, 41, 2, 67, 35, 3, 40)
line 168: nearestNeighbour (4,9,2,6,4,8,1,10,6,1,5,8,5)
(42, 14, 33, 39, 29, 53, 80, 41, 2, 67, 35, 3, 40)
line 169: nearestNeighbour (5,9,1,1,8,6,3,9,3,8,2,4,5)
(42, 14, 33, 39, 29, 53, 80, 41, 2, 67, 35, 3, 40)
line 170: kNearestNeighbour 10 (10,4,10,6,3,4,9,1,5,3,9,5,1)
(42, 14, 33, 39, 29, 53, 80, 41, 2, 67, 35, 3, 40)(99, 97, 40, 46, 42, 3, 61, 19, 8, 10, 18, 44, 10)(52, 19, 16, 44, 87, 48, 12, 42, 48, 87, 14, 45, 45)(63, 100, 11, 57, 16, 47, 47, 67, 66, 9, 2, 18, 53)(14, 58, 11, 37, 100, 11, 13, 70, 58, 100, 14, 58, 18)(2, 98, 94, 26, 84, 36, 28, 78, 37, 19, 34, 35, 32)(99, 20, 49, 61, 73, 26, 79, 34, 19, 68, 72, 28, 34)(57, 95, 92, 22, 14, 47, 73, 5, 60, 67, 58, 55, 10)(28, 7, 28, 72, 23, 99, 52, 57, 92, 50, 35, 73, 35)(45, 94, 62, 69, 53, 15, 93, 40, 53, 77, 47, 73, 40)
line 171: kNearestNeighbour 8 (8,6,1,3,4,9,7,8,3,3,7,4,8)
(42, 14, 33, 39, 29, 53, 80, 41, 2, 67, 35, 3, 40)(52, 19, 16, 44, 87, 48, 12, 42, 48, 87, 14, 45, 45)(99, 97, 40, 46, 42, 3, 61, 19, 8, 10, 18, 44, 10)(63, 100, 11, 57, 16, 47, 47, 67, 66, 9, 2, 18, 53)(14, 58, 11, 37, 100, 11, 13, 70, 58, 100, 14, 58, 18)(2, 98, 94, 26, 84, 36, 28, 78, 37, 19, 34, 35, 32)(99, 20, 49, 61, 73, 26, 79, 34, 19, 68, 72, 28, 34)(28, 7, 28, 72, 23, 99, 52, 57, 92, 50, 35, 73, 35)
line 172: kNearestNeighbour 9 (10,5,8,4,3,3,5,3,5,8,4,7,5)
(42, 14, 33, 39, 29, 53, 80, 41, 2, 67, 35, 3, 40)(52, 19, 16, 44, 87, 48, 12, 42, 48, 87, 14, 45, 45)(99, 97, 40, 46, 42, 3, 61, 19, 8, 10, 18, 44, 10)(63, 100, 11, 57, 16, 47, 47, 67, 66, 9, 2, 18, 53)(14, 58, 11, 37, 100, 11, 13, 70, 58, 100, 14, 58, 18)(2, 98, 94, 26, 84, 36, 28, 78, 37, 19, 34, 35, 32)(99, 20, 49, 61, 73, 26, 79, 34, 19, 68, 72, 28, 34)(28, 7, 28, 72, 23, 99, 52, 57, 92, 50, 35, 73, 35)(57, 95, 92, 22, 14, 47, 73, 5, 60, 67, 58, 55, 10)
line 173: nearestNeighbour (8,10,5,4,10,7,3,7,9,5,4,10,8)
(42, 14, 33, 39, 29, 53, 80, 41, 2, 67, 35, 3, 40)
