line 1: k=18
line 2: clear
line 3: buildTree 12
(57,94,84,73,47,43,99,19,6,48,82,96,11,37,99,8,31,47) (87,78,53,8,52,65,36,40,68,66,12,28,51,50,77,8,42,88) (51,100,10,28,14,27,33,47,60,7,40,80,8,15,25,85,84,51) (43,69,32,40,4,93,19,81,94,32,53,64,25,54,5,79,57,48) (4,49,68,35,19,53,44,10,35,74,47,9,99,7,85,44,58,47) (63,18,10,75,23,12,74,2,22,19,83,68,40,11,67,34,52,84) (67,78,63,40,71,29,98,31,99,97,15,94,32,85,29,77,6,54) (98,85,83,45,100,3,22,26,86,68,10,29,23,65,100,46,52,43) (51,40,8,31,79,89,53,12,99,59,45,3,5,1,78,78,12,45) (87,11,42,11,44,19,90,67,41,2,15,31,5,35,7,60,76,84) (93,5,20,64,17,60,56,96,22,21,9,3,46,27,30,27,65,82) (1,96,59,83,16,92,58,40,58,76,7,34,44,100,85,98,58,40) 
line 4: nodeCount_height_leafCount
nodeCount=12;height=4;leafCount=5
line 5: inorderTraversal
(51, 40, 8, 31, 79, 89, 53, 12, 99, 59, 45, 3, 5, 1, 78, 78, 12, 45) (4, 49, 68, 35, 19, 53, 44, 10, 35, 74, 47, 9, 99, 7, 85, 44, 58, 47) (43, 69, 32, 40, 4, 93, 19, 81, 94, 32, 53, 64, 25, 54, 5, 79, 57, 48) (51, 100, 10, 28, 14, 27, 33, 47, 60, 7, 40, 80, 8, 15, 25, 85, 84, 51) (1, 96, 59, 83, 16, 92, 58, 40, 58, 76, 7, 34, 44, 100, 85, 98, 58, 40) (57, 94, 84, 73, 47, 43, 99, 19, 6, 48, 82, 96, 11, 37, 99, 8, 31, 47) (93, 5, 20, 64, 17, 60, 56, 96, 22, 21, 9, 3, 46, 27, 30, 27, 65, 82) (87, 11, 42, 11, 44, 19, 90, 67, 41, 2, 15, 31, 5, 35, 7, 60, 76, 84) (63, 18, 10, 75, 23, 12, 74, 2, 22, 19, 83, 68, 40, 11, 67, 34, 52, 84) (87, 78, 53, 8, 52, 65, 36, 40, 68, 66, 12, 28, 51, 50, 77, 8, 42, 88) (67, 78, 63, 40, 71, 29, 98, 31, 99, 97, 15, 94, 32, 85, 29, 77, 6, 54) (98, 85, 83, 45, 100, 3, 22, 26, 86, 68, 10, 29, 23, 65, 100, 46, 52, 43) 
line 6: preorderTraversal
(57, 94, 84, 73, 47, 43, 99, 19, 6, 48, 82, 96, 11, 37, 99, 8, 31, 47) (43, 69, 32, 40, 4, 93, 19, 81, 94, 32, 53, 64, 25, 54, 5, 79, 57, 48) (51, 40, 8, 31, 79, 89, 53, 12, 99, 59, 45, 3, 5, 1, 78, 78, 12, 45) (4, 49, 68, 35, 19, 53, 44, 10, 35, 74, 47, 9, 99, 7, 85, 44, 58, 47) (51, 100, 10, 28, 14, 27, 33, 47, 60, 7, 40, 80, 8, 15, 25, 85, 84, 51) (1, 96, 59, 83, 16, 92, 58, 40, 58, 76, 7, 34, 44, 100, 85, 98, 58, 40) (63, 18, 10, 75, 23, 12, 74, 2, 22, 19, 83, 68, 40, 11, 67, 34, 52, 84) (93, 5, 20, 64, 17, 60, 56, 96, 22, 21, 9, 3, 46, 27, 30, 27, 65, 82) (87, 11, 42, 11, 44, 19, 90, 67, 41, 2, 15, 31, 5, 35, 7, 60, 76, 84) (67, 78, 63, 40, 71, 29, 98, 31, 99, 97, 15, 94, 32, 85, 29, 77, 6, 54) (87, 78, 53, 8, 52, 65, 36, 40, 68, 66, 12, 28, 51, 50, 77, 8, 42, 88) (98, 85, 83, 45, 100, 3, 22, 26, 86, 68, 10, 29, 23, 65, 100, 46, 52, 43) 
line 7: postorderTraversal
(4, 49, 68, 35, 19, 53, 44, 10, 35, 74, 47, 9, 99, 7, 85, 44, 58, 47) (51, 40, 8, 31, 79, 89, 53, 12, 99, 59, 45, 3, 5, 1, 78, 78, 12, 45) (1, 96, 59, 83, 16, 92, 58, 40, 58, 76, 7, 34, 44, 100, 85, 98, 58, 40) (51, 100, 10, 28, 14, 27, 33, 47, 60, 7, 40, 80, 8, 15, 25, 85, 84, 51) (43, 69, 32, 40, 4, 93, 19, 81, 94, 32, 53, 64, 25, 54, 5, 79, 57, 48) (87, 11, 42, 11, 44, 19, 90, 67, 41, 2, 15, 31, 5, 35, 7, 60, 76, 84) (93, 5, 20, 64, 17, 60, 56, 96, 22, 21, 9, 3, 46, 27, 30, 27, 65, 82) (87, 78, 53, 8, 52, 65, 36, 40, 68, 66, 12, 28, 51, 50, 77, 8, 42, 88) (98, 85, 83, 45, 100, 3, 22, 26, 86, 68, 10, 29, 23, 65, 100, 46, 52, 43) (67, 78, 63, 40, 71, 29, 98, 31, 99, 97, 15, 94, 32, 85, 29, 77, 6, 54) (63, 18, 10, 75, 23, 12, 74, 2, 22, 19, 83, 68, 40, 11, 67, 34, 52, 84) (57, 94, 84, 73, 47, 43, 99, 19, 6, 48, 82, 96, 11, 37, 99, 8, 31, 47) 
line 8: nearestNeighbour (7,4,9,6,10,10,6,6,1,10,2,10,6,3,4,6,5,5)
(87, 11, 42, 11, 44, 19, 90, 67, 41, 2, 15, 31, 5, 35, 7, 60, 76, 84)
line 9: kNearestNeighbour 5 (9,9,4,10,2,7,3,10,4,9,7,3,1,4,9,2,10,5)
(93, 5, 20, 64, 17, 60, 56, 96, 22, 21, 9, 3, 46, 27, 30, 27, 65, 82)(63, 18, 10, 75, 23, 12, 74, 2, 22, 19, 83, 68, 40, 11, 67, 34, 52, 84)(87, 11, 42, 11, 44, 19, 90, 67, 41, 2, 15, 31, 5, 35, 7, 60, 76, 84)(51, 100, 10, 28, 14, 27, 33, 47, 60, 7, 40, 80, 8, 15, 25, 85, 84, 51)(4, 49, 68, 35, 19, 53, 44, 10, 35, 74, 47, 9, 99, 7, 85, 44, 58, 47)
line 10: nearestNeighbour (1,2,5,6,8,3,10,10,6,6,9,3,3,2,3,5,6,7)
(87, 11, 42, 11, 44, 19, 90, 67, 41, 2, 15, 31, 5, 35, 7, 60, 76, 84)
line 11: kNearestNeighbour 4 (5,3,9,1,3,4,2,1,7,6,2,7,3,6,2,7,10,6)
(87, 11, 42, 11, 44, 19, 90, 67, 41, 2, 15, 31, 5, 35, 7, 60, 76, 84)(63, 18, 10, 75, 23, 12, 74, 2, 22, 19, 83, 68, 40, 11, 67, 34, 52, 84)(51, 100, 10, 28, 14, 27, 33, 47, 60, 7, 40, 80, 8, 15, 25, 85, 84, 51)(93, 5, 20, 64, 17, 60, 56, 96, 22, 21, 9, 3, 46, 27, 30, 27, 65, 82)
line 12: kNearestNeighbour 7 (10,7,3,5,8,2,2,7,1,2,8,2,10,10,9,2,7,9)
(63, 18, 10, 75, 23, 12, 74, 2, 22, 19, 83, 68, 40, 11, 67, 34, 52, 84)(93, 5, 20, 64, 17, 60, 56, 96, 22, 21, 9, 3, 46, 27, 30, 27, 65, 82)(87, 11, 42, 11, 44, 19, 90, 67, 41, 2, 15, 31, 5, 35, 7, 60, 76, 84)(4, 49, 68, 35, 19, 53, 44, 10, 35, 74, 47, 9, 99, 7, 85, 44, 58, 47)(51, 100, 10, 28, 14, 27, 33, 47, 60, 7, 40, 80, 8, 15, 25, 85, 84, 51)(51, 40, 8, 31, 79, 89, 53, 12, 99, 59, 45, 3, 5, 1, 78, 78, 12, 45)(87, 78, 53, 8, 52, 65, 36, 40, 68, 66, 12, 28, 51, 50, 77, 8, 42, 88)
line 13: kNearestNeighbour 6 (1,6,6,1,4,10,8,4,6,10,2,8,1,5,10,9,10,10)
(87, 11, 42, 11, 44, 19, 90, 67, 41, 2, 15, 31, 5, 35, 7, 60, 76, 84)(4, 49, 68, 35, 19, 53, 44, 10, 35, 74, 47, 9, 99, 7, 85, 44, 58, 47)(63, 18, 10, 75, 23, 12, 74, 2, 22, 19, 83, 68, 40, 11, 67, 34, 52, 84)(51, 100, 10, 28, 14, 27, 33, 47, 60, 7, 40, 80, 8, 15, 25, 85, 84, 51)(93, 5, 20, 64, 17, 60, 56, 96, 22, 21, 9, 3, 46, 27, 30, 27, 65, 82)(51, 40, 8, 31, 79, 89, 53, 12, 99, 59, 45, 3, 5, 1, 78, 78, 12, 45)
line 14: kNearestNeighbour 3 (3,9,7,8,3,6,7,9,7,9,1,10,1,10,8,5,9,2)
(87, 11, 42, 11, 44, 19, 90, 67, 41, 2, 15, 31, 5, 35, 7, 60, 76, 84)(51, 100, 10, 28, 14, 27, 33, 47, 60, 7, 40, 80, 8, 15, 25, 85, 84, 51)(93, 5, 20, 64, 17, 60, 56, 96, 22, 21, 9, 3, 46, 27, 30, 27, 65, 82)
line 15: kNearestNeighbour 6 (2,10,9,6,6,7,9,5,5,4,9,10,9,4,4,2,5,10)
(63, 18, 10, 75, 23, 12, 74, 2, 22, 19, 83, 68, 40, 11, 67, 34, 52, 84)(87, 11, 42, 11, 44, 19, 90, 67, 41, 2, 15, 31, 5, 35, 7, 60, 76, 84)(4, 49, 68, 35, 19, 53, 44, 10, 35, 74, 47, 9, 99, 7, 85, 44, 58, 47)(93, 5, 20, 64, 17, 60, 56, 96, 22, 21, 9, 3, 46, 27, 30, 27, 65, 82)(51, 100, 10, 28, 14, 27, 33, 47, 60, 7, 40, 80, 8, 15, 25, 85, 84, 51)(51, 40, 8, 31, 79, 89, 53, 12, 99, 59, 45, 3, 5, 1, 78, 78, 12, 45)
line 16: nearestNeighbour (8,10,2,7,5,9,10,3,8,10,7,7,7,9,7,10,7,5)
(63, 18, 10, 75, 23, 12, 74, 2, 22, 19, 83, 68, 40, 11, 67, 34, 52, 84)
line 17: nearestNeighbour (5,5,2,7,10,6,8,2,3,10,6,6,10,5,1,5,9,9)
(63, 18, 10, 75, 23, 12, 74, 2, 22, 19, 83, 68, 40, 11, 67, 34, 52, 84)
line 18: nearestNeighbour (4,8,10,6,8,10,3,3,4,4,1,8,1,6,7,1,6,1)
(87, 11, 42, 11, 44, 19, 90, 67, 41, 2, 15, 31, 5, 35, 7, 60, 76, 84)
line 19: nearestNeighbour (4,7,4,8,10,1,4,9,7,3,8,4,4,8,8,2,1,10)
(63, 18, 10, 75, 23, 12, 74, 2, 22, 19, 83, 68, 40, 11, 67, 34, 52, 84)
line 20: kNearestNeighbour 5 (1,2,7,6,10,6,6,10,3,10,8,7,6,3,2,3,10,3)
(87, 11, 42, 11, 44, 19, 90, 67, 41, 2, 15, 31, 5, 35, 7, 60, 76, 84)(93, 5, 20, 64, 17, 60, 56, 96, 22, 21, 9, 3, 46, 27, 30, 27, 65, 82)(63, 18, 10, 75, 23, 12, 74, 2, 22, 19, 83, 68, 40, 11, 67, 34, 52, 84)(4, 49, 68, 35, 19, 53, 44, 10, 35, 74, 47, 9, 99, 7, 85, 44, 58, 47)(51, 100, 10, 28, 14, 27, 33, 47, 60, 7, 40, 80, 8, 15, 25, 85, 84, 51)
line 21: kNearestNeighbour 5 (9,4,4,5,1,6,10,4,6,5,9,5,4,5,8,10,9,2)
(63, 18, 10, 75, 23, 12, 74, 2, 22, 19, 83, 68, 40, 11, 67, 34, 52, 84)(87, 11, 42, 11, 44, 19, 90, 67, 41, 2, 15, 31, 5, 35, 7, 60, 76, 84)(93, 5, 20, 64, 17, 60, 56, 96, 22, 21, 9, 3, 46, 27, 30, 27, 65, 82)(51, 100, 10, 28, 14, 27, 33, 47, 60, 7, 40, 80, 8, 15, 25, 85, 84, 51)(4, 49, 68, 35, 19, 53, 44, 10, 35, 74, 47, 9, 99, 7, 85, 44, 58, 47)
line 22: nearestNeighbour (8,1,1,3,3,7,4,8,3,8,1,5,9,9,2,5,3,8)
(93, 5, 20, 64, 17, 60, 56, 96, 22, 21, 9, 3, 46, 27, 30, 27, 65, 82)
line 23: kNearestNeighbour 4 (8,10,2,1,9,8,8,1,4,10,6,7,7,4,8,10,8,4)
(63, 18, 10, 75, 23, 12, 74, 2, 22, 19, 83, 68, 40, 11, 67, 34, 52, 84)(87, 11, 42, 11, 44, 19, 90, 67, 41, 2, 15, 31, 5, 35, 7, 60, 76, 84)(4, 49, 68, 35, 19, 53, 44, 10, 35, 74, 47, 9, 99, 7, 85, 44, 58, 47)(51, 100, 10, 28, 14, 27, 33, 47, 60, 7, 40, 80, 8, 15, 25, 85, 84, 51)
line 24: nearestNeighbour (9,5,3,9,10,9,6,6,9,1,5,9,7,3,4,8,6,9)
(87, 11, 42, 11, 44, 19, 90, 67, 41, 2, 15, 31, 5, 35, 7, 60, 76, 84)
line 25: kNearestNeighbour 3 (1,6,7,2,4,3,7,6,3,6,7,6,8,2,5,9,4,8)
(87, 11, 42, 11, 44, 19, 90, 67, 41, 2, 15, 31, 5, 35, 7, 60, 76, 84)(63, 18, 10, 75, 23, 12, 74, 2, 22, 19, 83, 68, 40, 11, 67, 34, 52, 84)(4, 49, 68, 35, 19, 53, 44, 10, 35, 74, 47, 9, 99, 7, 85, 44, 58, 47)
line 26: kNearestNeighbour 4 (3,1,10,9,7,3,4,2,1,4,1,5,4,6,1,6,6,10)
(87, 11, 42, 11, 44, 19, 90, 67, 41, 2, 15, 31, 5, 35, 7, 60, 76, 84)(63, 18, 10, 75, 23, 12, 74, 2, 22, 19, 83, 68, 40, 11, 67, 34, 52, 84)(93, 5, 20, 64, 17, 60, 56, 96, 22, 21, 9, 3, 46, 27, 30, 27, 65, 82)(4, 49, 68, 35, 19, 53, 44, 10, 35, 74, 47, 9, 99, 7, 85, 44, 58, 47)
line 27: kNearestNeighbour 9 (6,4,9,8,2,8,5,10,7,7,10,9,9,10,3,8,2,3)
(87, 11, 42, 11, 44, 19, 90, 67, 41, 2, 15, 31, 5, 35, 7, 60, 76, 84)(93, 5, 20, 64, 17, 60, 56, 96, 22, 21, 9, 3, 46, 27, 30, 27, 65, 82)(63, 18, 10, 75, 23, 12, 74, 2, 22, 19, 83, 68, 40, 11, 67, 34, 52, 84)(4, 49, 68, 35, 19, 53, 44, 10, 35, 74, 47, 9, 99, 7, 85, 44, 58, 47)(51, 100, 10, 28, 14, 27, 33, 47, 60, 7, 40, 80, 8, 15, 25, 85, 84, 51)(51, 40, 8, 31, 79, 89, 53, 12, 99, 59, 45, 3, 5, 1, 78, 78, 12, 45)(43, 69, 32, 40, 4, 93, 19, 81, 94, 32, 53, 64, 25, 54, 5, 79, 57, 48)(87, 78, 53, 8, 52, 65, 36, 40, 68, 66, 12, 28, 51, 50, 77, 8, 42, 88)(57, 94, 84, 73, 47, 43, 99, 19, 6, 48, 82, 96, 11, 37, 99, 8, 31, 47)
line 28: nearestNeighbour (5,5,6,5,1,1,3,6,1,7,10,6,10,2,2,10,4,1)
(63, 18, 10, 75, 23, 12, 74, 2, 22, 19, 83, 68, 40, 11, 67, 34, 52, 84)
line 29: nearestNeighbour (3,6,6,1,5,3,8,2,9,9,3,4,8,6,9,5,7,4)
(4, 49, 68, 35, 19, 53, 44, 10, 35, 74, 47, 9, 99, 7, 85, 44, 58, 47)
line 30: nearestNeighbour (6,6,7,8,3,5,1,4,7,1,6,3,4,1,8,4,7,4)
(63, 18, 10, 75, 23, 12, 74, 2, 22, 19, 83, 68, 40, 11, 67, 34, 52, 84)
line 31: nearestNeighbour (7,2,2,8,4,9,1,6,10,10,6,10,9,4,9,6,8,6)
(63, 18, 10, 75, 23, 12, 74, 2, 22, 19, 83, 68, 40, 11, 67, 34, 52, 84)
line 32: nearestNeighbour (9,8,3,7,8,8,10,10,9,3,3,10,6,7,3,2,6,4)
(87, 11, 42, 11, 44, 19, 90, 67, 41, 2, 15, 31, 5, 35, 7, 60, 76, 84)
line 33: kNearestNeighbour 2 (7,3,2,1,10,7,9,7,4,5,10,9,8,6,9,3,8,5)
(63, 18, 10, 75, 23, 12, 74, 2, 22, 19, 83, 68, 40, 11, 67, 34, 52, 84)(87, 11, 42, 11, 44, 19, 90, 67, 41, 2, 15, 31, 5, 35, 7, 60, 76, 84)
line 34: kNearestNeighbour 8 (10,7,1,1,2,9,1,6,7,8,2,5,9,1,10,7,9,10)
(93, 5, 20, 64, 17, 60, 56, 96, 22, 21, 9, 3, 46, 27, 30, 27, 65, 82)(87, 11, 42, 11, 44, 19, 90, 67, 41, 2, 15, 31, 5, 35, 7, 60, 76, 84)(63, 18, 10, 75, 23, 12, 74, 2, 22, 19, 83, 68, 40, 11, 67, 34, 52, 84)(4, 49, 68, 35, 19, 53, 44, 10, 35, 74, 47, 9, 99, 7, 85, 44, 58, 47)(51, 100, 10, 28, 14, 27, 33, 47, 60, 7, 40, 80, 8, 15, 25, 85, 84, 51)(51, 40, 8, 31, 79, 89, 53, 12, 99, 59, 45, 3, 5, 1, 78, 78, 12, 45)(87, 78, 53, 8, 52, 65, 36, 40, 68, 66, 12, 28, 51, 50, 77, 8, 42, 88)(43, 69, 32, 40, 4, 93, 19, 81, 94, 32, 53, 64, 25, 54, 5, 79, 57, 48)
line 35: kNearestNeighbour 3 (7,7,10,6,10,2,10,10,8,7,5,6,4,4,4,9,7,1)
(87, 11, 42, 11, 44, 19, 90, 67, 41, 2, 15, 31, 5, 35, 7, 60, 76, 84)(93, 5, 20, 64, 17, 60, 56, 96, 22, 21, 9, 3, 46, 27, 30, 27, 65, 82)(63, 18, 10, 75, 23, 12, 74, 2, 22, 19, 83, 68, 40, 11, 67, 34, 52, 84)
line 36: nearestNeighbour (6,9,6,7,7,2,2,7,5,4,10,3,4,9,7,2,5,6)
(63, 18, 10, 75, 23, 12, 74, 2, 22, 19, 83, 68, 40, 11, 67, 34, 52, 84)
line 37: nearestNeighbour (5,1,6,10,4,9,1,2,10,3,7,2,7,1,6,10,5,5)
(63, 18, 10, 75, 23, 12, 74, 2, 22, 19, 83, 68, 40, 11, 67, 34, 52, 84)
line 38: kNearestNeighbour 2 (5,4,8,9,6,6,2,9,4,6,10,8,10,5,10,10,4,3)
(63, 18, 10, 75, 23, 12, 74, 2, 22, 19, 83, 68, 40, 11, 67, 34, 52, 84)(4, 49, 68, 35, 19, 53, 44, 10, 35, 74, 47, 9, 99, 7, 85, 44, 58, 47)
line 39: nearestNeighbour (4,6,5,2,5,9,9,7,1,1,1,1,8,9,3,3,1,9)
(87, 11, 42, 11, 44, 19, 90, 67, 41, 2, 15, 31, 5, 35, 7, 60, 76, 84)
line 40: nearestNeighbour (3,8,5,1,1,3,4,9,1,4,5,3,2,1,4,3,9,8)
(87, 11, 42, 11, 44, 19, 90, 67, 41, 2, 15, 31, 5, 35, 7, 60, 76, 84)
line 41: nearestNeighbour (1,4,9,4,2,5,3,10,6,2,1,3,9,7,6,3,9,1)
(93, 5, 20, 64, 17, 60, 56, 96, 22, 21, 9, 3, 46, 27, 30, 27, 65, 82)
line 42: nearestNeighbour (5,2,5,2,8,3,5,1,8,2,6,9,3,4,9,4,8,8)
(63, 18, 10, 75, 23, 12, 74, 2, 22, 19, 83, 68, 40, 11, 67, 34, 52, 84)
line 43: kNearestNeighbour 2 (10,3,4,5,7,4,7,2,9,2,7,10,7,4,9,10,7,9)
(63, 18, 10, 75, 23, 12, 74, 2, 22, 19, 83, 68, 40, 11, 67, 34, 52, 84)(87, 11, 42, 11, 44, 19, 90, 67, 41, 2, 15, 31, 5, 35, 7, 60, 76, 84)
line 44: nearestNeighbour (9,5,8,9,1,9,1,4,2,10,4,1,3,3,7,4,1,2)
(93, 5, 20, 64, 17, 60, 56, 96, 22, 21, 9, 3, 46, 27, 30, 27, 65, 82)
line 45: kNearestNeighbour 2 (8,5,1,10,3,6,6,4,2,3,4,6,6,3,5,3,3,7)
(63, 18, 10, 75, 23, 12, 74, 2, 22, 19, 83, 68, 40, 11, 67, 34, 52, 84)(93, 5, 20, 64, 17, 60, 56, 96, 22, 21, 9, 3, 46, 27, 30, 27, 65, 82)
line 46: nearestNeighbour (8,6,4,6,9,7,10,6,5,3,2,6,9,9,9,5,4,7)
(87, 11, 42, 11, 44, 19, 90, 67, 41, 2, 15, 31, 5, 35, 7, 60, 76, 84)
line 47: nearestNeighbour (3,2,7,7,7,5,8,10,4,4,6,2,6,7,10,4,8,9)
(87, 11, 42, 11, 44, 19, 90, 67, 41, 2, 15, 31, 5, 35, 7, 60, 76, 84)
line 48: kNearestNeighbour 8 (9,4,7,10,6,9,2,5,5,8,7,8,10,9,2,7,2,7)
(63, 18, 10, 75, 23, 12, 74, 2, 22, 19, 83, 68, 40, 11, 67, 34, 52, 84)(93, 5, 20, 64, 17, 60, 56, 96, 22, 21, 9, 3, 46, 27, 30, 27, 65, 82)(87, 11, 42, 11, 44, 19, 90, 67, 41, 2, 15, 31, 5, 35, 7, 60, 76, 84)(4, 49, 68, 35, 19, 53, 44, 10, 35, 74, 47, 9, 99, 7, 85, 44, 58, 47)(51, 100, 10, 28, 14, 27, 33, 47, 60, 7, 40, 80, 8, 15, 25, 85, 84, 51)(51, 40, 8, 31, 79, 89, 53, 12, 99, 59, 45, 3, 5, 1, 78, 78, 12, 45)(43, 69, 32, 40, 4, 93, 19, 81, 94, 32, 53, 64, 25, 54, 5, 79, 57, 48)(87, 78, 53, 8, 52, 65, 36, 40, 68, 66, 12, 28, 51, 50, 77, 8, 42, 88)
line 49: nearestNeighbour (7,10,2,2,3,10,3,7,2,3,7,8,9,4,2,10,10,8)
(87, 11, 42, 11, 44, 19, 90, 67, 41, 2, 15, 31, 5, 35, 7, 60, 76, 84)
line 50: kNearestNeighbour 5 (8,5,9,2,2,2,8,4,3,1,8,7,1,9,7,9,9,8)
(87, 11, 42, 11, 44, 19, 90, 67, 41, 2, 15, 31, 5, 35, 7, 60, 76, 84)(63, 18, 10, 75, 23, 12, 74, 2, 22, 19, 83, 68, 40, 11, 67, 34, 52, 84)(51, 100, 10, 28, 14, 27, 33, 47, 60, 7, 40, 80, 8, 15, 25, 85, 84, 51)(93, 5, 20, 64, 17, 60, 56, 96, 22, 21, 9, 3, 46, 27, 30, 27, 65, 82)(4, 49, 68, 35, 19, 53, 44, 10, 35, 74, 47, 9, 99, 7, 85, 44, 58, 47)
line 51: nearestNeighbour (4,5,8,1,8,5,10,9,3,8,4,5,5,3,10,6,8,10)
(87, 11, 42, 11, 44, 19, 90, 67, 41, 2, 15, 31, 5, 35, 7, 60, 76, 84)
line 52: kNearestNeighbour 4 (9,4,8,9,2,2,7,4,8,10,4,9,7,7,3,6,10,7)
(87, 11, 42, 11, 44, 19, 90, 67, 41, 2, 15, 31, 5, 35, 7, 60, 76, 84)(63, 18, 10, 75, 23, 12, 74, 2, 22, 19, 83, 68, 40, 11, 67, 34, 52, 84)(93, 5, 20, 64, 17, 60, 56, 96, 22, 21, 9, 3, 46, 27, 30, 27, 65, 82)(4, 49, 68, 35, 19, 53, 44, 10, 35, 74, 47, 9, 99, 7, 85, 44, 58, 47)
line 53: kNearestNeighbour 4 (4,6,1,1,3,9,4,8,2,8,7,9,4,5,5,5,2,9)
(63, 18, 10, 75, 23, 12, 74, 2, 22, 19, 83, 68, 40, 11, 67, 34, 52, 84)(87, 11, 42, 11, 44, 19, 90, 67, 41, 2, 15, 31, 5, 35, 7, 60, 76, 84)(93, 5, 20, 64, 17, 60, 56, 96, 22, 21, 9, 3, 46, 27, 30, 27, 65, 82)(51, 100, 10, 28, 14, 27, 33, 47, 60, 7, 40, 80, 8, 15, 25, 85, 84, 51)
line 54: kNearestNeighbour 9 (2,9,3,2,6,10,3,1,5,3,3,1,2,5,8,1,5,5)
(87, 11, 42, 11, 44, 19, 90, 67, 41, 2, 15, 31, 5, 35, 7, 60, 76, 84)(4, 49, 68, 35, 19, 53, 44, 10, 35, 74, 47, 9, 99, 7, 85, 44, 58, 47)(63, 18, 10, 75, 23, 12, 74, 2, 22, 19, 83, 68, 40, 11, 67, 34, 52, 84)(93, 5, 20, 64, 17, 60, 56, 96, 22, 21, 9, 3, 46, 27, 30, 27, 65, 82)(51, 100, 10, 28, 14, 27, 33, 47, 60, 7, 40, 80, 8, 15, 25, 85, 84, 51)(51, 40, 8, 31, 79, 89, 53, 12, 99, 59, 45, 3, 5, 1, 78, 78, 12, 45)(87, 78, 53, 8, 52, 65, 36, 40, 68, 66, 12, 28, 51, 50, 77, 8, 42, 88)(43, 69, 32, 40, 4, 93, 19, 81, 94, 32, 53, 64, 25, 54, 5, 79, 57, 48)(98, 85, 83, 45, 100, 3, 22, 26, 86, 68, 10, 29, 23, 65, 100, 46, 52, 43)
line 55: kNearestNeighbour 9 (8,1,10,6,2,2,9,8,5,5,9,8,10,1,1,5,8,4)
(87, 11, 42, 11, 44, 19, 90, 67, 41, 2, 15, 31, 5, 35, 7, 60, 76, 84)(63, 18, 10, 75, 23, 12, 74, 2, 22, 19, 83, 68, 40, 11, 67, 34, 52, 84)(93, 5, 20, 64, 17, 60, 56, 96, 22, 21, 9, 3, 46, 27, 30, 27, 65, 82)(4, 49, 68, 35, 19, 53, 44, 10, 35, 74, 47, 9, 99, 7, 85, 44, 58, 47)(51, 100, 10, 28, 14, 27, 33, 47, 60, 7, 40, 80, 8, 15, 25, 85, 84, 51)(51, 40, 8, 31, 79, 89, 53, 12, 99, 59, 45, 3, 5, 1, 78, 78, 12, 45)(43, 69, 32, 40, 4, 93, 19, 81, 94, 32, 53, 64, 25, 54, 5, 79, 57, 48)(87, 78, 53, 8, 52, 65, 36, 40, 68, 66, 12, 28, 51, 50, 77, 8, 42, 88)(57, 94, 84, 73, 47, 43, 99, 19, 6, 48, 82, 96, 11, 37, 99, 8, 31, 47)
line 56: nearestNeighbour (3,10,4,6,8,8,7,9,7,6,2,4,9,5,8,10,5,9)
(87, 11, 42, 11, 44, 19, 90, 67, 41, 2, 15, 31, 5, 35, 7, 60, 76, 84)
line 57: nearestNeighbour (7,1,4,9,4,1,6,3,1,7,9,6,9,7,2,9,4,9)
(63, 18, 10, 75, 23, 12, 74, 2, 22, 19, 83, 68, 40, 11, 67, 34, 52, 84)
line 58: kNearestNeighbour 2 (10,10,9,8,1,1,7,8,5,10,3,5,6,2,9,5,4,7)
(63, 18, 10, 75, 23, 12, 74, 2, 22, 19, 83, 68, 40, 11, 67, 34, 52, 84)(87, 11, 42, 11, 44, 19, 90, 67, 41, 2, 15, 31, 5, 35, 7, 60, 76, 84)
line 59: kNearestNeighbour 5 (10,10,8,7,4,6,1,3,7,4,10,10,6,9,2,5,3,1)
(63, 18, 10, 75, 23, 12, 74, 2, 22, 19, 83, 68, 40, 11, 67, 34, 52, 84)(51, 100, 10, 28, 14, 27, 33, 47, 60, 7, 40, 80, 8, 15, 25, 85, 84, 51)(87, 11, 42, 11, 44, 19, 90, 67, 41, 2, 15, 31, 5, 35, 7, 60, 76, 84)(93, 5, 20, 64, 17, 60, 56, 96, 22, 21, 9, 3, 46, 27, 30, 27, 65, 82)(4, 49, 68, 35, 19, 53, 44, 10, 35, 74, 47, 9, 99, 7, 85, 44, 58, 47)
line 60: kNearestNeighbour 3 (7,7,5,8,6,3,10,9,7,5,5,3,6,8,4,2,9,7)
(87, 11, 42, 11, 44, 19, 90, 67, 41, 2, 15, 31, 5, 35, 7, 60, 76, 84)(93, 5, 20, 64, 17, 60, 56, 96, 22, 21, 9, 3, 46, 27, 30, 27, 65, 82)(63, 18, 10, 75, 23, 12, 74, 2, 22, 19, 83, 68, 40, 11, 67, 34, 52, 84)
line 61: nearestNeighbour (1,7,9,2,1,3,9,2,10,5,3,7,2,9,9,10,2,1)
(87, 11, 42, 11, 44, 19, 90, 67, 41, 2, 15, 31, 5, 35, 7, 60, 76, 84)
line 62: nearestNeighbour (4,4,9,1,10,5,4,4,7,1,7,4,6,2,10,10,6,5)
(87, 11, 42, 11, 44, 19, 90, 67, 41, 2, 15, 31, 5, 35, 7, 60, 76, 84)
line 63: nearestNeighbour (6,4,8,4,6,7,2,7,3,2,3,9,7,5,7,5,6,5)
(87, 11, 42, 11, 44, 19, 90, 67, 41, 2, 15, 31, 5, 35, 7, 60, 76, 84)
line 64: nearestNeighbour (3,7,2,8,4,2,4,1,9,7,7,8,7,2,8,5,8,1)
(63, 18, 10, 75, 23, 12, 74, 2, 22, 19, 83, 68, 40, 11, 67, 34, 52, 84)
line 65: nearestNeighbour (3,9,7,3,5,8,7,3,8,6,2,6,7,3,10,10,8,6)
(4, 49, 68, 35, 19, 53, 44, 10, 35, 74, 47, 9, 99, 7, 85, 44, 58, 47)
line 66: kNearestNeighbour 4 (8,3,9,6,6,3,3,10,8,1,9,2,1,5,4,10,1,1)
(87, 11, 42, 11, 44, 19, 90, 67, 41, 2, 15, 31, 5, 35, 7, 60, 76, 84)(93, 5, 20, 64, 17, 60, 56, 96, 22, 21, 9, 3, 46, 27, 30, 27, 65, 82)(63, 18, 10, 75, 23, 12, 74, 2, 22, 19, 83, 68, 40, 11, 67, 34, 52, 84)(51, 100, 10, 28, 14, 27, 33, 47, 60, 7, 40, 80, 8, 15, 25, 85, 84, 51)
line 67: kNearestNeighbour 5 (2,4,1,5,6,5,1,1,6,2,4,4,7,10,6,9,8,4)
(63, 18, 10, 75, 23, 12, 74, 2, 22, 19, 83, 68, 40, 11, 67, 34, 52, 84)(87, 11, 42, 11, 44, 19, 90, 67, 41, 2, 15, 31, 5, 35, 7, 60, 76, 84)(93, 5, 20, 64, 17, 60, 56, 96, 22, 21, 9, 3, 46, 27, 30, 27, 65, 82)(4, 49, 68, 35, 19, 53, 44, 10, 35, 74, 47, 9, 99, 7, 85, 44, 58, 47)(51, 100, 10, 28, 14, 27, 33, 47, 60, 7, 40, 80, 8, 15, 25, 85, 84, 51)
line 68: nearestNeighbour (4,10,5,2,2,4,5,4,7,5,8,3,6,4,4,8,4,5)
(87, 11, 42, 11, 44, 19, 90, 67, 41, 2, 15, 31, 5, 35, 7, 60, 76, 84)
line 69: kNearestNeighbour 4 (6,9,1,7,10,7,1,7,2,7,2,1,1,9,6,6,7,5)
(93, 5, 20, 64, 17, 60, 56, 96, 22, 21, 9, 3, 46, 27, 30, 27, 65, 82)(87, 11, 42, 11, 44, 19, 90, 67, 41, 2, 15, 31, 5, 35, 7, 60, 76, 84)(63, 18, 10, 75, 23, 12, 74, 2, 22, 19, 83, 68, 40, 11, 67, 34, 52, 84)(51, 100, 10, 28, 14, 27, 33, 47, 60, 7, 40, 80, 8, 15, 25, 85, 84, 51)
line 70: nearestNeighbour (3,9,5,2,5,2,1,6,9,5,6,1,4,9,4,3,10,3)
(87, 11, 42, 11, 44, 19, 90, 67, 41, 2, 15, 31, 5, 35, 7, 60, 76, 84)
line 71: kNearestNeighbour 10 (2,8,10,6,9,1,10,7,8,6,6,9,1,5,1,2,1,3)
(87, 11, 42, 11, 44, 19, 90, 67, 41, 2, 15, 31, 5, 35, 7, 60, 76, 84)(63, 18, 10, 75, 23, 12, 74, 2, 22, 19, 83, 68, 40, 11, 67, 34, 52, 84)(51, 100, 10, 28, 14, 27, 33, 47, 60, 7, 40, 80, 8, 15, 25, 85, 84, 51)(93, 5, 20, 64, 17, 60, 56, 96, 22, 21, 9, 3, 46, 27, 30, 27, 65, 82)(4, 49, 68, 35, 19, 53, 44, 10, 35, 74, 47, 9, 99, 7, 85, 44, 58, 47)(51, 40, 8, 31, 79, 89, 53, 12, 99, 59, 45, 3, 5, 1, 78, 78, 12, 45)(43, 69, 32, 40, 4, 93, 19, 81, 94, 32, 53, 64, 25, 54, 5, 79, 57, 48)(87, 78, 53, 8, 52, 65, 36, 40, 68, 66, 12, 28, 51, 50, 77, 8, 42, 88)(57, 94, 84, 73, 47, 43, 99, 19, 6, 48, 82, 96, 11, 37, 99, 8, 31, 47)(98, 85, 83, 45, 100, 3, 22, 26, 86, 68, 10, 29, 23, 65, 100, 46, 52, 43)
line 72: kNearestNeighbour 4 (5,2,3,10,10,2,4,10,4,8,1,7,5,8,10,4,8,4)
(93, 5, 20, 64, 17, 60, 56, 96, 22, 21, 9, 3, 46, 27, 30, 27, 65, 82)(87, 11, 42, 11, 44, 19, 90, 67, 41, 2, 15, 31, 5, 35, 7, 60, 76, 84)(63, 18, 10, 75, 23, 12, 74, 2, 22, 19, 83, 68, 40, 11, 67, 34, 52, 84)(4, 49, 68, 35, 19, 53, 44, 10, 35, 74, 47, 9, 99, 7, 85, 44, 58, 47)
line 73: nearestNeighbour (2,2,7,2,6,5,6,6,7,3,7,10,5,5,6,3,3,9)
(87, 11, 42, 11, 44, 19, 90, 67, 41, 2, 15, 31, 5, 35, 7, 60, 76, 84)
line 74: nearestNeighbour (9,4,5,1,9,8,2,1,8,2,3,3,6,1,5,5,3,3)
(87, 11, 42, 11, 44, 19, 90, 67, 41, 2, 15, 31, 5, 35, 7, 60, 76, 84)
line 75: kNearestNeighbour 10 (7,9,3,7,6,9,2,10,1,1,8,8,10,8,8,10,9,3)
(93, 5, 20, 64, 17, 60, 56, 96, 22, 21, 9, 3, 46, 27, 30, 27, 65, 82)(63, 18, 10, 75, 23, 12, 74, 2, 22, 19, 83, 68, 40, 11, 67, 34, 52, 84)(87, 11, 42, 11, 44, 19, 90, 67, 41, 2, 15, 31, 5, 35, 7, 60, 76, 84)(51, 100, 10, 28, 14, 27, 33, 47, 60, 7, 40, 80, 8, 15, 25, 85, 84, 51)(4, 49, 68, 35, 19, 53, 44, 10, 35, 74, 47, 9, 99, 7, 85, 44, 58, 47)(51, 40, 8, 31, 79, 89, 53, 12, 99, 59, 45, 3, 5, 1, 78, 78, 12, 45)(43, 69, 32, 40, 4, 93, 19, 81, 94, 32, 53, 64, 25, 54, 5, 79, 57, 48)(87, 78, 53, 8, 52, 65, 36, 40, 68, 66, 12, 28, 51, 50, 77, 8, 42, 88)(57, 94, 84, 73, 47, 43, 99, 19, 6, 48, 82, 96, 11, 37, 99, 8, 31, 47)(98, 85, 83, 45, 100, 3, 22, 26, 86, 68, 10, 29, 23, 65, 100, 46, 52, 43)
line 76: kNearestNeighbour 7 (4,9,4,7,9,8,4,1,4,4,5,9,6,8,5,1,1,3)
(63, 18, 10, 75, 23, 12, 74, 2, 22, 19, 83, 68, 40, 11, 67, 34, 52, 84)(87, 11, 42, 11, 44, 19, 90, 67, 41, 2, 15, 31, 5, 35, 7, 60, 76, 84)(4, 49, 68, 35, 19, 53, 44, 10, 35, 74, 47, 9, 99, 7, 85, 44, 58, 47)(93, 5, 20, 64, 17, 60, 56, 96, 22, 21, 9, 3, 46, 27, 30, 27, 65, 82)(51, 100, 10, 28, 14, 27, 33, 47, 60, 7, 40, 80, 8, 15, 25, 85, 84, 51)(51, 40, 8, 31, 79, 89, 53, 12, 99, 59, 45, 3, 5, 1, 78, 78, 12, 45)(87, 78, 53, 8, 52, 65, 36, 40, 68, 66, 12, 28, 51, 50, 77, 8, 42, 88)
line 77: kNearestNeighbour 6 (2,6,6,9,10,9,6,10,7,8,7,8,9,2,6,4,1,7)
(63, 18, 10, 75, 23, 12, 74, 2, 22, 19, 83, 68, 40, 11, 67, 34, 52, 84)(93, 5, 20, 64, 17, 60, 56, 96, 22, 21, 9, 3, 46, 27, 30, 27, 65, 82)(4, 49, 68, 35, 19, 53, 44, 10, 35, 74, 47, 9, 99, 7, 85, 44, 58, 47)(87, 11, 42, 11, 44, 19, 90, 67, 41, 2, 15, 31, 5, 35, 7, 60, 76, 84)(51, 100, 10, 28, 14, 27, 33, 47, 60, 7, 40, 80, 8, 15, 25, 85, 84, 51)(51, 40, 8, 31, 79, 89, 53, 12, 99, 59, 45, 3, 5, 1, 78, 78, 12, 45)
line 78: nearestNeighbour (8,2,7,6,6,8,9,3,10,9,2,7,7,7,3,3,2,7)
(87, 11, 42, 11, 44, 19, 90, 67, 41, 2, 15, 31, 5, 35, 7, 60, 76, 84)
line 79: kNearestNeighbour 10 (9,5,3,1,6,2,7,8,8,8,9,6,6,8,9,7,1,3)
(87, 11, 42, 11, 44, 19, 90, 67, 41, 2, 15, 31, 5, 35, 7, 60, 76, 84)(63, 18, 10, 75, 23, 12, 74, 2, 22, 19, 83, 68, 40, 11, 67, 34, 52, 84)(93, 5, 20, 64, 17, 60, 56, 96, 22, 21, 9, 3, 46, 27, 30, 27, 65, 82)(4, 49, 68, 35, 19, 53, 44, 10, 35, 74, 47, 9, 99, 7, 85, 44, 58, 47)(51, 100, 10, 28, 14, 27, 33, 47, 60, 7, 40, 80, 8, 15, 25, 85, 84, 51)(51, 40, 8, 31, 79, 89, 53, 12, 99, 59, 45, 3, 5, 1, 78, 78, 12, 45)(87, 78, 53, 8, 52, 65, 36, 40, 68, 66, 12, 28, 51, 50, 77, 8, 42, 88)(43, 69, 32, 40, 4, 93, 19, 81, 94, 32, 53, 64, 25, 54, 5, 79, 57, 48)(98, 85, 83, 45, 100, 3, 22, 26, 86, 68, 10, 29, 23, 65, 100, 46, 52, 43)(57, 94, 84, 73, 47, 43, 99, 19, 6, 48, 82, 96, 11, 37, 99, 8, 31, 47)
line 80: kNearestNeighbour 7 (4,10,1,10,10,4,5,1,2,2,6,3,2,2,2,8,6,6)
(63, 18, 10, 75, 23, 12, 74, 2, 22, 19, 83, 68, 40, 11, 67, 34, 52, 84)(87, 11, 42, 11, 44, 19, 90, 67, 41, 2, 15, 31, 5, 35, 7, 60, 76, 84)(51, 100, 10, 28, 14, 27, 33, 47, 60, 7, 40, 80, 8, 15, 25, 85, 84, 51)(93, 5, 20, 64, 17, 60, 56, 96, 22, 21, 9, 3, 46, 27, 30, 27, 65, 82)(4, 49, 68, 35, 19, 53, 44, 10, 35, 74, 47, 9, 99, 7, 85, 44, 58, 47)(51, 40, 8, 31, 79, 89, 53, 12, 99, 59, 45, 3, 5, 1, 78, 78, 12, 45)(43, 69, 32, 40, 4, 93, 19, 81, 94, 32, 53, 64, 25, 54, 5, 79, 57, 48)
line 81: kNearestNeighbour 10 (7,1,10,1,6,7,5,6,6,3,10,7,8,8,4,6,5,3)
(87, 11, 42, 11, 44, 19, 90, 67, 41, 2, 15, 31, 5, 35, 7, 60, 76, 84)(63, 18, 10, 75, 23, 12, 74, 2, 22, 19, 83, 68, 40, 11, 67, 34, 52, 84)(93, 5, 20, 64, 17, 60, 56, 96, 22, 21, 9, 3, 46, 27, 30, 27, 65, 82)(4, 49, 68, 35, 19, 53, 44, 10, 35, 74, 47, 9, 99, 7, 85, 44, 58, 47)(51, 100, 10, 28, 14, 27, 33, 47, 60, 7, 40, 80, 8, 15, 25, 85, 84, 51)(51, 40, 8, 31, 79, 89, 53, 12, 99, 59, 45, 3, 5, 1, 78, 78, 12, 45)(43, 69, 32, 40, 4, 93, 19, 81, 94, 32, 53, 64, 25, 54, 5, 79, 57, 48)(87, 78, 53, 8, 52, 65, 36, 40, 68, 66, 12, 28, 51, 50, 77, 8, 42, 88)(98, 85, 83, 45, 100, 3, 22, 26, 86, 68, 10, 29, 23, 65, 100, 46, 52, 43)(57, 94, 84, 73, 47, 43, 99, 19, 6, 48, 82, 96, 11, 37, 99, 8, 31, 47)
line 82: kNearestNeighbour 5 (2,5,2,7,8,1,7,1,6,6,2,3,1,4,9,4,3,5)
(63, 18, 10, 75, 23, 12, 74, 2, 22, 19, 83, 68, 40, 11, 67, 34, 52, 84)(87, 11, 42, 11, 44, 19, 90, 67, 41, 2, 15, 31, 5, 35, 7, 60, 76, 84)(4, 49, 68, 35, 19, 53, 44, 10, 35, 74, 47, 9, 99, 7, 85, 44, 58, 47)(93, 5, 20, 64, 17, 60, 56, 96, 22, 21, 9, 3, 46, 27, 30, 27, 65, 82)(51, 100, 10, 28, 14, 27, 33, 47, 60, 7, 40, 80, 8, 15, 25, 85, 84, 51)
line 83: kNearestNeighbour 9 (4,6,3,6,1,6,3,1,2,1,9,3,4,1,1,7,8,9)
(63, 18, 10, 75, 23, 12, 74, 2, 22, 19, 83, 68, 40, 11, 67, 34, 52, 84)(87, 11, 42, 11, 44, 19, 90, 67, 41, 2, 15, 31, 5, 35, 7, 60, 76, 84)(93, 5, 20, 64, 17, 60, 56, 96, 22, 21, 9, 3, 46, 27, 30, 27, 65, 82)(51, 100, 10, 28, 14, 27, 33, 47, 60, 7, 40, 80, 8, 15, 25, 85, 84, 51)(4, 49, 68, 35, 19, 53, 44, 10, 35, 74, 47, 9, 99, 7, 85, 44, 58, 47)(51, 40, 8, 31, 79, 89, 53, 12, 99, 59, 45, 3, 5, 1, 78, 78, 12, 45)(43, 69, 32, 40, 4, 93, 19, 81, 94, 32, 53, 64, 25, 54, 5, 79, 57, 48)(87, 78, 53, 8, 52, 65, 36, 40, 68, 66, 12, 28, 51, 50, 77, 8, 42, 88)(57, 94, 84, 73, 47, 43, 99, 19, 6, 48, 82, 96, 11, 37, 99, 8, 31, 47)
line 84: nearestNeighbour (8,7,1,7,1,10,7,6,5,6,3,6,7,8,3,8,8,2)
(93, 5, 20, 64, 17, 60, 56, 96, 22, 21, 9, 3, 46, 27, 30, 27, 65, 82)
line 85: nearestNeighbour (10,9,4,10,6,7,9,5,5,10,4,9,2,3,5,5,1,7)
(63, 18, 10, 75, 23, 12, 74, 2, 22, 19, 83, 68, 40, 11, 67, 34, 52, 84)
line 86: nearestNeighbour (4,7,10,1,7,10,3,6,3,3,5,8,9,8,5,7,9,5)
(87, 11, 42, 11, 44, 19, 90, 67, 41, 2, 15, 31, 5, 35, 7, 60, 76, 84)
line 87: nearestNeighbour (4,2,7,10,3,1,10,1,3,8,5,9,7,9,3,8,6,1)
(63, 18, 10, 75, 23, 12, 74, 2, 22, 19, 83, 68, 40, 11, 67, 34, 52, 84)
line 88: nearestNeighbour (3,1,5,10,10,9,2,10,9,3,9,4,8,10,8,7,4,6)
(93, 5, 20, 64, 17, 60, 56, 96, 22, 21, 9, 3, 46, 27, 30, 27, 65, 82)
line 89: kNearestNeighbour 4 (5,8,4,2,7,9,5,9,10,7,6,6,1,7,6,10,8,9)
(87, 11, 42, 11, 44, 19, 90, 67, 41, 2, 15, 31, 5, 35, 7, 60, 76, 84)(51, 100, 10, 28, 14, 27, 33, 47, 60, 7, 40, 80, 8, 15, 25, 85, 84, 51)(93, 5, 20, 64, 17, 60, 56, 96, 22, 21, 9, 3, 46, 27, 30, 27, 65, 82)(63, 18, 10, 75, 23, 12, 74, 2, 22, 19, 83, 68, 40, 11, 67, 34, 52, 84)
line 90: nearestNeighbour (6,3,9,2,2,10,2,8,3,7,8,3,9,1,6,6,6,8)
(93, 5, 20, 64, 17, 60, 56, 96, 22, 21, 9, 3, 46, 27, 30, 27, 65, 82)
line 91: nearestNeighbour (4,6,2,10,7,10,10,9,8,4,10,6,8,8,7,1,3,9)
(63, 18, 10, 75, 23, 12, 74, 2, 22, 19, 83, 68, 40, 11, 67, 34, 52, 84)
line 92: nearestNeighbour (4,1,1,8,5,8,8,1,8,10,6,9,2,5,1,1,7,9)
(63, 18, 10, 75, 23, 12, 74, 2, 22, 19, 83, 68, 40, 11, 67, 34, 52, 84)
line 93: nearestNeighbour (1,5,8,2,8,10,9,10,3,2,8,7,3,8,6,10,10,9)
(87, 11, 42, 11, 44, 19, 90, 67, 41, 2, 15, 31, 5, 35, 7, 60, 76, 84)
line 94: kNearestNeighbour 10 (3,9,7,4,4,7,8,5,3,5,6,10,7,1,2,9,9,6)
(87, 11, 42, 11, 44, 19, 90, 67, 41, 2, 15, 31, 5, 35, 7, 60, 76, 84)(63, 18, 10, 75, 23, 12, 74, 2, 22, 19, 83, 68, 40, 11, 67, 34, 52, 84)(51, 100, 10, 28, 14, 27, 33, 47, 60, 7, 40, 80, 8, 15, 25, 85, 84, 51)(4, 49, 68, 35, 19, 53, 44, 10, 35, 74, 47, 9, 99, 7, 85, 44, 58, 47)(93, 5, 20, 64, 17, 60, 56, 96, 22, 21, 9, 3, 46, 27, 30, 27, 65, 82)(51, 40, 8, 31, 79, 89, 53, 12, 99, 59, 45, 3, 5, 1, 78, 78, 12, 45)(43, 69, 32, 40, 4, 93, 19, 81, 94, 32, 53, 64, 25, 54, 5, 79, 57, 48)(87, 78, 53, 8, 52, 65, 36, 40, 68, 66, 12, 28, 51, 50, 77, 8, 42, 88)(57, 94, 84, 73, 47, 43, 99, 19, 6, 48, 82, 96, 11, 37, 99, 8, 31, 47)(98, 85, 83, 45, 100, 3, 22, 26, 86, 68, 10, 29, 23, 65, 100, 46, 52, 43)
line 95: nearestNeighbour (3,8,10,9,9,9,9,1,9,2,3,8,6,2,9,7,7,7)
(63, 18, 10, 75, 23, 12, 74, 2, 22, 19, 83, 68, 40, 11, 67, 34, 52, 84)
line 96: nearestNeighbour (9,3,10,10,10,1,3,10,10,2,10,10,9,9,5,1,3,5)
(63, 18, 10, 75, 23, 12, 74, 2, 22, 19, 83, 68, 40, 11, 67, 34, 52, 84)
line 97: kNearestNeighbour 9 (5,5,1,8,3,1,5,6,9,2,4,9,10,2,1,6,2,6)
(63, 18, 10, 75, 23, 12, 74, 2, 22, 19, 83, 68, 40, 11, 67, 34, 52, 84)(87, 11, 42, 11, 44, 19, 90, 67, 41, 2, 15, 31, 5, 35, 7, 60, 76, 84)(93, 5, 20, 64, 17, 60, 56, 96, 22, 21, 9, 3, 46, 27, 30, 27, 65, 82)(51, 100, 10, 28, 14, 27, 33, 47, 60, 7, 40, 80, 8, 15, 25, 85, 84, 51)(4, 49, 68, 35, 19, 53, 44, 10, 35, 74, 47, 9, 99, 7, 85, 44, 58, 47)(51, 40, 8, 31, 79, 89, 53, 12, 99, 59, 45, 3, 5, 1, 78, 78, 12, 45)(43, 69, 32, 40, 4, 93, 19, 81, 94, 32, 53, 64, 25, 54, 5, 79, 57, 48)(87, 78, 53, 8, 52, 65, 36, 40, 68, 66, 12, 28, 51, 50, 77, 8, 42, 88)(98, 85, 83, 45, 100, 3, 22, 26, 86, 68, 10, 29, 23, 65, 100, 46, 52, 43)
line 98: nearestNeighbour (6,3,3,7,6,2,4,3,8,4,6,3,1,9,8,8,6,2)
(87, 11, 42, 11, 44, 19, 90, 67, 41, 2, 15, 31, 5, 35, 7, 60, 76, 84)
line 99: nearestNeighbour (6,3,4,10,9,10,5,4,8,3,2,10,2,6,1,5,2,1)
(87, 11, 42, 11, 44, 19, 90, 67, 41, 2, 15, 31, 5, 35, 7, 60, 76, 84)
line 100: nearestNeighbour (1,2,8,2,10,1,8,4,4,5,1,6,6,3,8,1,6,10)
(87, 11, 42, 11, 44, 19, 90, 67, 41, 2, 15, 31, 5, 35, 7, 60, 76, 84)
line 101: kNearestNeighbour 1 (7,1,1,7,4,5,9,7,4,1,8,1,1,1,3,6,1,7)
(87, 11, 42, 11, 44, 19, 90, 67, 41, 2, 15, 31, 5, 35, 7, 60, 76, 84)
line 102: nearestNeighbour (7,2,8,5,10,10,5,6,3,6,7,2,7,7,5,6,9,2)
(87, 11, 42, 11, 44, 19, 90, 67, 41, 2, 15, 31, 5, 35, 7, 60, 76, 84)
line 103: nearestNeighbour (3,9,5,5,8,5,10,4,5,9,2,7,3,8,1,8,1,7)
(87, 11, 42, 11, 44, 19, 90, 67, 41, 2, 15, 31, 5, 35, 7, 60, 76, 84)
line 104: kNearestNeighbour 5 (3,5,10,1,8,5,6,6,3,7,4,10,9,6,6,5,4,6)
(87, 11, 42, 11, 44, 19, 90, 67, 41, 2, 15, 31, 5, 35, 7, 60, 76, 84)(4, 49, 68, 35, 19, 53, 44, 10, 35, 74, 47, 9, 99, 7, 85, 44, 58, 47)(63, 18, 10, 75, 23, 12, 74, 2, 22, 19, 83, 68, 40, 11, 67, 34, 52, 84)(93, 5, 20, 64, 17, 60, 56, 96, 22, 21, 9, 3, 46, 27, 30, 27, 65, 82)(51, 100, 10, 28, 14, 27, 33, 47, 60, 7, 40, 80, 8, 15, 25, 85, 84, 51)
line 105: kNearestNeighbour 8 (10,7,3,6,8,9,1,4,10,10,2,1,6,7,2,2,3,3)
(93, 5, 20, 64, 17, 60, 56, 96, 22, 21, 9, 3, 46, 27, 30, 27, 65, 82)(87, 11, 42, 11, 44, 19, 90, 67, 41, 2, 15, 31, 5, 35, 7, 60, 76, 84)(4, 49, 68, 35, 19, 53, 44, 10, 35, 74, 47, 9, 99, 7, 85, 44, 58, 47)(63, 18, 10, 75, 23, 12, 74, 2, 22, 19, 83, 68, 40, 11, 67, 34, 52, 84)(51, 100, 10, 28, 14, 27, 33, 47, 60, 7, 40, 80, 8, 15, 25, 85, 84, 51)(51, 40, 8, 31, 79, 89, 53, 12, 99, 59, 45, 3, 5, 1, 78, 78, 12, 45)(87, 78, 53, 8, 52, 65, 36, 40, 68, 66, 12, 28, 51, 50, 77, 8, 42, 88)(43, 69, 32, 40, 4, 93, 19, 81, 94, 32, 53, 64, 25, 54, 5, 79, 57, 48)
line 106: nearestNeighbour (2,2,3,5,9,6,3,7,1,9,2,1,4,1,2,5,4,8)
(87, 11, 42, 11, 44, 19, 90, 67, 41, 2, 15, 31, 5, 35, 7, 60, 76, 84)
line 107: kNearestNeighbour 8 (4,1,10,9,1,9,2,2,5,7,7,1,6,3,1,8,4,2)
(4, 49, 68, 35, 19, 53, 44, 10, 35, 74, 47, 9, 99, 7, 85, 44, 58, 47)(93, 5, 20, 64, 17, 60, 56, 96, 22, 21, 9, 3, 46, 27, 30, 27, 65, 82)(63, 18, 10, 75, 23, 12, 74, 2, 22, 19, 83, 68, 40, 11, 67, 34, 52, 84)(87, 11, 42, 11, 44, 19, 90, 67, 41, 2, 15, 31, 5, 35, 7, 60, 76, 84)(51, 100, 10, 28, 14, 27, 33, 47, 60, 7, 40, 80, 8, 15, 25, 85, 84, 51)(51, 40, 8, 31, 79, 89, 53, 12, 99, 59, 45, 3, 5, 1, 78, 78, 12, 45)(43, 69, 32, 40, 4, 93, 19, 81, 94, 32, 53, 64, 25, 54, 5, 79, 57, 48)(87, 78, 53, 8, 52, 65, 36, 40, 68, 66, 12, 28, 51, 50, 77, 8, 42, 88)
line 108: kNearestNeighbour 6 (10,5,7,2,3,5,7,5,8,7,10,9,3,2,5,10,3,5)
(87, 11, 42, 11, 44, 19, 90, 67, 41, 2, 15, 31, 5, 35, 7, 60, 76, 84)(63, 18, 10, 75, 23, 12, 74, 2, 22, 19, 83, 68, 40, 11, 67, 34, 52, 84)(51, 100, 10, 28, 14, 27, 33, 47, 60, 7, 40, 80, 8, 15, 25, 85, 84, 51)(93, 5, 20, 64, 17, 60, 56, 96, 22, 21, 9, 3, 46, 27, 30, 27, 65, 82)(4, 49, 68, 35, 19, 53, 44, 10, 35, 74, 47, 9, 99, 7, 85, 44, 58, 47)(51, 40, 8, 31, 79, 89, 53, 12, 99, 59, 45, 3, 5, 1, 78, 78, 12, 45)
line 109: kNearestNeighbour 1 (9,3,9,8,2,5,10,4,8,4,2,5,1,1,3,4,10,2)
(87, 11, 42, 11, 44, 19, 90, 67, 41, 2, 15, 31, 5, 35, 7, 60, 76, 84)
line 110: kNearestNeighbour 6 (5,2,3,3,3,6,7,1,10,1,5,5,1,4,1,10,3,4)
(87, 11, 42, 11, 44, 19, 90, 67, 41, 2, 15, 31, 5, 35, 7, 60, 76, 84)(63, 18, 10, 75, 23, 12, 74, 2, 22, 19, 83, 68, 40, 11, 67, 34, 52, 84)(51, 100, 10, 28, 14, 27, 33, 47, 60, 7, 40, 80, 8, 15, 25, 85, 84, 51)(93, 5, 20, 64, 17, 60, 56, 96, 22, 21, 9, 3, 46, 27, 30, 27, 65, 82)(4, 49, 68, 35, 19, 53, 44, 10, 35, 74, 47, 9, 99, 7, 85, 44, 58, 47)(51, 40, 8, 31, 79, 89, 53, 12, 99, 59, 45, 3, 5, 1, 78, 78, 12, 45)
line 111: kNearestNeighbour 8 (4,1,9,7,9,10,9,4,4,8,7,4,10,1,9,8,7,5)
(4, 49, 68, 35, 19, 53, 44, 10, 35, 74, 47, 9, 99, 7, 85, 44, 58, 47)(63, 18, 10, 75, 23, 12, 74, 2, 22, 19, 83, 68, 40, 11, 67, 34, 52, 84)(87, 11, 42, 11, 44, 19, 90, 67, 41, 2, 15, 31, 5, 35, 7, 60, 76, 84)(93, 5, 20, 64, 17, 60, 56, 96, 22, 21, 9, 3, 46, 27, 30, 27, 65, 82)(51, 100, 10, 28, 14, 27, 33, 47, 60, 7, 40, 80, 8, 15, 25, 85, 84, 51)(51, 40, 8, 31, 79, 89, 53, 12, 99, 59, 45, 3, 5, 1, 78, 78, 12, 45)(87, 78, 53, 8, 52, 65, 36, 40, 68, 66, 12, 28, 51, 50, 77, 8, 42, 88)(43, 69, 32, 40, 4, 93, 19, 81, 94, 32, 53, 64, 25, 54, 5, 79, 57, 48)
line 112: kNearestNeighbour 7 (5,7,2,5,3,5,6,8,4,7,9,7,8,9,5,3,6,5)
(63, 18, 10, 75, 23, 12, 74, 2, 22, 19, 83, 68, 40, 11, 67, 34, 52, 84)(87, 11, 42, 11, 44, 19, 90, 67, 41, 2, 15, 31, 5, 35, 7, 60, 76, 84)(93, 5, 20, 64, 17, 60, 56, 96, 22, 21, 9, 3, 46, 27, 30, 27, 65, 82)(4, 49, 68, 35, 19, 53, 44, 10, 35, 74, 47, 9, 99, 7, 85, 44, 58, 47)(51, 100, 10, 28, 14, 27, 33, 47, 60, 7, 40, 80, 8, 15, 25, 85, 84, 51)(51, 40, 8, 31, 79, 89, 53, 12, 99, 59, 45, 3, 5, 1, 78, 78, 12, 45)(43, 69, 32, 40, 4, 93, 19, 81, 94, 32, 53, 64, 25, 54, 5, 79, 57, 48)
line 113: nearestNeighbour (10,10,7,8,9,9,10,4,9,5,4,7,8,10,4,9,1,5)
(87, 11, 42, 11, 44, 19, 90, 67, 41, 2, 15, 31, 5, 35, 7, 60, 76, 84)
line 114: nearestNeighbour (7,1,5,10,8,9,9,1,2,5,4,1,7,10,6,6,4,1)
(63, 18, 10, 75, 23, 12, 74, 2, 22, 19, 83, 68, 40, 11, 67, 34, 52, 84)
line 115: nearestNeighbour (8,6,8,2,9,7,8,2,3,2,5,9,1,7,4,7,1,1)
(87, 11, 42, 11, 44, 19, 90, 67, 41, 2, 15, 31, 5, 35, 7, 60, 76, 84)
line 116: nearestNeighbour (8,8,1,10,7,9,1,5,6,8,9,5,9,2,5,1,5,9)
(63, 18, 10, 75, 23, 12, 74, 2, 22, 19, 83, 68, 40, 11, 67, 34, 52, 84)
line 117: kNearestNeighbour 2 (6,8,6,5,9,8,8,6,3,9,4,1,6,8,2,8,7,7)
(87, 11, 42, 11, 44, 19, 90, 67, 41, 2, 15, 31, 5, 35, 7, 60, 76, 84)(93, 5, 20, 64, 17, 60, 56, 96, 22, 21, 9, 3, 46, 27, 30, 27, 65, 82)
line 118: kNearestNeighbour 1 (3,1,9,5,6,1,9,1,8,5,9,8,2,7,10,10,4,3)
(63, 18, 10, 75, 23, 12, 74, 2, 22, 19, 83, 68, 40, 11, 67, 34, 52, 84)
line 119: kNearestNeighbour 8 (1,1,2,8,6,3,1,9,8,6,3,2,10,10,9,7,9,9)
(93, 5, 20, 64, 17, 60, 56, 96, 22, 21, 9, 3, 46, 27, 30, 27, 65, 82)(87, 11, 42, 11, 44, 19, 90, 67, 41, 2, 15, 31, 5, 35, 7, 60, 76, 84)(63, 18, 10, 75, 23, 12, 74, 2, 22, 19, 83, 68, 40, 11, 67, 34, 52, 84)(4, 49, 68, 35, 19, 53, 44, 10, 35, 74, 47, 9, 99, 7, 85, 44, 58, 47)(51, 100, 10, 28, 14, 27, 33, 47, 60, 7, 40, 80, 8, 15, 25, 85, 84, 51)(51, 40, 8, 31, 79, 89, 53, 12, 99, 59, 45, 3, 5, 1, 78, 78, 12, 45)(87, 78, 53, 8, 52, 65, 36, 40, 68, 66, 12, 28, 51, 50, 77, 8, 42, 88)(43, 69, 32, 40, 4, 93, 19, 81, 94, 32, 53, 64, 25, 54, 5, 79, 57, 48)
line 120: kNearestNeighbour 7 (7,8,5,7,5,7,7,10,3,9,2,10,3,4,4,4,5,10)
(87, 11, 42, 11, 44, 19, 90, 67, 41, 2, 15, 31, 5, 35, 7, 60, 76, 84)(93, 5, 20, 64, 17, 60, 56, 96, 22, 21, 9, 3, 46, 27, 30, 27, 65, 82)(63, 18, 10, 75, 23, 12, 74, 2, 22, 19, 83, 68, 40, 11, 67, 34, 52, 84)(51, 100, 10, 28, 14, 27, 33, 47, 60, 7, 40, 80, 8, 15, 25, 85, 84, 51)(4, 49, 68, 35, 19, 53, 44, 10, 35, 74, 47, 9, 99, 7, 85, 44, 58, 47)(51, 40, 8, 31, 79, 89, 53, 12, 99, 59, 45, 3, 5, 1, 78, 78, 12, 45)(87, 78, 53, 8, 52, 65, 36, 40, 68, 66, 12, 28, 51, 50, 77, 8, 42, 88)
line 121: nearestNeighbour (10,4,1,6,3,2,7,5,10,4,9,5,8,6,3,3,9,5)
(63, 18, 10, 75, 23, 12, 74, 2, 22, 19, 83, 68, 40, 11, 67, 34, 52, 84)
line 122: nearestNeighbour (10,2,7,6,8,7,3,3,6,7,2,6,2,8,8,2,5,8)
(87, 11, 42, 11, 44, 19, 90, 67, 41, 2, 15, 31, 5, 35, 7, 60, 76, 84)
line 123: nearestNeighbour (10,2,5,3,10,1,9,8,3,9,9,7,8,1,8,7,6,1)
(63, 18, 10, 75, 23, 12, 74, 2, 22, 19, 83, 68, 40, 11, 67, 34, 52, 84)
line 124: nearestNeighbour (7,1,2,8,3,8,2,8,8,4,6,5,6,2,6,3,2,10)
(93, 5, 20, 64, 17, 60, 56, 96, 22, 21, 9, 3, 46, 27, 30, 27, 65, 82)
line 125: kNearestNeighbour 3 (7,6,5,2,3,9,6,6,5,1,7,7,8,3,10,8,8,6)
(87, 11, 42, 11, 44, 19, 90, 67, 41, 2, 15, 31, 5, 35, 7, 60, 76, 84)(63, 18, 10, 75, 23, 12, 74, 2, 22, 19, 83, 68, 40, 11, 67, 34, 52, 84)(93, 5, 20, 64, 17, 60, 56, 96, 22, 21, 9, 3, 46, 27, 30, 27, 65, 82)
line 126: kNearestNeighbour 4 (4,8,10,1,2,5,6,10,1,6,4,2,4,1,9,8,1,5)
(87, 11, 42, 11, 44, 19, 90, 67, 41, 2, 15, 31, 5, 35, 7, 60, 76, 84)(4, 49, 68, 35, 19, 53, 44, 10, 35, 74, 47, 9, 99, 7, 85, 44, 58, 47)(93, 5, 20, 64, 17, 60, 56, 96, 22, 21, 9, 3, 46, 27, 30, 27, 65, 82)(63, 18, 10, 75, 23, 12, 74, 2, 22, 19, 83, 68, 40, 11, 67, 34, 52, 84)
line 127: nearestNeighbour (1,5,2,6,6,1,8,7,10,9,8,5,10,8,1,10,10,6)
(87, 11, 42, 11, 44, 19, 90, 67, 41, 2, 15, 31, 5, 35, 7, 60, 76, 84)
line 128: nearestNeighbour (2,2,4,9,6,5,3,10,3,7,4,5,5,4,4,3,7,9)
(93, 5, 20, 64, 17, 60, 56, 96, 22, 21, 9, 3, 46, 27, 30, 27, 65, 82)
line 129: kNearestNeighbour 3 (10,7,2,7,10,7,10,8,10,1,6,9,10,4,8,3,7,9)
(63, 18, 10, 75, 23, 12, 74, 2, 22, 19, 83, 68, 40, 11, 67, 34, 52, 84)(87, 11, 42, 11, 44, 19, 90, 67, 41, 2, 15, 31, 5, 35, 7, 60, 76, 84)(93, 5, 20, 64, 17, 60, 56, 96, 22, 21, 9, 3, 46, 27, 30, 27, 65, 82)
line 130: nearestNeighbour (8,7,3,10,3,3,9,9,4,8,8,3,10,1,9,9,1,6)
(63, 18, 10, 75, 23, 12, 74, 2, 22, 19, 83, 68, 40, 11, 67, 34, 52, 84)
line 131: kNearestNeighbour 10 (6,10,6,5,7,7,4,5,9,3,6,7,2,10,3,10,1,3)
(87, 11, 42, 11, 44, 19, 90, 67, 41, 2, 15, 31, 5, 35, 7, 60, 76, 84)(51, 100, 10, 28, 14, 27, 33, 47, 60, 7, 40, 80, 8, 15, 25, 85, 84, 51)(63, 18, 10, 75, 23, 12, 74, 2, 22, 19, 83, 68, 40, 11, 67, 34, 52, 84)(93, 5, 20, 64, 17, 60, 56, 96, 22, 21, 9, 3, 46, 27, 30, 27, 65, 82)(4, 49, 68, 35, 19, 53, 44, 10, 35, 74, 47, 9, 99, 7, 85, 44, 58, 47)(51, 40, 8, 31, 79, 89, 53, 12, 99, 59, 45, 3, 5, 1, 78, 78, 12, 45)(43, 69, 32, 40, 4, 93, 19, 81, 94, 32, 53, 64, 25, 54, 5, 79, 57, 48)(87, 78, 53, 8, 52, 65, 36, 40, 68, 66, 12, 28, 51, 50, 77, 8, 42, 88)(98, 85, 83, 45, 100, 3, 22, 26, 86, 68, 10, 29, 23, 65, 100, 46, 52, 43)(57, 94, 84, 73, 47, 43, 99, 19, 6, 48, 82, 96, 11, 37, 99, 8, 31, 47)
line 132: kNearestNeighbour 1 (1,3,2,4,8,1,6,10,8,10,4,4,3,9,8,4,8,1)
(87, 11, 42, 11, 44, 19, 90, 67, 41, 2, 15, 31, 5, 35, 7, 60, 76, 84)
line 133: nearestNeighbour (2,3,8,8,2,4,6,8,8,9,7,4,2,10,10,1,8,9)
(63, 18, 10, 75, 23, 12, 74, 2, 22, 19, 83, 68, 40, 11, 67, 34, 52, 84)
line 134: nearestNeighbour (10,9,1,5,9,3,8,10,6,6,7,10,10,2,10,6,6,4)
(63, 18, 10, 75, 23, 12, 74, 2, 22, 19, 83, 68, 40, 11, 67, 34, 52, 84)
line 135: nearestNeighbour (3,8,5,7,6,9,3,1,10,6,2,8,8,4,8,8,1,4)
