line 1: k=15
line 2: clear
line 3: buildTree 18
(90,46,89,26,4,95,8,90,61,16,32,27,18,75,40) (55,86,10,40,33,91,61,28,36,10,46,28,37,67,14) (82,67,64,51,51,48,29,83,80,58,100,47,100,85,12) (73,88,88,61,79,38,41,93,91,20,41,37,80,84,78) (41,50,20,87,75,57,91,41,34,57,97,14,60,6,60) (15,68,62,80,69,83,35,24,21,13,24,69,67,32,10) (43,49,71,42,96,65,76,90,17,35,17,92,59,100,20) (93,25,4,29,68,38,22,33,78,31,49,14,63,51,77) (59,48,71,74,94,63,27,86,33,92,78,29,90,38,2) (75,19,34,68,97,14,78,14,27,13,77,76,65,7,49) (24,44,31,97,32,90,38,67,61,53,95,94,94,26,53) (56,88,85,2,3,91,65,16,26,57,81,23,83,14,39) (32,71,62,27,30,68,66,17,29,12,4,65,80,81,12) (52,61,54,31,67,84,16,81,43,38,40,87,61,79,45) (48,80,84,41,48,3,51,69,5,49,47,26,87,64,28) (42,64,87,18,28,41,95,72,1,55,50,10,41,8,93) (86,45,91,99,45,95,63,36,21,80,43,18,71,26,17) (91,69,76,52,30,4,79,77,51,6,59,1,22,14,25) 
line 4: nodeCount_height_leafCount
nodeCount=18;height=5;leafCount=8
line 5: inorderTraversal
(41, 50, 20, 87, 75, 57, 91, 41, 34, 57, 97, 14, 60, 6, 60) (24, 44, 31, 97, 32, 90, 38, 67, 61, 53, 95, 94, 94, 26, 53) (43, 49, 71, 42, 96, 65, 76, 90, 17, 35, 17, 92, 59, 100, 20) (52, 61, 54, 31, 67, 84, 16, 81, 43, 38, 40, 87, 61, 79, 45) (15, 68, 62, 80, 69, 83, 35, 24, 21, 13, 24, 69, 67, 32, 10) (42, 64, 87, 18, 28, 41, 95, 72, 1, 55, 50, 10, 41, 8, 93) (32, 71, 62, 27, 30, 68, 66, 17, 29, 12, 4, 65, 80, 81, 12) (48, 80, 84, 41, 48, 3, 51, 69, 5, 49, 47, 26, 87, 64, 28) (55, 86, 10, 40, 33, 91, 61, 28, 36, 10, 46, 28, 37, 67, 14) (93, 25, 4, 29, 68, 38, 22, 33, 78, 31, 49, 14, 63, 51, 77) (75, 19, 34, 68, 97, 14, 78, 14, 27, 13, 77, 76, 65, 7, 49) (90, 46, 89, 26, 4, 95, 8, 90, 61, 16, 32, 27, 18, 75, 40) (86, 45, 91, 99, 45, 95, 63, 36, 21, 80, 43, 18, 71, 26, 17) (59, 48, 71, 74, 94, 63, 27, 86, 33, 92, 78, 29, 90, 38, 2) (82, 67, 64, 51, 51, 48, 29, 83, 80, 58, 100, 47, 100, 85, 12) (91, 69, 76, 52, 30, 4, 79, 77, 51, 6, 59, 1, 22, 14, 25) (56, 88, 85, 2, 3, 91, 65, 16, 26, 57, 81, 23, 83, 14, 39) (73, 88, 88, 61, 79, 38, 41, 93, 91, 20, 41, 37, 80, 84, 78) 
line 6: preorderTraversal
(55, 86, 10, 40, 33, 91, 61, 28, 36, 10, 46, 28, 37, 67, 14) (52, 61, 54, 31, 67, 84, 16, 81, 43, 38, 40, 87, 61, 79, 45) (24, 44, 31, 97, 32, 90, 38, 67, 61, 53, 95, 94, 94, 26, 53) (41, 50, 20, 87, 75, 57, 91, 41, 34, 57, 97, 14, 60, 6, 60) (43, 49, 71, 42, 96, 65, 76, 90, 17, 35, 17, 92, 59, 100, 20) (15, 68, 62, 80, 69, 83, 35, 24, 21, 13, 24, 69, 67, 32, 10) (32, 71, 62, 27, 30, 68, 66, 17, 29, 12, 4, 65, 80, 81, 12) (42, 64, 87, 18, 28, 41, 95, 72, 1, 55, 50, 10, 41, 8, 93) (48, 80, 84, 41, 48, 3, 51, 69, 5, 49, 47, 26, 87, 64, 28) (59, 48, 71, 74, 94, 63, 27, 86, 33, 92, 78, 29, 90, 38, 2) (75, 19, 34, 68, 97, 14, 78, 14, 27, 13, 77, 76, 65, 7, 49) (93, 25, 4, 29, 68, 38, 22, 33, 78, 31, 49, 14, 63, 51, 77) (90, 46, 89, 26, 4, 95, 8, 90, 61, 16, 32, 27, 18, 75, 40) (86, 45, 91, 99, 45, 95, 63, 36, 21, 80, 43, 18, 71, 26, 17) (91, 69, 76, 52, 30, 4, 79, 77, 51, 6, 59, 1, 22, 14, 25) (82, 67, 64, 51, 51, 48, 29, 83, 80, 58, 100, 47, 100, 85, 12) (56, 88, 85, 2, 3, 91, 65, 16, 26, 57, 81, 23, 83, 14, 39) (73, 88, 88, 61, 79, 38, 41, 93, 91, 20, 41, 37, 80, 84, 78) 
line 7: postorderTraversal
(41, 50, 20, 87, 75, 57, 91, 41, 34, 57, 97, 14, 60, 6, 60) (43, 49, 71, 42, 96, 65, 76, 90, 17, 35, 17, 92, 59, 100, 20) (24, 44, 31, 97, 32, 90, 38, 67, 61, 53, 95, 94, 94, 26, 53) (42, 64, 87, 18, 28, 41, 95, 72, 1, 55, 50, 10, 41, 8, 93) (48, 80, 84, 41, 48, 3, 51, 69, 5, 49, 47, 26, 87, 64, 28) (32, 71, 62, 27, 30, 68, 66, 17, 29, 12, 4, 65, 80, 81, 12) (15, 68, 62, 80, 69, 83, 35, 24, 21, 13, 24, 69, 67, 32, 10) (52, 61, 54, 31, 67, 84, 16, 81, 43, 38, 40, 87, 61, 79, 45) (93, 25, 4, 29, 68, 38, 22, 33, 78, 31, 49, 14, 63, 51, 77) (86, 45, 91, 99, 45, 95, 63, 36, 21, 80, 43, 18, 71, 26, 17) (90, 46, 89, 26, 4, 95, 8, 90, 61, 16, 32, 27, 18, 75, 40) (75, 19, 34, 68, 97, 14, 78, 14, 27, 13, 77, 76, 65, 7, 49) (82, 67, 64, 51, 51, 48, 29, 83, 80, 58, 100, 47, 100, 85, 12) (73, 88, 88, 61, 79, 38, 41, 93, 91, 20, 41, 37, 80, 84, 78) (56, 88, 85, 2, 3, 91, 65, 16, 26, 57, 81, 23, 83, 14, 39) (91, 69, 76, 52, 30, 4, 79, 77, 51, 6, 59, 1, 22, 14, 25) (59, 48, 71, 74, 94, 63, 27, 86, 33, 92, 78, 29, 90, 38, 2) (55, 86, 10, 40, 33, 91, 61, 28, 36, 10, 46, 28, 37, 67, 14) 
line 8: nearestNeighbour (5,6,10,10,4,7,6,8,8,3,9,5,1,8,10)
(55, 86, 10, 40, 33, 91, 61, 28, 36, 10, 46, 28, 37, 67, 14)
line 9: kNearestNeighbour 7 (3,8,5,2,4,3,10,4,2,5,3,5,10,5,10)
(55, 86, 10, 40, 33, 91, 61, 28, 36, 10, 46, 28, 37, 67, 14)(32, 71, 62, 27, 30, 68, 66, 17, 29, 12, 4, 65, 80, 81, 12)(93, 25, 4, 29, 68, 38, 22, 33, 78, 31, 49, 14, 63, 51, 77)(15, 68, 62, 80, 69, 83, 35, 24, 21, 13, 24, 69, 67, 32, 10)(91, 69, 76, 52, 30, 4, 79, 77, 51, 6, 59, 1, 22, 14, 25)(48, 80, 84, 41, 48, 3, 51, 69, 5, 49, 47, 26, 87, 64, 28)(42, 64, 87, 18, 28, 41, 95, 72, 1, 55, 50, 10, 41, 8, 93)
line 10: nearestNeighbour (3,2,3,7,7,2,7,6,10,5,6,3,7,1,10)
(55, 86, 10, 40, 33, 91, 61, 28, 36, 10, 46, 28, 37, 67, 14)
line 11: kNearestNeighbour 2 (8,4,7,6,1,5,6,3,6,2,6,2,1,3,2)
(55, 86, 10, 40, 33, 91, 61, 28, 36, 10, 46, 28, 37, 67, 14)(32, 71, 62, 27, 30, 68, 66, 17, 29, 12, 4, 65, 80, 81, 12)
line 12: kNearestNeighbour 2 (7,5,10,1,2,8,7,9,8,2,5,2,9,10,7)
(55, 86, 10, 40, 33, 91, 61, 28, 36, 10, 46, 28, 37, 67, 14)(32, 71, 62, 27, 30, 68, 66, 17, 29, 12, 4, 65, 80, 81, 12)
line 13: kNearestNeighbour 7 (4,4,4,10,4,3,5,10,8,4,1,5,10,7,5)
(55, 86, 10, 40, 33, 91, 61, 28, 36, 10, 46, 28, 37, 67, 14)(32, 71, 62, 27, 30, 68, 66, 17, 29, 12, 4, 65, 80, 81, 12)(93, 25, 4, 29, 68, 38, 22, 33, 78, 31, 49, 14, 63, 51, 77)(15, 68, 62, 80, 69, 83, 35, 24, 21, 13, 24, 69, 67, 32, 10)(91, 69, 76, 52, 30, 4, 79, 77, 51, 6, 59, 1, 22, 14, 25)(48, 80, 84, 41, 48, 3, 51, 69, 5, 49, 47, 26, 87, 64, 28)(42, 64, 87, 18, 28, 41, 95, 72, 1, 55, 50, 10, 41, 8, 93)
line 14: kNearestNeighbour 3 (2,4,3,4,8,4,9,4,8,9,2,4,5,1,6)
(55, 86, 10, 40, 33, 91, 61, 28, 36, 10, 46, 28, 37, 67, 14)(32, 71, 62, 27, 30, 68, 66, 17, 29, 12, 4, 65, 80, 81, 12)(93, 25, 4, 29, 68, 38, 22, 33, 78, 31, 49, 14, 63, 51, 77)
line 15: kNearestNeighbour 5 (10,6,3,1,10,3,6,10,1,10,8,7,1,10,3)
(55, 86, 10, 40, 33, 91, 61, 28, 36, 10, 46, 28, 37, 67, 14)(93, 25, 4, 29, 68, 38, 22, 33, 78, 31, 49, 14, 63, 51, 77)(32, 71, 62, 27, 30, 68, 66, 17, 29, 12, 4, 65, 80, 81, 12)(15, 68, 62, 80, 69, 83, 35, 24, 21, 13, 24, 69, 67, 32, 10)(91, 69, 76, 52, 30, 4, 79, 77, 51, 6, 59, 1, 22, 14, 25)
line 16: nearestNeighbour (6,7,5,3,9,1,5,2,4,3,4,1,7,5,5)
(55, 86, 10, 40, 33, 91, 61, 28, 36, 10, 46, 28, 37, 67, 14)
line 17: kNearestNeighbour 9 (1,6,8,5,6,1,2,8,1,5,3,6,4,10,4)
(55, 86, 10, 40, 33, 91, 61, 28, 36, 10, 46, 28, 37, 67, 14)(32, 71, 62, 27, 30, 68, 66, 17, 29, 12, 4, 65, 80, 81, 12)(15, 68, 62, 80, 69, 83, 35, 24, 21, 13, 24, 69, 67, 32, 10)(93, 25, 4, 29, 68, 38, 22, 33, 78, 31, 49, 14, 63, 51, 77)(91, 69, 76, 52, 30, 4, 79, 77, 51, 6, 59, 1, 22, 14, 25)(48, 80, 84, 41, 48, 3, 51, 69, 5, 49, 47, 26, 87, 64, 28)(42, 64, 87, 18, 28, 41, 95, 72, 1, 55, 50, 10, 41, 8, 93)(75, 19, 34, 68, 97, 14, 78, 14, 27, 13, 77, 76, 65, 7, 49)(90, 46, 89, 26, 4, 95, 8, 90, 61, 16, 32, 27, 18, 75, 40)
line 18: nearestNeighbour (1,5,1,5,2,7,2,10,8,6,1,10,2,1,7)
(55, 86, 10, 40, 33, 91, 61, 28, 36, 10, 46, 28, 37, 67, 14)
line 19: nearestNeighbour (7,9,7,7,8,3,5,9,8,9,6,4,8,10,6)
(55, 86, 10, 40, 33, 91, 61, 28, 36, 10, 46, 28, 37, 67, 14)
line 20: nearestNeighbour (10,7,5,3,9,2,3,9,10,5,6,7,3,2,10)
(55, 86, 10, 40, 33, 91, 61, 28, 36, 10, 46, 28, 37, 67, 14)
line 21: kNearestNeighbour 4 (2,1,9,5,4,4,7,3,3,2,5,3,5,3,5)
(55, 86, 10, 40, 33, 91, 61, 28, 36, 10, 46, 28, 37, 67, 14)(32, 71, 62, 27, 30, 68, 66, 17, 29, 12, 4, 65, 80, 81, 12)(15, 68, 62, 80, 69, 83, 35, 24, 21, 13, 24, 69, 67, 32, 10)(93, 25, 4, 29, 68, 38, 22, 33, 78, 31, 49, 14, 63, 51, 77)
line 22: nearestNeighbour (8,10,10,1,4,6,7,8,10,5,9,8,8,4,2)
(55, 86, 10, 40, 33, 91, 61, 28, 36, 10, 46, 28, 37, 67, 14)
line 23: nearestNeighbour (3,10,2,3,2,8,4,2,7,8,10,3,6,9,2)
(55, 86, 10, 40, 33, 91, 61, 28, 36, 10, 46, 28, 37, 67, 14)
line 24: nearestNeighbour (1,4,9,10,6,1,10,6,4,9,7,6,5,7,3)
(55, 86, 10, 40, 33, 91, 61, 28, 36, 10, 46, 28, 37, 67, 14)
line 25: kNearestNeighbour 3 (5,1,9,6,9,4,8,3,9,10,9,4,7,8,3)
(55, 86, 10, 40, 33, 91, 61, 28, 36, 10, 46, 28, 37, 67, 14)(32, 71, 62, 27, 30, 68, 66, 17, 29, 12, 4, 65, 80, 81, 12)(93, 25, 4, 29, 68, 38, 22, 33, 78, 31, 49, 14, 63, 51, 77)
line 26: kNearestNeighbour 7 (2,8,1,10,5,8,3,5,1,6,7,9,7,4,6)
(55, 86, 10, 40, 33, 91, 61, 28, 36, 10, 46, 28, 37, 67, 14)(15, 68, 62, 80, 69, 83, 35, 24, 21, 13, 24, 69, 67, 32, 10)(32, 71, 62, 27, 30, 68, 66, 17, 29, 12, 4, 65, 80, 81, 12)(93, 25, 4, 29, 68, 38, 22, 33, 78, 31, 49, 14, 63, 51, 77)(91, 69, 76, 52, 30, 4, 79, 77, 51, 6, 59, 1, 22, 14, 25)(48, 80, 84, 41, 48, 3, 51, 69, 5, 49, 47, 26, 87, 64, 28)(75, 19, 34, 68, 97, 14, 78, 14, 27, 13, 77, 76, 65, 7, 49)
line 27: nearestNeighbour (8,8,8,5,1,3,4,1,2,7,8,8,6,10,6)
(55, 86, 10, 40, 33, 91, 61, 28, 36, 10, 46, 28, 37, 67, 14)
line 28: kNearestNeighbour 8 (5,9,8,1,2,2,5,9,7,10,6,1,8,9,7)
(55, 86, 10, 40, 33, 91, 61, 28, 36, 10, 46, 28, 37, 67, 14)(32, 71, 62, 27, 30, 68, 66, 17, 29, 12, 4, 65, 80, 81, 12)(93, 25, 4, 29, 68, 38, 22, 33, 78, 31, 49, 14, 63, 51, 77)(15, 68, 62, 80, 69, 83, 35, 24, 21, 13, 24, 69, 67, 32, 10)(91, 69, 76, 52, 30, 4, 79, 77, 51, 6, 59, 1, 22, 14, 25)(48, 80, 84, 41, 48, 3, 51, 69, 5, 49, 47, 26, 87, 64, 28)(42, 64, 87, 18, 28, 41, 95, 72, 1, 55, 50, 10, 41, 8, 93)(75, 19, 34, 68, 97, 14, 78, 14, 27, 13, 77, 76, 65, 7, 49)
line 29: nearestNeighbour (8,3,4,3,3,9,9,8,2,2,10,8,8,8,10)
(55, 86, 10, 40, 33, 91, 61, 28, 36, 10, 46, 28, 37, 67, 14)
line 30: nearestNeighbour (6,3,2,7,6,8,3,4,3,8,5,7,2,9,5)
(55, 86, 10, 40, 33, 91, 61, 28, 36, 10, 46, 28, 37, 67, 14)
line 31: nearestNeighbour (1,3,4,6,8,6,2,10,4,7,8,10,5,5,10)
(55, 86, 10, 40, 33, 91, 61, 28, 36, 10, 46, 28, 37, 67, 14)
line 32: nearestNeighbour (3,8,10,8,1,8,5,3,7,4,3,5,8,8,4)
(55, 86, 10, 40, 33, 91, 61, 28, 36, 10, 46, 28, 37, 67, 14)
line 33: nearestNeighbour (7,8,8,6,3,10,9,2,3,1,5,1,1,4,8)
(55, 86, 10, 40, 33, 91, 61, 28, 36, 10, 46, 28, 37, 67, 14)
line 34: kNearestNeighbour 5 (8,3,5,3,10,10,1,6,1,4,1,7,10,7,10)
(55, 86, 10, 40, 33, 91, 61, 28, 36, 10, 46, 28, 37, 67, 14)(32, 71, 62, 27, 30, 68, 66, 17, 29, 12, 4, 65, 80, 81, 12)(93, 25, 4, 29, 68, 38, 22, 33, 78, 31, 49, 14, 63, 51, 77)(15, 68, 62, 80, 69, 83, 35, 24, 21, 13, 24, 69, 67, 32, 10)(91, 69, 76, 52, 30, 4, 79, 77, 51, 6, 59, 1, 22, 14, 25)
line 35: kNearestNeighbour 2 (4,5,1,6,10,4,1,9,7,1,5,10,1,6,6)
(55, 86, 10, 40, 33, 91, 61, 28, 36, 10, 46, 28, 37, 67, 14)(93, 25, 4, 29, 68, 38, 22, 33, 78, 31, 49, 14, 63, 51, 77)
line 36: kNearestNeighbour 7 (4,7,3,1,10,8,7,6,10,8,6,7,4,5,9)
(55, 86, 10, 40, 33, 91, 61, 28, 36, 10, 46, 28, 37, 67, 14)(93, 25, 4, 29, 68, 38, 22, 33, 78, 31, 49, 14, 63, 51, 77)(32, 71, 62, 27, 30, 68, 66, 17, 29, 12, 4, 65, 80, 81, 12)(15, 68, 62, 80, 69, 83, 35, 24, 21, 13, 24, 69, 67, 32, 10)(91, 69, 76, 52, 30, 4, 79, 77, 51, 6, 59, 1, 22, 14, 25)(48, 80, 84, 41, 48, 3, 51, 69, 5, 49, 47, 26, 87, 64, 28)(42, 64, 87, 18, 28, 41, 95, 72, 1, 55, 50, 10, 41, 8, 93)
line 37: kNearestNeighbour 2 (5,5,10,9,6,9,7,1,4,7,4,6,7,4,2)
(55, 86, 10, 40, 33, 91, 61, 28, 36, 10, 46, 28, 37, 67, 14)(32, 71, 62, 27, 30, 68, 66, 17, 29, 12, 4, 65, 80, 81, 12)
line 38: nearestNeighbour (3,3,6,6,2,1,2,7,8,4,9,7,10,1,6)
(55, 86, 10, 40, 33, 91, 61, 28, 36, 10, 46, 28, 37, 67, 14)
line 39: kNearestNeighbour 3 (10,6,3,10,6,7,1,3,5,2,9,3,10,2,6)
(55, 86, 10, 40, 33, 91, 61, 28, 36, 10, 46, 28, 37, 67, 14)(93, 25, 4, 29, 68, 38, 22, 33, 78, 31, 49, 14, 63, 51, 77)(15, 68, 62, 80, 69, 83, 35, 24, 21, 13, 24, 69, 67, 32, 10)
line 40: kNearestNeighbour 4 (6,8,7,10,10,10,3,2,8,2,4,4,10,5,6)
(55, 86, 10, 40, 33, 91, 61, 28, 36, 10, 46, 28, 37, 67, 14)(15, 68, 62, 80, 69, 83, 35, 24, 21, 13, 24, 69, 67, 32, 10)(32, 71, 62, 27, 30, 68, 66, 17, 29, 12, 4, 65, 80, 81, 12)(93, 25, 4, 29, 68, 38, 22, 33, 78, 31, 49, 14, 63, 51, 77)
line 41: kNearestNeighbour 8 (1,1,5,9,6,2,7,3,7,1,1,10,9,4,4)
(55, 86, 10, 40, 33, 91, 61, 28, 36, 10, 46, 28, 37, 67, 14)(32, 71, 62, 27, 30, 68, 66, 17, 29, 12, 4, 65, 80, 81, 12)(15, 68, 62, 80, 69, 83, 35, 24, 21, 13, 24, 69, 67, 32, 10)(93, 25, 4, 29, 68, 38, 22, 33, 78, 31, 49, 14, 63, 51, 77)(91, 69, 76, 52, 30, 4, 79, 77, 51, 6, 59, 1, 22, 14, 25)(48, 80, 84, 41, 48, 3, 51, 69, 5, 49, 47, 26, 87, 64, 28)(75, 19, 34, 68, 97, 14, 78, 14, 27, 13, 77, 76, 65, 7, 49)(42, 64, 87, 18, 28, 41, 95, 72, 1, 55, 50, 10, 41, 8, 93)
line 42: nearestNeighbour (3,1,10,3,4,4,5,7,1,10,4,9,8,10,9)
(55, 86, 10, 40, 33, 91, 61, 28, 36, 10, 46, 28, 37, 67, 14)
line 43: kNearestNeighbour 6 (7,9,7,9,2,6,7,4,7,8,2,3,10,10,3)
(55, 86, 10, 40, 33, 91, 61, 28, 36, 10, 46, 28, 37, 67, 14)(32, 71, 62, 27, 30, 68, 66, 17, 29, 12, 4, 65, 80, 81, 12)(15, 68, 62, 80, 69, 83, 35, 24, 21, 13, 24, 69, 67, 32, 10)(93, 25, 4, 29, 68, 38, 22, 33, 78, 31, 49, 14, 63, 51, 77)(91, 69, 76, 52, 30, 4, 79, 77, 51, 6, 59, 1, 22, 14, 25)(48, 80, 84, 41, 48, 3, 51, 69, 5, 49, 47, 26, 87, 64, 28)
line 44: kNearestNeighbour 3 (2,1,3,5,6,10,5,8,9,6,10,8,3,9,6)
(55, 86, 10, 40, 33, 91, 61, 28, 36, 10, 46, 28, 37, 67, 14)(93, 25, 4, 29, 68, 38, 22, 33, 78, 31, 49, 14, 63, 51, 77)(32, 71, 62, 27, 30, 68, 66, 17, 29, 12, 4, 65, 80, 81, 12)
line 45: kNearestNeighbour 1 (8,9,5,9,10,5,10,7,5,6,6,5,8,7,3)
(55, 86, 10, 40, 33, 91, 61, 28, 36, 10, 46, 28, 37, 67, 14)
line 46: nearestNeighbour (5,4,9,6,2,10,4,2,7,9,2,10,5,8,8)
(55, 86, 10, 40, 33, 91, 61, 28, 36, 10, 46, 28, 37, 67, 14)
line 47: nearestNeighbour (7,8,10,5,5,7,3,2,1,9,6,5,2,4,2)
(55, 86, 10, 40, 33, 91, 61, 28, 36, 10, 46, 28, 37, 67, 14)
line 48: nearestNeighbour (6,4,1,7,10,6,3,4,9,10,10,6,8,3,3)
(55, 86, 10, 40, 33, 91, 61, 28, 36, 10, 46, 28, 37, 67, 14)
line 49: kNearestNeighbour 1 (10,1,9,4,6,7,1,2,5,4,9,7,2,6,10)
(55, 86, 10, 40, 33, 91, 61, 28, 36, 10, 46, 28, 37, 67, 14)
line 50: nearestNeighbour (5,5,5,1,3,5,10,1,2,4,6,9,5,6,6)
(55, 86, 10, 40, 33, 91, 61, 28, 36, 10, 46, 28, 37, 67, 14)
line 51: nearestNeighbour (8,6,8,7,8,10,8,1,4,1,2,9,3,9,9)
(55, 86, 10, 40, 33, 91, 61, 28, 36, 10, 46, 28, 37, 67, 14)
line 52: nearestNeighbour (2,2,2,8,9,9,6,5,5,3,7,7,8,7,10)
(55, 86, 10, 40, 33, 91, 61, 28, 36, 10, 46, 28, 37, 67, 14)
line 53: nearestNeighbour (7,6,3,10,3,8,5,6,3,7,7,7,9,8,4)
(55, 86, 10, 40, 33, 91, 61, 28, 36, 10, 46, 28, 37, 67, 14)
line 54: kNearestNeighbour 4 (4,9,2,5,1,8,3,10,4,3,1,5,7,8,6)
(55, 86, 10, 40, 33, 91, 61, 28, 36, 10, 46, 28, 37, 67, 14)(32, 71, 62, 27, 30, 68, 66, 17, 29, 12, 4, 65, 80, 81, 12)(15, 68, 62, 80, 69, 83, 35, 24, 21, 13, 24, 69, 67, 32, 10)(93, 25, 4, 29, 68, 38, 22, 33, 78, 31, 49, 14, 63, 51, 77)
line 55: kNearestNeighbour 9 (10,3,8,6,7,10,3,7,3,6,1,7,6,7,6)
(55, 86, 10, 40, 33, 91, 61, 28, 36, 10, 46, 28, 37, 67, 14)(32, 71, 62, 27, 30, 68, 66, 17, 29, 12, 4, 65, 80, 81, 12)(15, 68, 62, 80, 69, 83, 35, 24, 21, 13, 24, 69, 67, 32, 10)(93, 25, 4, 29, 68, 38, 22, 33, 78, 31, 49, 14, 63, 51, 77)(91, 69, 76, 52, 30, 4, 79, 77, 51, 6, 59, 1, 22, 14, 25)(48, 80, 84, 41, 48, 3, 51, 69, 5, 49, 47, 26, 87, 64, 28)(42, 64, 87, 18, 28, 41, 95, 72, 1, 55, 50, 10, 41, 8, 93)(75, 19, 34, 68, 97, 14, 78, 14, 27, 13, 77, 76, 65, 7, 49)(90, 46, 89, 26, 4, 95, 8, 90, 61, 16, 32, 27, 18, 75, 40)
line 56: nearestNeighbour (6,10,4,8,5,10,10,10,7,5,9,8,8,1,7)
(55, 86, 10, 40, 33, 91, 61, 28, 36, 10, 46, 28, 37, 67, 14)
line 57: nearestNeighbour (9,4,4,7,10,6,7,10,6,1,8,6,3,10,10)
(55, 86, 10, 40, 33, 91, 61, 28, 36, 10, 46, 28, 37, 67, 14)
line 58: nearestNeighbour (2,9,7,4,3,3,3,10,9,8,8,4,3,1,7)
(55, 86, 10, 40, 33, 91, 61, 28, 36, 10, 46, 28, 37, 67, 14)
line 59: nearestNeighbour (1,8,6,5,5,8,1,5,6,1,5,5,4,5,10)
(55, 86, 10, 40, 33, 91, 61, 28, 36, 10, 46, 28, 37, 67, 14)
line 60: kNearestNeighbour 9 (9,8,10,10,1,8,5,9,6,3,9,10,4,4,5)
(55, 86, 10, 40, 33, 91, 61, 28, 36, 10, 46, 28, 37, 67, 14)(32, 71, 62, 27, 30, 68, 66, 17, 29, 12, 4, 65, 80, 81, 12)(15, 68, 62, 80, 69, 83, 35, 24, 21, 13, 24, 69, 67, 32, 10)(93, 25, 4, 29, 68, 38, 22, 33, 78, 31, 49, 14, 63, 51, 77)(91, 69, 76, 52, 30, 4, 79, 77, 51, 6, 59, 1, 22, 14, 25)(48, 80, 84, 41, 48, 3, 51, 69, 5, 49, 47, 26, 87, 64, 28)(42, 64, 87, 18, 28, 41, 95, 72, 1, 55, 50, 10, 41, 8, 93)(75, 19, 34, 68, 97, 14, 78, 14, 27, 13, 77, 76, 65, 7, 49)(90, 46, 89, 26, 4, 95, 8, 90, 61, 16, 32, 27, 18, 75, 40)
line 61: nearestNeighbour (5,8,5,8,9,4,6,1,1,10,3,8,3,8,9)
(55, 86, 10, 40, 33, 91, 61, 28, 36, 10, 46, 28, 37, 67, 14)
line 62: kNearestNeighbour 8 (6,5,2,6,9,4,2,1,6,9,3,2,2,7,3)
(55, 86, 10, 40, 33, 91, 61, 28, 36, 10, 46, 28, 37, 67, 14)(93, 25, 4, 29, 68, 38, 22, 33, 78, 31, 49, 14, 63, 51, 77)(32, 71, 62, 27, 30, 68, 66, 17, 29, 12, 4, 65, 80, 81, 12)(15, 68, 62, 80, 69, 83, 35, 24, 21, 13, 24, 69, 67, 32, 10)(91, 69, 76, 52, 30, 4, 79, 77, 51, 6, 59, 1, 22, 14, 25)(48, 80, 84, 41, 48, 3, 51, 69, 5, 49, 47, 26, 87, 64, 28)(75, 19, 34, 68, 97, 14, 78, 14, 27, 13, 77, 76, 65, 7, 49)(42, 64, 87, 18, 28, 41, 95, 72, 1, 55, 50, 10, 41, 8, 93)
line 63: nearestNeighbour (9,6,10,7,10,2,9,10,4,8,8,7,5,9,5)
(55, 86, 10, 40, 33, 91, 61, 28, 36, 10, 46, 28, 37, 67, 14)
line 64: nearestNeighbour (3,10,1,10,3,9,9,9,9,6,2,9,9,10,9)
(55, 86, 10, 40, 33, 91, 61, 28, 36, 10, 46, 28, 37, 67, 14)
line 65: nearestNeighbour (5,6,1,3,10,9,2,4,9,1,2,2,3,7,7)
(55, 86, 10, 40, 33, 91, 61, 28, 36, 10, 46, 28, 37, 67, 14)
line 66: kNearestNeighbour 7 (10,2,10,4,1,7,3,10,5,7,7,6,10,5,10)
(55, 86, 10, 40, 33, 91, 61, 28, 36, 10, 46, 28, 37, 67, 14)(93, 25, 4, 29, 68, 38, 22, 33, 78, 31, 49, 14, 63, 51, 77)(32, 71, 62, 27, 30, 68, 66, 17, 29, 12, 4, 65, 80, 81, 12)(15, 68, 62, 80, 69, 83, 35, 24, 21, 13, 24, 69, 67, 32, 10)(91, 69, 76, 52, 30, 4, 79, 77, 51, 6, 59, 1, 22, 14, 25)(48, 80, 84, 41, 48, 3, 51, 69, 5, 49, 47, 26, 87, 64, 28)(42, 64, 87, 18, 28, 41, 95, 72, 1, 55, 50, 10, 41, 8, 93)
line 67: kNearestNeighbour 1 (5,3,1,10,8,3,10,7,4,5,1,6,6,2,7)
(55, 86, 10, 40, 33, 91, 61, 28, 36, 10, 46, 28, 37, 67, 14)
line 68: nearestNeighbour (6,4,5,1,2,1,7,5,8,7,4,7,9,1,6)
(55, 86, 10, 40, 33, 91, 61, 28, 36, 10, 46, 28, 37, 67, 14)
line 69: kNearestNeighbour 8 (3,10,3,3,7,8,6,9,4,8,10,7,4,1,8)
(55, 86, 10, 40, 33, 91, 61, 28, 36, 10, 46, 28, 37, 67, 14)(32, 71, 62, 27, 30, 68, 66, 17, 29, 12, 4, 65, 80, 81, 12)(15, 68, 62, 80, 69, 83, 35, 24, 21, 13, 24, 69, 67, 32, 10)(93, 25, 4, 29, 68, 38, 22, 33, 78, 31, 49, 14, 63, 51, 77)(91, 69, 76, 52, 30, 4, 79, 77, 51, 6, 59, 1, 22, 14, 25)(48, 80, 84, 41, 48, 3, 51, 69, 5, 49, 47, 26, 87, 64, 28)(42, 64, 87, 18, 28, 41, 95, 72, 1, 55, 50, 10, 41, 8, 93)(75, 19, 34, 68, 97, 14, 78, 14, 27, 13, 77, 76, 65, 7, 49)
line 70: nearestNeighbour (7,10,8,5,3,9,8,10,6,10,2,7,9,9,10)
(55, 86, 10, 40, 33, 91, 61, 28, 36, 10, 46, 28, 37, 67, 14)
line 71: kNearestNeighbour 4 (4,7,3,7,8,4,7,3,9,2,7,2,2,7,7)
(55, 86, 10, 40, 33, 91, 61, 28, 36, 10, 46, 28, 37, 67, 14)(93, 25, 4, 29, 68, 38, 22, 33, 78, 31, 49, 14, 63, 51, 77)(32, 71, 62, 27, 30, 68, 66, 17, 29, 12, 4, 65, 80, 81, 12)(15, 68, 62, 80, 69, 83, 35, 24, 21, 13, 24, 69, 67, 32, 10)
line 72: nearestNeighbour (9,6,6,8,1,8,10,6,9,4,3,10,2,7,6)
(55, 86, 10, 40, 33, 91, 61, 28, 36, 10, 46, 28, 37, 67, 14)
line 73: nearestNeighbour (2,8,8,8,8,3,10,9,8,1,8,5,3,5,9)
(55, 86, 10, 40, 33, 91, 61, 28, 36, 10, 46, 28, 37, 67, 14)
line 74: kNearestNeighbour 6 (4,6,6,6,1,9,7,9,6,8,6,7,3,2,6)
(55, 86, 10, 40, 33, 91, 61, 28, 36, 10, 46, 28, 37, 67, 14)(32, 71, 62, 27, 30, 68, 66, 17, 29, 12, 4, 65, 80, 81, 12)(15, 68, 62, 80, 69, 83, 35, 24, 21, 13, 24, 69, 67, 32, 10)(93, 25, 4, 29, 68, 38, 22, 33, 78, 31, 49, 14, 63, 51, 77)(91, 69, 76, 52, 30, 4, 79, 77, 51, 6, 59, 1, 22, 14, 25)(48, 80, 84, 41, 48, 3, 51, 69, 5, 49, 47, 26, 87, 64, 28)
line 75: kNearestNeighbour 8 (9,7,6,7,5,10,2,9,3,5,8,3,9,3,7)
(55, 86, 10, 40, 33, 91, 61, 28, 36, 10, 46, 28, 37, 67, 14)(93, 25, 4, 29, 68, 38, 22, 33, 78, 31, 49, 14, 63, 51, 77)(32, 71, 62, 27, 30, 68, 66, 17, 29, 12, 4, 65, 80, 81, 12)(15, 68, 62, 80, 69, 83, 35, 24, 21, 13, 24, 69, 67, 32, 10)(91, 69, 76, 52, 30, 4, 79, 77, 51, 6, 59, 1, 22, 14, 25)(48, 80, 84, 41, 48, 3, 51, 69, 5, 49, 47, 26, 87, 64, 28)(42, 64, 87, 18, 28, 41, 95, 72, 1, 55, 50, 10, 41, 8, 93)(75, 19, 34, 68, 97, 14, 78, 14, 27, 13, 77, 76, 65, 7, 49)
line 76: kNearestNeighbour 10 (5,8,3,2,8,8,4,2,3,5,9,3,3,6,1)
(55, 86, 10, 40, 33, 91, 61, 28, 36, 10, 46, 28, 37, 67, 14)(32, 71, 62, 27, 30, 68, 66, 17, 29, 12, 4, 65, 80, 81, 12)(15, 68, 62, 80, 69, 83, 35, 24, 21, 13, 24, 69, 67, 32, 10)(93, 25, 4, 29, 68, 38, 22, 33, 78, 31, 49, 14, 63, 51, 77)(91, 69, 76, 52, 30, 4, 79, 77, 51, 6, 59, 1, 22, 14, 25)(48, 80, 84, 41, 48, 3, 51, 69, 5, 49, 47, 26, 87, 64, 28)(42, 64, 87, 18, 28, 41, 95, 72, 1, 55, 50, 10, 41, 8, 93)(75, 19, 34, 68, 97, 14, 78, 14, 27, 13, 77, 76, 65, 7, 49)(90, 46, 89, 26, 4, 95, 8, 90, 61, 16, 32, 27, 18, 75, 40)(56, 88, 85, 2, 3, 91, 65, 16, 26, 57, 81, 23, 83, 14, 39)
line 77: kNearestNeighbour 7 (4,2,2,6,6,2,8,7,7,4,8,9,8,5,10)
(55, 86, 10, 40, 33, 91, 61, 28, 36, 10, 46, 28, 37, 67, 14)(93, 25, 4, 29, 68, 38, 22, 33, 78, 31, 49, 14, 63, 51, 77)(32, 71, 62, 27, 30, 68, 66, 17, 29, 12, 4, 65, 80, 81, 12)(15, 68, 62, 80, 69, 83, 35, 24, 21, 13, 24, 69, 67, 32, 10)(91, 69, 76, 52, 30, 4, 79, 77, 51, 6, 59, 1, 22, 14, 25)(48, 80, 84, 41, 48, 3, 51, 69, 5, 49, 47, 26, 87, 64, 28)(75, 19, 34, 68, 97, 14, 78, 14, 27, 13, 77, 76, 65, 7, 49)
line 78: nearestNeighbour (9,4,6,5,1,8,6,9,4,10,5,2,5,2,3)
(55, 86, 10, 40, 33, 91, 61, 28, 36, 10, 46, 28, 37, 67, 14)
line 79: nearestNeighbour (9,4,7,4,5,10,7,3,2,10,10,4,9,6,3)
(55, 86, 10, 40, 33, 91, 61, 28, 36, 10, 46, 28, 37, 67, 14)
line 80: kNearestNeighbour 8 (7,4,3,3,2,8,10,9,8,8,5,10,9,7,1)
(55, 86, 10, 40, 33, 91, 61, 28, 36, 10, 46, 28, 37, 67, 14)(32, 71, 62, 27, 30, 68, 66, 17, 29, 12, 4, 65, 80, 81, 12)(93, 25, 4, 29, 68, 38, 22, 33, 78, 31, 49, 14, 63, 51, 77)(15, 68, 62, 80, 69, 83, 35, 24, 21, 13, 24, 69, 67, 32, 10)(91, 69, 76, 52, 30, 4, 79, 77, 51, 6, 59, 1, 22, 14, 25)(48, 80, 84, 41, 48, 3, 51, 69, 5, 49, 47, 26, 87, 64, 28)(42, 64, 87, 18, 28, 41, 95, 72, 1, 55, 50, 10, 41, 8, 93)(75, 19, 34, 68, 97, 14, 78, 14, 27, 13, 77, 76, 65, 7, 49)
line 81: nearestNeighbour (8,10,8,1,7,7,5,10,3,10,5,8,10,10,1)
(55, 86, 10, 40, 33, 91, 61, 28, 36, 10, 46, 28, 37, 67, 14)
line 82: kNearestNeighbour 9 (4,7,9,2,1,5,5,9,2,5,2,7,6,1,8)
(55, 86, 10, 40, 33, 91, 61, 28, 36, 10, 46, 28, 37, 67, 14)(32, 71, 62, 27, 30, 68, 66, 17, 29, 12, 4, 65, 80, 81, 12)(15, 68, 62, 80, 69, 83, 35, 24, 21, 13, 24, 69, 67, 32, 10)(93, 25, 4, 29, 68, 38, 22, 33, 78, 31, 49, 14, 63, 51, 77)(91, 69, 76, 52, 30, 4, 79, 77, 51, 6, 59, 1, 22, 14, 25)(48, 80, 84, 41, 48, 3, 51, 69, 5, 49, 47, 26, 87, 64, 28)(42, 64, 87, 18, 28, 41, 95, 72, 1, 55, 50, 10, 41, 8, 93)(75, 19, 34, 68, 97, 14, 78, 14, 27, 13, 77, 76, 65, 7, 49)(90, 46, 89, 26, 4, 95, 8, 90, 61, 16, 32, 27, 18, 75, 40)
line 83: kNearestNeighbour 9 (3,7,10,6,2,7,7,3,9,5,3,1,1,1,6)
(55, 86, 10, 40, 33, 91, 61, 28, 36, 10, 46, 28, 37, 67, 14)(32, 71, 62, 27, 30, 68, 66, 17, 29, 12, 4, 65, 80, 81, 12)(15, 68, 62, 80, 69, 83, 35, 24, 21, 13, 24, 69, 67, 32, 10)(93, 25, 4, 29, 68, 38, 22, 33, 78, 31, 49, 14, 63, 51, 77)(91, 69, 76, 52, 30, 4, 79, 77, 51, 6, 59, 1, 22, 14, 25)(48, 80, 84, 41, 48, 3, 51, 69, 5, 49, 47, 26, 87, 64, 28)(42, 64, 87, 18, 28, 41, 95, 72, 1, 55, 50, 10, 41, 8, 93)(75, 19, 34, 68, 97, 14, 78, 14, 27, 13, 77, 76, 65, 7, 49)(90, 46, 89, 26, 4, 95, 8, 90, 61, 16, 32, 27, 18, 75, 40)
line 84: nearestNeighbour (7,4,3,8,3,7,1,6,5,7,1,8,6,4,4)
(55, 86, 10, 40, 33, 91, 61, 28, 36, 10, 46, 28, 37, 67, 14)
line 85: nearestNeighbour (5,7,5,2,4,2,6,9,5,4,2,10,8,10,1)
(55, 86, 10, 40, 33, 91, 61, 28, 36, 10, 46, 28, 37, 67, 14)
line 86: nearestNeighbour (9,3,2,3,3,9,8,3,7,1,7,2,5,7,4)
(55, 86, 10, 40, 33, 91, 61, 28, 36, 10, 46, 28, 37, 67, 14)
line 87: nearestNeighbour (4,9,4,2,1,8,9,9,1,7,9,5,4,9,8)
(55, 86, 10, 40, 33, 91, 61, 28, 36, 10, 46, 28, 37, 67, 14)
line 88: kNearestNeighbour 1 (8,2,1,7,9,4,4,5,7,4,2,9,1,4,1)
(55, 86, 10, 40, 33, 91, 61, 28, 36, 10, 46, 28, 37, 67, 14)
line 89: kNearestNeighbour 4 (9,8,2,10,10,4,7,6,5,1,2,1,5,5,2)
(55, 86, 10, 40, 33, 91, 61, 28, 36, 10, 46, 28, 37, 67, 14)(32, 71, 62, 27, 30, 68, 66, 17, 29, 12, 4, 65, 80, 81, 12)(93, 25, 4, 29, 68, 38, 22, 33, 78, 31, 49, 14, 63, 51, 77)(15, 68, 62, 80, 69, 83, 35, 24, 21, 13, 24, 69, 67, 32, 10)
line 90: kNearestNeighbour 5 (5,4,5,1,10,9,5,9,3,4,6,9,6,10,2)
(55, 86, 10, 40, 33, 91, 61, 28, 36, 10, 46, 28, 37, 67, 14)(32, 71, 62, 27, 30, 68, 66, 17, 29, 12, 4, 65, 80, 81, 12)(15, 68, 62, 80, 69, 83, 35, 24, 21, 13, 24, 69, 67, 32, 10)(93, 25, 4, 29, 68, 38, 22, 33, 78, 31, 49, 14, 63, 51, 77)(91, 69, 76, 52, 30, 4, 79, 77, 51, 6, 59, 1, 22, 14, 25)
line 91: nearestNeighbour (6,5,1,8,9,4,7,8,10,9,10,4,10,2,9)
(55, 86, 10, 40, 33, 91, 61, 28, 36, 10, 46, 28, 37, 67, 14)
line 92: nearestNeighbour (6,4,9,8,9,4,4,5,3,9,7,4,8,9,2)
(55, 86, 10, 40, 33, 91, 61, 28, 36, 10, 46, 28, 37, 67, 14)
line 93: nearestNeighbour (1,10,5,9,9,9,10,4,10,7,8,1,3,9,7)
(55, 86, 10, 40, 33, 91, 61, 28, 36, 10, 46, 28, 37, 67, 14)
line 94: nearestNeighbour (3,2,5,1,9,7,3,9,1,4,10,8,6,10,10)
(55, 86, 10, 40, 33, 91, 61, 28, 36, 10, 46, 28, 37, 67, 14)
line 95: nearestNeighbour (7,1,3,3,1,2,3,1,8,8,1,9,8,3,2)
(55, 86, 10, 40, 33, 91, 61, 28, 36, 10, 46, 28, 37, 67, 14)
line 96: nearestNeighbour (6,8,7,10,4,7,2,3,1,6,10,8,4,3,8)
(55, 86, 10, 40, 33, 91, 61, 28, 36, 10, 46, 28, 37, 67, 14)
line 97: nearestNeighbour (1,3,8,2,6,6,10,6,2,3,10,2,1,3,2)
(55, 86, 10, 40, 33, 91, 61, 28, 36, 10, 46, 28, 37, 67, 14)
line 98: kNearestNeighbour 4 (6,5,6,9,1,7,10,3,2,3,6,4,8,10,8)
(55, 86, 10, 40, 33, 91, 61, 28, 36, 10, 46, 28, 37, 67, 14)(32, 71, 62, 27, 30, 68, 66, 17, 29, 12, 4, 65, 80, 81, 12)(15, 68, 62, 80, 69, 83, 35, 24, 21, 13, 24, 69, 67, 32, 10)(93, 25, 4, 29, 68, 38, 22, 33, 78, 31, 49, 14, 63, 51, 77)
line 99: kNearestNeighbour 7 (3,10,6,6,4,10,2,8,1,6,5,5,7,7,9)
(55, 86, 10, 40, 33, 91, 61, 28, 36, 10, 46, 28, 37, 67, 14)(32, 71, 62, 27, 30, 68, 66, 17, 29, 12, 4, 65, 80, 81, 12)(15, 68, 62, 80, 69, 83, 35, 24, 21, 13, 24, 69, 67, 32, 10)(93, 25, 4, 29, 68, 38, 22, 33, 78, 31, 49, 14, 63, 51, 77)(91, 69, 76, 52, 30, 4, 79, 77, 51, 6, 59, 1, 22, 14, 25)(48, 80, 84, 41, 48, 3, 51, 69, 5, 49, 47, 26, 87, 64, 28)(42, 64, 87, 18, 28, 41, 95, 72, 1, 55, 50, 10, 41, 8, 93)
line 100: nearestNeighbour (1,9,10,5,8,10,2,5,8,9,7,1,7,1,7)
(55, 86, 10, 40, 33, 91, 61, 28, 36, 10, 46, 28, 37, 67, 14)
line 101: nearestNeighbour (9,6,3,7,1,5,7,9,9,6,7,5,9,9,3)
(55, 86, 10, 40, 33, 91, 61, 28, 36, 10, 46, 28, 37, 67, 14)
line 102: nearestNeighbour (5,5,9,10,3,3,8,6,6,3,1,8,7,5,7)
(55, 86, 10, 40, 33, 91, 61, 28, 36, 10, 46, 28, 37, 67, 14)
line 103: nearestNeighbour (7,6,10,3,8,10,2,7,6,10,5,3,10,9,4)
(55, 86, 10, 40, 33, 91, 61, 28, 36, 10, 46, 28, 37, 67, 14)
line 104: nearestNeighbour (10,3,5,6,2,9,10,7,4,4,2,8,3,7,10)
(55, 86, 10, 40, 33, 91, 61, 28, 36, 10, 46, 28, 37, 67, 14)
line 105: nearestNeighbour (5,5,1,5,3,8,8,7,6,4,5,8,8,4,9)
(55, 86, 10, 40, 33, 91, 61, 28, 36, 10, 46, 28, 37, 67, 14)
line 106: nearestNeighbour (1,7,8,5,2,10,5,10,10,8,3,2,6,4,10)
(55, 86, 10, 40, 33, 91, 61, 28, 36, 10, 46, 28, 37, 67, 14)
line 107: kNearestNeighbour 8 (8,1,6,4,3,8,8,4,8,6,3,4,3,4,7)
(55, 86, 10, 40, 33, 91, 61, 28, 36, 10, 46, 28, 37, 67, 14)(93, 25, 4, 29, 68, 38, 22, 33, 78, 31, 49, 14, 63, 51, 77)(32, 71, 62, 27, 30, 68, 66, 17, 29, 12, 4, 65, 80, 81, 12)(15, 68, 62, 80, 69, 83, 35, 24, 21, 13, 24, 69, 67, 32, 10)(91, 69, 76, 52, 30, 4, 79, 77, 51, 6, 59, 1, 22, 14, 25)(48, 80, 84, 41, 48, 3, 51, 69, 5, 49, 47, 26, 87, 64, 28)(42, 64, 87, 18, 28, 41, 95, 72, 1, 55, 50, 10, 41, 8, 93)(75, 19, 34, 68, 97, 14, 78, 14, 27, 13, 77, 76, 65, 7, 49)
line 108: nearestNeighbour (1,7,1,5,4,9,4,3,6,10,7,4,6,9,10)
(55, 86, 10, 40, 33, 91, 61, 28, 36, 10, 46, 28, 37, 67, 14)
line 109: kNearestNeighbour 2 (9,9,8,9,4,8,9,1,9,2,10,7,4,2,5)
(55, 86, 10, 40, 33, 91, 61, 28, 36, 10, 46, 28, 37, 67, 14)(32, 71, 62, 27, 30, 68, 66, 17, 29, 12, 4, 65, 80, 81, 12)
line 110: kNearestNeighbour 9 (9,4,5,5,8,10,10,7,5,9,4,7,2,8,10)
(55, 86, 10, 40, 33, 91, 61, 28, 36, 10, 46, 28, 37, 67, 14)(32, 71, 62, 27, 30, 68, 66, 17, 29, 12, 4, 65, 80, 81, 12)(93, 25, 4, 29, 68, 38, 22, 33, 78, 31, 49, 14, 63, 51, 77)(15, 68, 62, 80, 69, 83, 35, 24, 21, 13, 24, 69, 67, 32, 10)(91, 69, 76, 52, 30, 4, 79, 77, 51, 6, 59, 1, 22, 14, 25)(48, 80, 84, 41, 48, 3, 51, 69, 5, 49, 47, 26, 87, 64, 28)(42, 64, 87, 18, 28, 41, 95, 72, 1, 55, 50, 10, 41, 8, 93)(75, 19, 34, 68, 97, 14, 78, 14, 27, 13, 77, 76, 65, 7, 49)(90, 46, 89, 26, 4, 95, 8, 90, 61, 16, 32, 27, 18, 75, 40)
line 111: nearestNeighbour (8,6,9,4,5,1,8,10,8,7,5,6,4,1,10)
(55, 86, 10, 40, 33, 91, 61, 28, 36, 10, 46, 28, 37, 67, 14)
line 112: kNearestNeighbour 7 (3,8,3,3,4,8,10,1,5,10,2,10,8,2,10)
(55, 86, 10, 40, 33, 91, 61, 28, 36, 10, 46, 28, 37, 67, 14)(32, 71, 62, 27, 30, 68, 66, 17, 29, 12, 4, 65, 80, 81, 12)(15, 68, 62, 80, 69, 83, 35, 24, 21, 13, 24, 69, 67, 32, 10)(93, 25, 4, 29, 68, 38, 22, 33, 78, 31, 49, 14, 63, 51, 77)(91, 69, 76, 52, 30, 4, 79, 77, 51, 6, 59, 1, 22, 14, 25)(48, 80, 84, 41, 48, 3, 51, 69, 5, 49, 47, 26, 87, 64, 28)(42, 64, 87, 18, 28, 41, 95, 72, 1, 55, 50, 10, 41, 8, 93)
line 113: kNearestNeighbour 10 (3,3,6,7,7,1,3,8,9,1,4,9,2,5,4)
(55, 86, 10, 40, 33, 91, 61, 28, 36, 10, 46, 28, 37, 67, 14)(32, 71, 62, 27, 30, 68, 66, 17, 29, 12, 4, 65, 80, 81, 12)(15, 68, 62, 80, 69, 83, 35, 24, 21, 13, 24, 69, 67, 32, 10)(93, 25, 4, 29, 68, 38, 22, 33, 78, 31, 49, 14, 63, 51, 77)(91, 69, 76, 52, 30, 4, 79, 77, 51, 6, 59, 1, 22, 14, 25)(48, 80, 84, 41, 48, 3, 51, 69, 5, 49, 47, 26, 87, 64, 28)(75, 19, 34, 68, 97, 14, 78, 14, 27, 13, 77, 76, 65, 7, 49)(42, 64, 87, 18, 28, 41, 95, 72, 1, 55, 50, 10, 41, 8, 93)(90, 46, 89, 26, 4, 95, 8, 90, 61, 16, 32, 27, 18, 75, 40)(52, 61, 54, 31, 67, 84, 16, 81, 43, 38, 40, 87, 61, 79, 45)
line 114: kNearestNeighbour 1 (5,5,9,5,1,3,6,6,9,9,9,1,2,6,8)
(55, 86, 10, 40, 33, 91, 61, 28, 36, 10, 46, 28, 37, 67, 14)
line 115: kNearestNeighbour 10 (7,10,9,10,7,2,1,9,2,10,6,8,3,2,7)
(55, 86, 10, 40, 33, 91, 61, 28, 36, 10, 46, 28, 37, 67, 14)(15, 68, 62, 80, 69, 83, 35, 24, 21, 13, 24, 69, 67, 32, 10)(32, 71, 62, 27, 30, 68, 66, 17, 29, 12, 4, 65, 80, 81, 12)(93, 25, 4, 29, 68, 38, 22, 33, 78, 31, 49, 14, 63, 51, 77)(91, 69, 76, 52, 30, 4, 79, 77, 51, 6, 59, 1, 22, 14, 25)(48, 80, 84, 41, 48, 3, 51, 69, 5, 49, 47, 26, 87, 64, 28)(42, 64, 87, 18, 28, 41, 95, 72, 1, 55, 50, 10, 41, 8, 93)(75, 19, 34, 68, 97, 14, 78, 14, 27, 13, 77, 76, 65, 7, 49)(90, 46, 89, 26, 4, 95, 8, 90, 61, 16, 32, 27, 18, 75, 40)(56, 88, 85, 2, 3, 91, 65, 16, 26, 57, 81, 23, 83, 14, 39)
line 116: nearestNeighbour (1,1,10,3,7,4,3,7,2,1,7,9,2,10,2)
(55, 86, 10, 40, 33, 91, 61, 28, 36, 10, 46, 28, 37, 67, 14)
line 117: kNearestNeighbour 1 (2,5,8,7,10,1,2,9,3,8,10,4,8,3,3)
(55, 86, 10, 40, 33, 91, 61, 28, 36, 10, 46, 28, 37, 67, 14)
line 118: kNearestNeighbour 8 (7,6,3,7,9,10,3,7,10,7,7,10,1,2,5)
(55, 86, 10, 40, 33, 91, 61, 28, 36, 10, 46, 28, 37, 67, 14)(93, 25, 4, 29, 68, 38, 22, 33, 78, 31, 49, 14, 63, 51, 77)(15, 68, 62, 80, 69, 83, 35, 24, 21, 13, 24, 69, 67, 32, 10)(32, 71, 62, 27, 30, 68, 66, 17, 29, 12, 4, 65, 80, 81, 12)(91, 69, 76, 52, 30, 4, 79, 77, 51, 6, 59, 1, 22, 14, 25)(48, 80, 84, 41, 48, 3, 51, 69, 5, 49, 47, 26, 87, 64, 28)(75, 19, 34, 68, 97, 14, 78, 14, 27, 13, 77, 76, 65, 7, 49)(42, 64, 87, 18, 28, 41, 95, 72, 1, 55, 50, 10, 41, 8, 93)
line 119: kNearestNeighbour 3 (2,4,8,4,10,1,6,9,2,2,6,6,8,5,8)
(55, 86, 10, 40, 33, 91, 61, 28, 36, 10, 46, 28, 37, 67, 14)(32, 71, 62, 27, 30, 68, 66, 17, 29, 12, 4, 65, 80, 81, 12)(15, 68, 62, 80, 69, 83, 35, 24, 21, 13, 24, 69, 67, 32, 10)
line 120: nearestNeighbour (6,3,10,2,8,9,4,2,6,5,7,3,5,7,3)
(55, 86, 10, 40, 33, 91, 61, 28, 36, 10, 46, 28, 37, 67, 14)
line 121: nearestNeighbour (6,5,4,10,10,7,10,8,3,1,4,6,7,6,5)
(55, 86, 10, 40, 33, 91, 61, 28, 36, 10, 46, 28, 37, 67, 14)
line 122: nearestNeighbour (4,3,7,1,8,10,5,7,8,1,9,4,6,5,1)
(55, 86, 10, 40, 33, 91, 61, 28, 36, 10, 46, 28, 37, 67, 14)
line 123: nearestNeighbour (3,5,9,10,6,5,5,7,5,5,3,4,7,3,1)
(55, 86, 10, 40, 33, 91, 61, 28, 36, 10, 46, 28, 37, 67, 14)
line 124: kNearestNeighbour 5 (3,1,4,9,8,5,5,1,8,2,8,3,10,5,9)
(55, 86, 10, 40, 33, 91, 61, 28, 36, 10, 46, 28, 37, 67, 14)(93, 25, 4, 29, 68, 38, 22, 33, 78, 31, 49, 14, 63, 51, 77)(32, 71, 62, 27, 30, 68, 66, 17, 29, 12, 4, 65, 80, 81, 12)(15, 68, 62, 80, 69, 83, 35, 24, 21, 13, 24, 69, 67, 32, 10)(91, 69, 76, 52, 30, 4, 79, 77, 51, 6, 59, 1, 22, 14, 25)
line 125: nearestNeighbour (5,10,6,9,5,2,7,7,5,4,2,7,5,9,4)
(55, 86, 10, 40, 33, 91, 61, 28, 36, 10, 46, 28, 37, 67, 14)
line 126: nearestNeighbour (7,2,6,8,7,3,10,1,8,4,8,6,5,5,4)
(55, 86, 10, 40, 33, 91, 61, 28, 36, 10, 46, 28, 37, 67, 14)
line 127: nearestNeighbour (5,7,2,1,8,2,4,6,5,1,3,3,4,6,9)
(55, 86, 10, 40, 33, 91, 61, 28, 36, 10, 46, 28, 37, 67, 14)
line 128: kNearestNeighbour 1 (6,6,7,3,5,2,4,3,9,1,5,4,3,1,4)
(55, 86, 10, 40, 33, 91, 61, 28, 36, 10, 46, 28, 37, 67, 14)
line 129: nearestNeighbour (2,6,1,10,5,5,6,7,5,1,4,10,3,4,3)
(55, 86, 10, 40, 33, 91, 61, 28, 36, 10, 46, 28, 37, 67, 14)
line 130: kNearestNeighbour 10 (3,9,2,7,10,1,1,8,1,5,4,4,8,8,8)
(55, 86, 10, 40, 33, 91, 61, 28, 36, 10, 46, 28, 37, 67, 14)(32, 71, 62, 27, 30, 68, 66, 17, 29, 12, 4, 65, 80, 81, 12)(93, 25, 4, 29, 68, 38, 22, 33, 78, 31, 49, 14, 63, 51, 77)(15, 68, 62, 80, 69, 83, 35, 24, 21, 13, 24, 69, 67, 32, 10)(91, 69, 76, 52, 30, 4, 79, 77, 51, 6, 59, 1, 22, 14, 25)(48, 80, 84, 41, 48, 3, 51, 69, 5, 49, 47, 26, 87, 64, 28)(42, 64, 87, 18, 28, 41, 95, 72, 1, 55, 50, 10, 41, 8, 93)(75, 19, 34, 68, 97, 14, 78, 14, 27, 13, 77, 76, 65, 7, 49)(90, 46, 89, 26, 4, 95, 8, 90, 61, 16, 32, 27, 18, 75, 40)(52, 61, 54, 31, 67, 84, 16, 81, 43, 38, 40, 87, 61, 79, 45)
line 131: kNearestNeighbour 1 (2,7,6,6,8,7,1,5,5,3,8,7,9,9,5)
(55, 86, 10, 40, 33, 91, 61, 28, 36, 10, 46, 28, 37, 67, 14)
line 132: nearestNeighbour (6,10,6,3,7,10,3,5,8,4,9,3,6,6,5)
(55, 86, 10, 40, 33, 91, 61, 28, 36, 10, 46, 28, 37, 67, 14)
line 133: nearestNeighbour (1,4,3,1,3,9,5,6,8,5,3,2,5,2,9)
(55, 86, 10, 40, 33, 91, 61, 28, 36, 10, 46, 28, 37, 67, 14)
line 134: kNearestNeighbour 4 (1,3,3,9,3,10,4,4,4,7,10,7,3,10,1)
(55, 86, 10, 40, 33, 91, 61, 28, 36, 10, 46, 28, 37, 67, 14)(32, 71, 62, 27, 30, 68, 66, 17, 29, 12, 4, 65, 80, 81, 12)(15, 68, 62, 80, 69, 83, 35, 24, 21, 13, 24, 69, 67, 32, 10)(93, 25, 4, 29, 68, 38, 22, 33, 78, 31, 49, 14, 63, 51, 77)
line 135: nearestNeighbour (5,6,2,7,5,1,3,9,9,3,3,7,7,3,8)
(55, 86, 10, 40, 33, 91, 61, 28, 36, 10, 46, 28, 37, 67, 14)
line 136: kNearestNeighbour 10 (10,8,4,8,3,8,8,5,8,5,6,2,8,9,1)
(55, 86, 10, 40, 33, 91, 61, 28, 36, 10, 46, 28, 37, 67, 14)(32, 71, 62, 27, 30, 68, 66, 17, 29, 12, 4, 65, 80, 81, 12)(93, 25, 4, 29, 68, 38, 22, 33, 78, 31, 49, 14, 63, 51, 77)(15, 68, 62, 80, 69, 83, 35, 24, 21, 13, 24, 69, 67, 32, 10)(91, 69, 76, 52, 30, 4, 79, 77, 51, 6, 59, 1, 22, 14, 25)(48, 80, 84, 41, 48, 3, 51, 69, 5, 49, 47, 26, 87, 64, 28)(42, 64, 87, 18, 28, 41, 95, 72, 1, 55, 50, 10, 41, 8, 93)(75, 19, 34, 68, 97, 14, 78, 14, 27, 13, 77, 76, 65, 7, 49)(90, 46, 89, 26, 4, 95, 8, 90, 61, 16, 32, 27, 18, 75, 40)(56, 88, 85, 2, 3, 91, 65, 16, 26, 57, 81, 23, 83, 14, 39)
line 137: kNearestNeighbour 4 (3,1,2,9,6,9,7,3,3,9,4,4,9,9,2)
(55, 86, 10, 40, 33, 91, 61, 28, 36, 10, 46, 28, 37, 67, 14)(32, 71, 62, 27, 30, 68, 66, 17, 29, 12, 4, 65, 80, 81, 12)(15, 68, 62, 80, 69, 83, 35, 24, 21, 13, 24, 69, 67, 32, 10)(93, 25, 4, 29, 68, 38, 22, 33, 78, 31, 49, 14, 63, 51, 77)
line 138: nearestNeighbour (3,10,6,9,1,10,8,3,10,8,3,5,10,7,2)
(55, 86, 10, 40, 33, 91, 61, 28, 36, 10, 46, 28, 37, 67, 14)
line 139: nearestNeighbour (9,4,9,8,4,7,1,1,2,5,10,2,8,8,10)
(55, 86, 10, 40, 33, 91, 61, 28, 36, 10, 46, 28, 37, 67, 14)
line 140: nearestNeighbour (5,3,5,3,7,9,2,4,5,7,5,4,3,9,2)
(55, 86, 10, 40, 33, 91, 61, 28, 36, 10, 46, 28, 37, 67, 14)
line 141: nearestNeighbour (3,10,1,2,9,7,3,7,6,6,3,8,8,1,2)
(55, 86, 10, 40, 33, 91, 61, 28, 36, 10, 46, 28, 37, 67, 14)
line 142: nearestNeighbour (2,8,9,9,5,4,4,6,6,5,7,6,1,9,4)
(55, 86, 10, 40, 33, 91, 61, 28, 36, 10, 46, 28, 37, 67, 14)
line 143: kNearestNeighbour 2 (3,10,7,10,2,3,4,3,3,6,5,6,10,10,2)
(55, 86, 10, 40, 33, 91, 61, 28, 36, 10, 46, 28, 37, 67, 14)(32, 71, 62, 27, 30, 68, 66, 17, 29, 12, 4, 65, 80, 81, 12)
line 144: kNearestNeighbour 6 (4,5,5,5,3,9,7,4,5,7,6,9,8,5,2)
(55, 86, 10, 40, 33, 91, 61, 28, 36, 10, 46, 28, 37, 67, 14)(32, 71, 62, 27, 30, 68, 66, 17, 29, 12, 4, 65, 80, 81, 12)(15, 68, 62, 80, 69, 83, 35, 24, 21, 13, 24, 69, 67, 32, 10)(93, 25, 4, 29, 68, 38, 22, 33, 78, 31, 49, 14, 63, 51, 77)(91, 69, 76, 52, 30, 4, 79, 77, 51, 6, 59, 1, 22, 14, 25)(48, 80, 84, 41, 48, 3, 51, 69, 5, 49, 47, 26, 87, 64, 28)
line 145: nearestNeighbour (6,7,9,3,7,2,4,6,7,8,8,2,2,2,6)
(55, 86, 10, 40, 33, 91, 61, 28, 36, 10, 46, 28, 37, 67, 14)
line 146: nearestNeighbour (3,7,8,3,4,9,5,3,7,1,1,7,7,9,3)
(55, 86, 10, 40, 33, 91, 61, 28, 36, 10, 46, 28, 37, 67, 14)
line 147: kNearestNeighbour 9 (3,8,10,4,2,8,8,4,7,10,5,4,2,8,4)
(55, 86, 10, 40, 33, 91, 61, 28, 36, 10, 46, 28, 37, 67, 14)(32, 71, 62, 27, 30, 68, 66, 17, 29, 12, 4, 65, 80, 81, 12)(15, 68, 62, 80, 69, 83, 35, 24, 21, 13, 24, 69, 67, 32, 10)(93, 25, 4, 29, 68, 38, 22, 33, 78, 31, 49, 14, 63, 51, 77)(91, 69, 76, 52, 30, 4, 79, 77, 51, 6, 59, 1, 22, 14, 25)(48, 80, 84, 41, 48, 3, 51, 69, 5, 49, 47, 26, 87, 64, 28)(42, 64, 87, 18, 28, 41, 95, 72, 1, 55, 50, 10, 41, 8, 93)(75, 19, 34, 68, 97, 14, 78, 14, 27, 13, 77, 76, 65, 7, 49)(90, 46, 89, 26, 4, 95, 8, 90, 61, 16, 32, 27, 18, 75, 40)
line 148: nearestNeighbour (5,6,6,5,1,5,7,6,1,9,2,4,2,8,8)
(55, 86, 10, 40, 33, 91, 61, 28, 36, 10, 46, 28, 37, 67, 14)
line 149: kNearestNeighbour 2 (6,9,8,8,9,4,7,6,6,4,10,4,4,10,7)
(55, 86, 10, 40, 33, 91, 61, 28, 36, 10, 46, 28, 37, 67, 14)(32, 71, 62, 27, 30, 68, 66, 17, 29, 12, 4, 65, 80, 81, 12)
line 150: kNearestNeighbour 2 (5,9,9,10,2,7,2,8,3,9,3,1,5,8,7)
(55, 86, 10, 40, 33, 91, 61, 28, 36, 10, 46, 28, 37, 67, 14)(32, 71, 62, 27, 30, 68, 66, 17, 29, 12, 4, 65, 80, 81, 12)
line 151: kNearestNeighbour 7 (1,9,8,6,7,4,4,8,5,7,2,8,4,2,2)
(55, 86, 10, 40, 33, 91, 61, 28, 36, 10, 46, 28, 37, 67, 14)(32, 71, 62, 27, 30, 68, 66, 17, 29, 12, 4, 65, 80, 81, 12)(15, 68, 62, 80, 69, 83, 35, 24, 21, 13, 24, 69, 67, 32, 10)(93, 25, 4, 29, 68, 38, 22, 33, 78, 31, 49, 14, 63, 51, 77)(91, 69, 76, 52, 30, 4, 79, 77, 51, 6, 59, 1, 22, 14, 25)(48, 80, 84, 41, 48, 3, 51, 69, 5, 49, 47, 26, 87, 64, 28)(42, 64, 87, 18, 28, 41, 95, 72, 1, 55, 50, 10, 41, 8, 93)
line 152: kNearestNeighbour 8 (7,4,6,3,6,3,10,6,9,1,9,4,7,7,5)
(55, 86, 10, 40, 33, 91, 61, 28, 36, 10, 46, 28, 37, 67, 14)(32, 71, 62, 27, 30, 68, 66, 17, 29, 12, 4, 65, 80, 81, 12)(93, 25, 4, 29, 68, 38, 22, 33, 78, 31, 49, 14, 63, 51, 77)(15, 68, 62, 80, 69, 83, 35, 24, 21, 13, 24, 69, 67, 32, 10)(91, 69, 76, 52, 30, 4, 79, 77, 51, 6, 59, 1, 22, 14, 25)(48, 80, 84, 41, 48, 3, 51, 69, 5, 49, 47, 26, 87, 64, 28)(75, 19, 34, 68, 97, 14, 78, 14, 27, 13, 77, 76, 65, 7, 49)(42, 64, 87, 18, 28, 41, 95, 72, 1, 55, 50, 10, 41, 8, 93)
line 153: kNearestNeighbour 5 (10,9,8,3,4,10,8,2,8,9,2,8,8,1,8)
(55, 86, 10, 40, 33, 91, 61, 28, 36, 10, 46, 28, 37, 67, 14)(32, 71, 62, 27, 30, 68, 66, 17, 29, 12, 4, 65, 80, 81, 12)(93, 25, 4, 29, 68, 38, 22, 33, 78, 31, 49, 14, 63, 51, 77)(15, 68, 62, 80, 69, 83, 35, 24, 21, 13, 24, 69, 67, 32, 10)(91, 69, 76, 52, 30, 4, 79, 77, 51, 6, 59, 1, 22, 14, 25)
line 154: kNearestNeighbour 7 (8,3,5,5,5,4,1,8,1,3,1,8,6,9,6)
(55, 86, 10, 40, 33, 91, 61, 28, 36, 10, 46, 28, 37, 67, 14)(32, 71, 62, 27, 30, 68, 66, 17, 29, 12, 4, 65, 80, 81, 12)(93, 25, 4, 29, 68, 38, 22, 33, 78, 31, 49, 14, 63, 51, 77)(15, 68, 62, 80, 69, 83, 35, 24, 21, 13, 24, 69, 67, 32, 10)(91, 69, 76, 52, 30, 4, 79, 77, 51, 6, 59, 1, 22, 14, 25)(48, 80, 84, 41, 48, 3, 51, 69, 5, 49, 47, 26, 87, 64, 28)(42, 64, 87, 18, 28, 41, 95, 72, 1, 55, 50, 10, 41, 8, 93)
line 155: kNearestNeighbour 3 (1,6,9,7,2,1,1,6,6,10,1,3,10,6,4)
