line 1: k=13
line 2: clear
line 3: buildTree 17
(16,89,20,94,52,71,19,96,23,58,97,11,89) (96,68,20,71,49,95,16,18,59,85,20,2,16) (33,53,92,26,32,61,73,17,63,60,8,22,22) (53,5,22,13,61,100,31,80,45,53,97,96,86) (10,34,48,45,90,59,96,80,59,84,92,4,24) (60,73,45,41,69,47,8,88,23,98,5,99,13) (43,63,29,5,88,30,45,3,4,62,78,34,60) (4,68,5,45,36,17,67,55,52,73,72,79,63) (45,61,58,99,15,89,13,63,50,91,3,28,98) (27,22,68,99,1,44,74,63,66,83,73,88,79) (16,51,79,34,19,92,83,99,62,45,68,54,40) (77,65,86,63,81,91,80,71,54,5,1,69,61) (36,93,50,78,1,38,66,76,25,93,73,15,68) (93,33,63,21,1,32,61,47,56,86,13,82,14) (73,39,30,14,64,73,8,34,94,20,90,13,89) (43,11,68,82,19,85,7,66,22,21,72,68,32) (10,30,23,29,63,47,42,7,90,45,67,85,65) 
line 4: nodeCount_height_leafCount
nodeCount=17;height=5;leafCount=8
line 5: inorderTraversal
(10, 30, 23, 29, 63, 47, 42, 7, 90, 45, 67, 85, 65) (10, 34, 48, 45, 90, 59, 96, 80, 59, 84, 92, 4, 24) (27, 22, 68, 99, 1, 44, 74, 63, 66, 83, 73, 88, 79) (16, 51, 79, 34, 19, 92, 83, 99, 62, 45, 68, 54, 40) (4, 68, 5, 45, 36, 17, 67, 55, 52, 73, 72, 79, 63) (16, 89, 20, 94, 52, 71, 19, 96, 23, 58, 97, 11, 89) (33, 53, 92, 26, 32, 61, 73, 17, 63, 60, 8, 22, 22) (36, 93, 50, 78, 1, 38, 66, 76, 25, 93, 73, 15, 68) (43, 63, 29, 5, 88, 30, 45, 3, 4, 62, 78, 34, 60) (53, 5, 22, 13, 61, 100, 31, 80, 45, 53, 97, 96, 86) (93, 33, 63, 21, 1, 32, 61, 47, 56, 86, 13, 82, 14) (43, 11, 68, 82, 19, 85, 7, 66, 22, 21, 72, 68, 32) (73, 39, 30, 14, 64, 73, 8, 34, 94, 20, 90, 13, 89) (96, 68, 20, 71, 49, 95, 16, 18, 59, 85, 20, 2, 16) (60, 73, 45, 41, 69, 47, 8, 88, 23, 98, 5, 99, 13) (77, 65, 86, 63, 81, 91, 80, 71, 54, 5, 1, 69, 61) (45, 61, 58, 99, 15, 89, 13, 63, 50, 91, 3, 28, 98) 
line 6: preorderTraversal
(43, 63, 29, 5, 88, 30, 45, 3, 4, 62, 78, 34, 60) (16, 51, 79, 34, 19, 92, 83, 99, 62, 45, 68, 54, 40) (10, 34, 48, 45, 90, 59, 96, 80, 59, 84, 92, 4, 24) (10, 30, 23, 29, 63, 47, 42, 7, 90, 45, 67, 85, 65) (27, 22, 68, 99, 1, 44, 74, 63, 66, 83, 73, 88, 79) (16, 89, 20, 94, 52, 71, 19, 96, 23, 58, 97, 11, 89) (4, 68, 5, 45, 36, 17, 67, 55, 52, 73, 72, 79, 63) (33, 53, 92, 26, 32, 61, 73, 17, 63, 60, 8, 22, 22) (36, 93, 50, 78, 1, 38, 66, 76, 25, 93, 73, 15, 68) (73, 39, 30, 14, 64, 73, 8, 34, 94, 20, 90, 13, 89) (93, 33, 63, 21, 1, 32, 61, 47, 56, 86, 13, 82, 14) (53, 5, 22, 13, 61, 100, 31, 80, 45, 53, 97, 96, 86) (43, 11, 68, 82, 19, 85, 7, 66, 22, 21, 72, 68, 32) (60, 73, 45, 41, 69, 47, 8, 88, 23, 98, 5, 99, 13) (96, 68, 20, 71, 49, 95, 16, 18, 59, 85, 20, 2, 16) (77, 65, 86, 63, 81, 91, 80, 71, 54, 5, 1, 69, 61) (45, 61, 58, 99, 15, 89, 13, 63, 50, 91, 3, 28, 98) 
line 7: postorderTraversal
(10, 30, 23, 29, 63, 47, 42, 7, 90, 45, 67, 85, 65) (27, 22, 68, 99, 1, 44, 74, 63, 66, 83, 73, 88, 79) (10, 34, 48, 45, 90, 59, 96, 80, 59, 84, 92, 4, 24) (4, 68, 5, 45, 36, 17, 67, 55, 52, 73, 72, 79, 63) (36, 93, 50, 78, 1, 38, 66, 76, 25, 93, 73, 15, 68) (33, 53, 92, 26, 32, 61, 73, 17, 63, 60, 8, 22, 22) (16, 89, 20, 94, 52, 71, 19, 96, 23, 58, 97, 11, 89) (16, 51, 79, 34, 19, 92, 83, 99, 62, 45, 68, 54, 40) (53, 5, 22, 13, 61, 100, 31, 80, 45, 53, 97, 96, 86) (43, 11, 68, 82, 19, 85, 7, 66, 22, 21, 72, 68, 32) (93, 33, 63, 21, 1, 32, 61, 47, 56, 86, 13, 82, 14) (96, 68, 20, 71, 49, 95, 16, 18, 59, 85, 20, 2, 16) (45, 61, 58, 99, 15, 89, 13, 63, 50, 91, 3, 28, 98) (77, 65, 86, 63, 81, 91, 80, 71, 54, 5, 1, 69, 61) (60, 73, 45, 41, 69, 47, 8, 88, 23, 98, 5, 99, 13) (73, 39, 30, 14, 64, 73, 8, 34, 94, 20, 90, 13, 89) (43, 63, 29, 5, 88, 30, 45, 3, 4, 62, 78, 34, 60) 
line 8: nearestNeighbour (6,4,5,9,9,1,10,4,4,1,5,2,10)
(43, 63, 29, 5, 88, 30, 45, 3, 4, 62, 78, 34, 60)
line 9: nearestNeighbour (4,3,4,8,3,3,4,5,10,4,10,1,2)
(33, 53, 92, 26, 32, 61, 73, 17, 63, 60, 8, 22, 22)
line 10: kNearestNeighbour 7 (8,2,7,2,7,6,4,10,9,6,1,2,1)
(33, 53, 92, 26, 32, 61, 73, 17, 63, 60, 8, 22, 22)(43, 63, 29, 5, 88, 30, 45, 3, 4, 62, 78, 34, 60)(10, 30, 23, 29, 63, 47, 42, 7, 90, 45, 67, 85, 65)(43, 11, 68, 82, 19, 85, 7, 66, 22, 21, 72, 68, 32)(93, 33, 63, 21, 1, 32, 61, 47, 56, 86, 13, 82, 14)(4, 68, 5, 45, 36, 17, 67, 55, 52, 73, 72, 79, 63)(96, 68, 20, 71, 49, 95, 16, 18, 59, 85, 20, 2, 16)
line 11: nearestNeighbour (7,1,2,5,9,7,4,5,5,2,10,3,5)
(43, 63, 29, 5, 88, 30, 45, 3, 4, 62, 78, 34, 60)
line 12: kNearestNeighbour 4 (4,9,9,4,1,4,3,10,9,2,1,9,8)
(33, 53, 92, 26, 32, 61, 73, 17, 63, 60, 8, 22, 22)(43, 63, 29, 5, 88, 30, 45, 3, 4, 62, 78, 34, 60)(10, 30, 23, 29, 63, 47, 42, 7, 90, 45, 67, 85, 65)(43, 11, 68, 82, 19, 85, 7, 66, 22, 21, 72, 68, 32)
line 13: nearestNeighbour (8,2,2,3,10,4,3,7,1,8,4,6,4)
(43, 63, 29, 5, 88, 30, 45, 3, 4, 62, 78, 34, 60)
line 14: nearestNeighbour (2,4,8,4,4,9,7,7,5,9,6,4,2)
(33, 53, 92, 26, 32, 61, 73, 17, 63, 60, 8, 22, 22)
line 15: nearestNeighbour (8,5,6,3,1,9,5,1,7,2,1,10,1)
(33, 53, 92, 26, 32, 61, 73, 17, 63, 60, 8, 22, 22)
line 16: kNearestNeighbour 5 (4,10,8,5,3,5,5,10,5,4,3,1,1)
(33, 53, 92, 26, 32, 61, 73, 17, 63, 60, 8, 22, 22)(43, 63, 29, 5, 88, 30, 45, 3, 4, 62, 78, 34, 60)(43, 11, 68, 82, 19, 85, 7, 66, 22, 21, 72, 68, 32)(10, 30, 23, 29, 63, 47, 42, 7, 90, 45, 67, 85, 65)(93, 33, 63, 21, 1, 32, 61, 47, 56, 86, 13, 82, 14)
line 17: nearestNeighbour (9,10,3,7,2,5,2,10,4,7,3,2,3)
(33, 53, 92, 26, 32, 61, 73, 17, 63, 60, 8, 22, 22)
line 18: nearestNeighbour (7,8,1,4,7,2,10,10,5,5,8,7,6)
(43, 63, 29, 5, 88, 30, 45, 3, 4, 62, 78, 34, 60)
line 19: nearestNeighbour (8,5,4,1,6,10,5,4,7,3,2,6,5)
(33, 53, 92, 26, 32, 61, 73, 17, 63, 60, 8, 22, 22)
line 20: nearestNeighbour (8,3,10,7,7,8,10,9,8,6,5,1,10)
(33, 53, 92, 26, 32, 61, 73, 17, 63, 60, 8, 22, 22)
line 21: nearestNeighbour (1,1,5,1,5,6,5,7,3,10,4,3,4)
(33, 53, 92, 26, 32, 61, 73, 17, 63, 60, 8, 22, 22)
line 22: kNearestNeighbour 6 (6,7,4,10,1,10,6,5,5,6,2,4,8)
(33, 53, 92, 26, 32, 61, 73, 17, 63, 60, 8, 22, 22)(43, 63, 29, 5, 88, 30, 45, 3, 4, 62, 78, 34, 60)(43, 11, 68, 82, 19, 85, 7, 66, 22, 21, 72, 68, 32)(10, 30, 23, 29, 63, 47, 42, 7, 90, 45, 67, 85, 65)(93, 33, 63, 21, 1, 32, 61, 47, 56, 86, 13, 82, 14)(4, 68, 5, 45, 36, 17, 67, 55, 52, 73, 72, 79, 63)
line 23: nearestNeighbour (9,10,6,3,1,8,3,10,2,6,8,6,3)
(33, 53, 92, 26, 32, 61, 73, 17, 63, 60, 8, 22, 22)
line 24: nearestNeighbour (3,1,8,6,5,4,5,5,7,3,4,7,10)
(33, 53, 92, 26, 32, 61, 73, 17, 63, 60, 8, 22, 22)
line 25: nearestNeighbour (10,9,3,6,7,4,4,8,2,5,7,3,6)
(43, 63, 29, 5, 88, 30, 45, 3, 4, 62, 78, 34, 60)
line 26: nearestNeighbour (5,2,5,7,10,3,10,9,10,2,1,3,6)
(33, 53, 92, 26, 32, 61, 73, 17, 63, 60, 8, 22, 22)
line 27: nearestNeighbour (5,2,2,6,8,10,4,8,10,4,8,9,10)
(43, 63, 29, 5, 88, 30, 45, 3, 4, 62, 78, 34, 60)
line 28: kNearestNeighbour 1 (2,1,5,5,1,6,3,9,10,8,8,10,3)
(33, 53, 92, 26, 32, 61, 73, 17, 63, 60, 8, 22, 22)
line 29: kNearestNeighbour 6 (4,7,4,1,4,1,7,7,3,8,2,8,7)
(43, 63, 29, 5, 88, 30, 45, 3, 4, 62, 78, 34, 60)(33, 53, 92, 26, 32, 61, 73, 17, 63, 60, 8, 22, 22)(10, 30, 23, 29, 63, 47, 42, 7, 90, 45, 67, 85, 65)(93, 33, 63, 21, 1, 32, 61, 47, 56, 86, 13, 82, 14)(4, 68, 5, 45, 36, 17, 67, 55, 52, 73, 72, 79, 63)(43, 11, 68, 82, 19, 85, 7, 66, 22, 21, 72, 68, 32)
line 30: nearestNeighbour (9,2,10,2,6,1,9,8,10,5,10,1,10)
(33, 53, 92, 26, 32, 61, 73, 17, 63, 60, 8, 22, 22)
line 31: kNearestNeighbour 10 (9,1,6,3,3,3,9,2,8,5,3,4,7)
(33, 53, 92, 26, 32, 61, 73, 17, 63, 60, 8, 22, 22)(43, 63, 29, 5, 88, 30, 45, 3, 4, 62, 78, 34, 60)(10, 30, 23, 29, 63, 47, 42, 7, 90, 45, 67, 85, 65)(93, 33, 63, 21, 1, 32, 61, 47, 56, 86, 13, 82, 14)(43, 11, 68, 82, 19, 85, 7, 66, 22, 21, 72, 68, 32)(4, 68, 5, 45, 36, 17, 67, 55, 52, 73, 72, 79, 63)(96, 68, 20, 71, 49, 95, 16, 18, 59, 85, 20, 2, 16)(73, 39, 30, 14, 64, 73, 8, 34, 94, 20, 90, 13, 89)(60, 73, 45, 41, 69, 47, 8, 88, 23, 98, 5, 99, 13)(36, 93, 50, 78, 1, 38, 66, 76, 25, 93, 73, 15, 68)
line 32: nearestNeighbour (6,5,2,7,5,9,4,8,8,4,4,1,5)
(33, 53, 92, 26, 32, 61, 73, 17, 63, 60, 8, 22, 22)
line 33: kNearestNeighbour 5 (2,10,6,5,5,5,5,3,1,3,10,7,10)
(43, 63, 29, 5, 88, 30, 45, 3, 4, 62, 78, 34, 60)(33, 53, 92, 26, 32, 61, 73, 17, 63, 60, 8, 22, 22)(10, 30, 23, 29, 63, 47, 42, 7, 90, 45, 67, 85, 65)(43, 11, 68, 82, 19, 85, 7, 66, 22, 21, 72, 68, 32)(4, 68, 5, 45, 36, 17, 67, 55, 52, 73, 72, 79, 63)
line 34: nearestNeighbour (4,2,7,5,8,9,2,6,8,3,9,8,7)
(43, 63, 29, 5, 88, 30, 45, 3, 4, 62, 78, 34, 60)
line 35: nearestNeighbour (8,6,9,7,2,10,8,2,6,1,3,3,1)
(33, 53, 92, 26, 32, 61, 73, 17, 63, 60, 8, 22, 22)
line 36: kNearestNeighbour 7 (1,10,2,10,3,3,6,9,4,3,1,9,4)
(33, 53, 92, 26, 32, 61, 73, 17, 63, 60, 8, 22, 22)(43, 63, 29, 5, 88, 30, 45, 3, 4, 62, 78, 34, 60)(10, 30, 23, 29, 63, 47, 42, 7, 90, 45, 67, 85, 65)(43, 11, 68, 82, 19, 85, 7, 66, 22, 21, 72, 68, 32)(4, 68, 5, 45, 36, 17, 67, 55, 52, 73, 72, 79, 63)(93, 33, 63, 21, 1, 32, 61, 47, 56, 86, 13, 82, 14)(96, 68, 20, 71, 49, 95, 16, 18, 59, 85, 20, 2, 16)
line 37: nearestNeighbour (4,2,8,1,7,1,8,3,8,7,7,3,8)
(33, 53, 92, 26, 32, 61, 73, 17, 63, 60, 8, 22, 22)
line 38: nearestNeighbour (10,2,6,1,7,1,1,2,2,2,2,2,1)
(43, 63, 29, 5, 88, 30, 45, 3, 4, 62, 78, 34, 60)
line 39: kNearestNeighbour 6 (4,8,2,1,3,4,1,1,4,3,10,2,10)
(43, 63, 29, 5, 88, 30, 45, 3, 4, 62, 78, 34, 60)(33, 53, 92, 26, 32, 61, 73, 17, 63, 60, 8, 22, 22)(10, 30, 23, 29, 63, 47, 42, 7, 90, 45, 67, 85, 65)(43, 11, 68, 82, 19, 85, 7, 66, 22, 21, 72, 68, 32)(4, 68, 5, 45, 36, 17, 67, 55, 52, 73, 72, 79, 63)(93, 33, 63, 21, 1, 32, 61, 47, 56, 86, 13, 82, 14)
line 40: kNearestNeighbour 3 (2,2,4,6,9,8,8,9,1,3,6,3,10)
(43, 63, 29, 5, 88, 30, 45, 3, 4, 62, 78, 34, 60)(33, 53, 92, 26, 32, 61, 73, 17, 63, 60, 8, 22, 22)(10, 30, 23, 29, 63, 47, 42, 7, 90, 45, 67, 85, 65)
line 41: nearestNeighbour (1,4,2,7,3,5,1,4,4,1,9,5,2)
(43, 63, 29, 5, 88, 30, 45, 3, 4, 62, 78, 34, 60)
line 42: nearestNeighbour (1,3,6,3,8,7,3,5,10,1,3,9,10)
(33, 53, 92, 26, 32, 61, 73, 17, 63, 60, 8, 22, 22)
line 43: kNearestNeighbour 1 (3,6,2,4,5,8,6,9,6,2,8,3,5)
(43, 63, 29, 5, 88, 30, 45, 3, 4, 62, 78, 34, 60)
line 44: nearestNeighbour (5,8,1,3,6,5,4,3,7,10,10,10,6)
(43, 63, 29, 5, 88, 30, 45, 3, 4, 62, 78, 34, 60)
line 45: kNearestNeighbour 9 (4,6,1,10,4,8,5,9,4,4,10,8,7)
(43, 63, 29, 5, 88, 30, 45, 3, 4, 62, 78, 34, 60)(33, 53, 92, 26, 32, 61, 73, 17, 63, 60, 8, 22, 22)(43, 11, 68, 82, 19, 85, 7, 66, 22, 21, 72, 68, 32)(10, 30, 23, 29, 63, 47, 42, 7, 90, 45, 67, 85, 65)(4, 68, 5, 45, 36, 17, 67, 55, 52, 73, 72, 79, 63)(93, 33, 63, 21, 1, 32, 61, 47, 56, 86, 13, 82, 14)(96, 68, 20, 71, 49, 95, 16, 18, 59, 85, 20, 2, 16)(73, 39, 30, 14, 64, 73, 8, 34, 94, 20, 90, 13, 89)(60, 73, 45, 41, 69, 47, 8, 88, 23, 98, 5, 99, 13)
line 46: kNearestNeighbour 1 (8,6,7,7,5,7,4,6,8,4,10,9,10)
(43, 63, 29, 5, 88, 30, 45, 3, 4, 62, 78, 34, 60)
line 47: kNearestNeighbour 2 (2,1,6,6,1,6,6,8,7,9,2,3,2)
(33, 53, 92, 26, 32, 61, 73, 17, 63, 60, 8, 22, 22)(43, 63, 29, 5, 88, 30, 45, 3, 4, 62, 78, 34, 60)
line 48: nearestNeighbour (1,5,8,9,7,2,4,7,4,5,8,6,1)
(33, 53, 92, 26, 32, 61, 73, 17, 63, 60, 8, 22, 22)
line 49: nearestNeighbour (7,3,5,10,3,3,3,9,5,8,4,9,7)
(33, 53, 92, 26, 32, 61, 73, 17, 63, 60, 8, 22, 22)
line 50: kNearestNeighbour 10 (3,9,5,9,4,5,7,4,1,5,9,10,10)
(43, 63, 29, 5, 88, 30, 45, 3, 4, 62, 78, 34, 60)(33, 53, 92, 26, 32, 61, 73, 17, 63, 60, 8, 22, 22)(10, 30, 23, 29, 63, 47, 42, 7, 90, 45, 67, 85, 65)(43, 11, 68, 82, 19, 85, 7, 66, 22, 21, 72, 68, 32)(4, 68, 5, 45, 36, 17, 67, 55, 52, 73, 72, 79, 63)(93, 33, 63, 21, 1, 32, 61, 47, 56, 86, 13, 82, 14)(96, 68, 20, 71, 49, 95, 16, 18, 59, 85, 20, 2, 16)(73, 39, 30, 14, 64, 73, 8, 34, 94, 20, 90, 13, 89)(60, 73, 45, 41, 69, 47, 8, 88, 23, 98, 5, 99, 13)(36, 93, 50, 78, 1, 38, 66, 76, 25, 93, 73, 15, 68)
line 51: kNearestNeighbour 3 (9,8,10,7,5,1,4,5,10,8,5,4,4)
(33, 53, 92, 26, 32, 61, 73, 17, 63, 60, 8, 22, 22)(43, 63, 29, 5, 88, 30, 45, 3, 4, 62, 78, 34, 60)(10, 30, 23, 29, 63, 47, 42, 7, 90, 45, 67, 85, 65)
line 52: nearestNeighbour (10,3,10,8,10,6,8,3,3,7,6,8,1)
(33, 53, 92, 26, 32, 61, 73, 17, 63, 60, 8, 22, 22)
line 53: kNearestNeighbour 1 (1,9,7,6,4,8,6,7,1,5,5,3,2)
(33, 53, 92, 26, 32, 61, 73, 17, 63, 60, 8, 22, 22)
line 54: nearestNeighbour (7,3,3,8,10,9,7,7,4,4,1,8,3)
(33, 53, 92, 26, 32, 61, 73, 17, 63, 60, 8, 22, 22)
line 55: kNearestNeighbour 6 (6,9,6,4,8,3,1,10,2,6,3,6,5)
(43, 63, 29, 5, 88, 30, 45, 3, 4, 62, 78, 34, 60)(33, 53, 92, 26, 32, 61, 73, 17, 63, 60, 8, 22, 22)(10, 30, 23, 29, 63, 47, 42, 7, 90, 45, 67, 85, 65)(43, 11, 68, 82, 19, 85, 7, 66, 22, 21, 72, 68, 32)(93, 33, 63, 21, 1, 32, 61, 47, 56, 86, 13, 82, 14)(4, 68, 5, 45, 36, 17, 67, 55, 52, 73, 72, 79, 63)
line 56: nearestNeighbour (10,3,10,6,3,8,9,3,2,10,5,10,8)
(33, 53, 92, 26, 32, 61, 73, 17, 63, 60, 8, 22, 22)
line 57: kNearestNeighbour 7 (6,8,1,2,5,2,3,9,10,8,5,9,6)
(43, 63, 29, 5, 88, 30, 45, 3, 4, 62, 78, 34, 60)(33, 53, 92, 26, 32, 61, 73, 17, 63, 60, 8, 22, 22)(10, 30, 23, 29, 63, 47, 42, 7, 90, 45, 67, 85, 65)(4, 68, 5, 45, 36, 17, 67, 55, 52, 73, 72, 79, 63)(43, 11, 68, 82, 19, 85, 7, 66, 22, 21, 72, 68, 32)(93, 33, 63, 21, 1, 32, 61, 47, 56, 86, 13, 82, 14)(96, 68, 20, 71, 49, 95, 16, 18, 59, 85, 20, 2, 16)
line 58: kNearestNeighbour 2 (3,6,8,4,8,8,4,7,3,10,7,10,8)
(43, 63, 29, 5, 88, 30, 45, 3, 4, 62, 78, 34, 60)(33, 53, 92, 26, 32, 61, 73, 17, 63, 60, 8, 22, 22)
line 59: nearestNeighbour (2,4,1,7,6,2,5,9,3,4,3,10,6)
(43, 63, 29, 5, 88, 30, 45, 3, 4, 62, 78, 34, 60)
line 60: nearestNeighbour (3,7,3,1,8,7,5,8,5,4,1,4,5)
(33, 53, 92, 26, 32, 61, 73, 17, 63, 60, 8, 22, 22)
line 61: nearestNeighbour (9,6,9,6,10,8,8,6,7,9,6,2,4)
(33, 53, 92, 26, 32, 61, 73, 17, 63, 60, 8, 22, 22)
line 62: nearestNeighbour (1,9,6,4,3,9,6,6,5,2,5,8,5)
(33, 53, 92, 26, 32, 61, 73, 17, 63, 60, 8, 22, 22)
line 63: kNearestNeighbour 6 (3,1,7,5,5,9,8,2,9,3,7,8,2)
(33, 53, 92, 26, 32, 61, 73, 17, 63, 60, 8, 22, 22)(43, 63, 29, 5, 88, 30, 45, 3, 4, 62, 78, 34, 60)(10, 30, 23, 29, 63, 47, 42, 7, 90, 45, 67, 85, 65)(43, 11, 68, 82, 19, 85, 7, 66, 22, 21, 72, 68, 32)(93, 33, 63, 21, 1, 32, 61, 47, 56, 86, 13, 82, 14)(4, 68, 5, 45, 36, 17, 67, 55, 52, 73, 72, 79, 63)
line 64: kNearestNeighbour 2 (1,9,3,3,1,5,2,3,1,4,3,7,10)
(43, 63, 29, 5, 88, 30, 45, 3, 4, 62, 78, 34, 60)(33, 53, 92, 26, 32, 61, 73, 17, 63, 60, 8, 22, 22)
line 65: kNearestNeighbour 3 (2,3,2,5,6,7,5,7,4,3,1,7,9)
(33, 53, 92, 26, 32, 61, 73, 17, 63, 60, 8, 22, 22)(43, 63, 29, 5, 88, 30, 45, 3, 4, 62, 78, 34, 60)(10, 30, 23, 29, 63, 47, 42, 7, 90, 45, 67, 85, 65)
line 66: kNearestNeighbour 6 (5,3,7,9,7,9,4,4,9,6,5,4,6)
(33, 53, 92, 26, 32, 61, 73, 17, 63, 60, 8, 22, 22)(43, 63, 29, 5, 88, 30, 45, 3, 4, 62, 78, 34, 60)(10, 30, 23, 29, 63, 47, 42, 7, 90, 45, 67, 85, 65)(43, 11, 68, 82, 19, 85, 7, 66, 22, 21, 72, 68, 32)(93, 33, 63, 21, 1, 32, 61, 47, 56, 86, 13, 82, 14)(4, 68, 5, 45, 36, 17, 67, 55, 52, 73, 72, 79, 63)
line 67: nearestNeighbour (5,7,10,3,10,4,9,7,6,3,2,6,4)
(33, 53, 92, 26, 32, 61, 73, 17, 63, 60, 8, 22, 22)
line 68: nearestNeighbour (9,8,5,5,10,7,6,5,7,6,8,5,8)
(43, 63, 29, 5, 88, 30, 45, 3, 4, 62, 78, 34, 60)
line 69: kNearestNeighbour 1 (9,7,2,5,3,7,3,7,5,6,1,6,3)
(33, 53, 92, 26, 32, 61, 73, 17, 63, 60, 8, 22, 22)
line 70: nearestNeighbour (10,10,1,1,5,2,8,2,7,9,10,8,3)
(43, 63, 29, 5, 88, 30, 45, 3, 4, 62, 78, 34, 60)
line 71: nearestNeighbour (7,5,7,8,10,8,4,4,2,5,4,10,6)
(43, 63, 29, 5, 88, 30, 45, 3, 4, 62, 78, 34, 60)
line 72: kNearestNeighbour 9 (5,2,7,10,4,4,9,8,2,9,2,8,10)
(33, 53, 92, 26, 32, 61, 73, 17, 63, 60, 8, 22, 22)(43, 63, 29, 5, 88, 30, 45, 3, 4, 62, 78, 34, 60)(10, 30, 23, 29, 63, 47, 42, 7, 90, 45, 67, 85, 65)(43, 11, 68, 82, 19, 85, 7, 66, 22, 21, 72, 68, 32)(93, 33, 63, 21, 1, 32, 61, 47, 56, 86, 13, 82, 14)(4, 68, 5, 45, 36, 17, 67, 55, 52, 73, 72, 79, 63)(96, 68, 20, 71, 49, 95, 16, 18, 59, 85, 20, 2, 16)(73, 39, 30, 14, 64, 73, 8, 34, 94, 20, 90, 13, 89)(60, 73, 45, 41, 69, 47, 8, 88, 23, 98, 5, 99, 13)
line 73: nearestNeighbour (6,4,10,9,5,3,1,1,10,4,8,5,6)
(33, 53, 92, 26, 32, 61, 73, 17, 63, 60, 8, 22, 22)
line 74: kNearestNeighbour 6 (1,9,9,1,10,1,3,3,3,9,3,7,5)
(43, 63, 29, 5, 88, 30, 45, 3, 4, 62, 78, 34, 60)(33, 53, 92, 26, 32, 61, 73, 17, 63, 60, 8, 22, 22)(10, 30, 23, 29, 63, 47, 42, 7, 90, 45, 67, 85, 65)(43, 11, 68, 82, 19, 85, 7, 66, 22, 21, 72, 68, 32)(4, 68, 5, 45, 36, 17, 67, 55, 52, 73, 72, 79, 63)(93, 33, 63, 21, 1, 32, 61, 47, 56, 86, 13, 82, 14)
line 75: nearestNeighbour (6,2,6,1,3,3,4,1,2,8,6,5,6)
(43, 63, 29, 5, 88, 30, 45, 3, 4, 62, 78, 34, 60)
line 76: nearestNeighbour (2,3,6,7,2,2,7,8,7,7,1,4,1)
(33, 53, 92, 26, 32, 61, 73, 17, 63, 60, 8, 22, 22)
line 77: kNearestNeighbour 1 (7,8,10,1,10,1,9,1,4,9,10,1,10)
(43, 63, 29, 5, 88, 30, 45, 3, 4, 62, 78, 34, 60)
line 78: nearestNeighbour (4,10,8,8,7,10,4,6,9,1,5,7,2)
(33, 53, 92, 26, 32, 61, 73, 17, 63, 60, 8, 22, 22)
line 79: kNearestNeighbour 9 (3,9,1,3,5,2,8,4,1,9,3,8,7)
(43, 63, 29, 5, 88, 30, 45, 3, 4, 62, 78, 34, 60)(33, 53, 92, 26, 32, 61, 73, 17, 63, 60, 8, 22, 22)(10, 30, 23, 29, 63, 47, 42, 7, 90, 45, 67, 85, 65)(4, 68, 5, 45, 36, 17, 67, 55, 52, 73, 72, 79, 63)(43, 11, 68, 82, 19, 85, 7, 66, 22, 21, 72, 68, 32)(93, 33, 63, 21, 1, 32, 61, 47, 56, 86, 13, 82, 14)(96, 68, 20, 71, 49, 95, 16, 18, 59, 85, 20, 2, 16)(73, 39, 30, 14, 64, 73, 8, 34, 94, 20, 90, 13, 89)(60, 73, 45, 41, 69, 47, 8, 88, 23, 98, 5, 99, 13)
line 80: kNearestNeighbour 8 (10,4,10,6,10,10,10,1,2,4,2,3,8)
(33, 53, 92, 26, 32, 61, 73, 17, 63, 60, 8, 22, 22)(43, 63, 29, 5, 88, 30, 45, 3, 4, 62, 78, 34, 60)(10, 30, 23, 29, 63, 47, 42, 7, 90, 45, 67, 85, 65)(43, 11, 68, 82, 19, 85, 7, 66, 22, 21, 72, 68, 32)(93, 33, 63, 21, 1, 32, 61, 47, 56, 86, 13, 82, 14)(4, 68, 5, 45, 36, 17, 67, 55, 52, 73, 72, 79, 63)(96, 68, 20, 71, 49, 95, 16, 18, 59, 85, 20, 2, 16)(73, 39, 30, 14, 64, 73, 8, 34, 94, 20, 90, 13, 89)
line 81: nearestNeighbour (3,8,3,5,3,10,7,7,1,9,2,7,9)
(33, 53, 92, 26, 32, 61, 73, 17, 63, 60, 8, 22, 22)
line 82: nearestNeighbour (2,6,8,4,4,4,5,9,2,6,3,8,5)
(33, 53, 92, 26, 32, 61, 73, 17, 63, 60, 8, 22, 22)
line 83: nearestNeighbour (5,9,7,3,4,5,3,5,8,3,2,10,5)
(33, 53, 92, 26, 32, 61, 73, 17, 63, 60, 8, 22, 22)
line 84: kNearestNeighbour 2 (6,2,6,7,1,8,6,6,1,3,9,1,9)
(43, 63, 29, 5, 88, 30, 45, 3, 4, 62, 78, 34, 60)(33, 53, 92, 26, 32, 61, 73, 17, 63, 60, 8, 22, 22)
line 85: nearestNeighbour (3,2,8,5,9,4,9,4,10,5,3,10,5)
(33, 53, 92, 26, 32, 61, 73, 17, 63, 60, 8, 22, 22)
line 86: kNearestNeighbour 6 (5,8,8,6,3,9,1,4,7,2,6,5,1)
(33, 53, 92, 26, 32, 61, 73, 17, 63, 60, 8, 22, 22)(43, 63, 29, 5, 88, 30, 45, 3, 4, 62, 78, 34, 60)(43, 11, 68, 82, 19, 85, 7, 66, 22, 21, 72, 68, 32)(10, 30, 23, 29, 63, 47, 42, 7, 90, 45, 67, 85, 65)(93, 33, 63, 21, 1, 32, 61, 47, 56, 86, 13, 82, 14)(4, 68, 5, 45, 36, 17, 67, 55, 52, 73, 72, 79, 63)
line 87: kNearestNeighbour 1 (6,5,1,8,3,9,5,4,3,2,4,1,6)
(33, 53, 92, 26, 32, 61, 73, 17, 63, 60, 8, 22, 22)
line 88: nearestNeighbour (6,7,8,3,2,4,3,1,7,6,6,3,5)
(33, 53, 92, 26, 32, 61, 73, 17, 63, 60, 8, 22, 22)
line 89: kNearestNeighbour 5 (5,2,2,10,6,3,2,3,9,7,3,3,7)
(33, 53, 92, 26, 32, 61, 73, 17, 63, 60, 8, 22, 22)(43, 63, 29, 5, 88, 30, 45, 3, 4, 62, 78, 34, 60)(10, 30, 23, 29, 63, 47, 42, 7, 90, 45, 67, 85, 65)(43, 11, 68, 82, 19, 85, 7, 66, 22, 21, 72, 68, 32)(4, 68, 5, 45, 36, 17, 67, 55, 52, 73, 72, 79, 63)
line 90: kNearestNeighbour 5 (6,8,8,4,3,10,7,1,10,4,7,1,2)
(33, 53, 92, 26, 32, 61, 73, 17, 63, 60, 8, 22, 22)(43, 63, 29, 5, 88, 30, 45, 3, 4, 62, 78, 34, 60)(10, 30, 23, 29, 63, 47, 42, 7, 90, 45, 67, 85, 65)(43, 11, 68, 82, 19, 85, 7, 66, 22, 21, 72, 68, 32)(93, 33, 63, 21, 1, 32, 61, 47, 56, 86, 13, 82, 14)
line 91: kNearestNeighbour 9 (2,9,1,7,2,5,4,5,3,10,10,1,9)
(43, 63, 29, 5, 88, 30, 45, 3, 4, 62, 78, 34, 60)(33, 53, 92, 26, 32, 61, 73, 17, 63, 60, 8, 22, 22)(10, 30, 23, 29, 63, 47, 42, 7, 90, 45, 67, 85, 65)(43, 11, 68, 82, 19, 85, 7, 66, 22, 21, 72, 68, 32)(4, 68, 5, 45, 36, 17, 67, 55, 52, 73, 72, 79, 63)(93, 33, 63, 21, 1, 32, 61, 47, 56, 86, 13, 82, 14)(96, 68, 20, 71, 49, 95, 16, 18, 59, 85, 20, 2, 16)(73, 39, 30, 14, 64, 73, 8, 34, 94, 20, 90, 13, 89)(36, 93, 50, 78, 1, 38, 66, 76, 25, 93, 73, 15, 68)
line 92: nearestNeighbour (9,1,7,2,7,1,3,2,8,1,3,9,8)
(33, 53, 92, 26, 32, 61, 73, 17, 63, 60, 8, 22, 22)
line 93: kNearestNeighbour 7 (8,7,10,8,8,8,3,6,9,5,2,9,4)
(33, 53, 92, 26, 32, 61, 73, 17, 63, 60, 8, 22, 22)(43, 63, 29, 5, 88, 30, 45, 3, 4, 62, 78, 34, 60)(10, 30, 23, 29, 63, 47, 42, 7, 90, 45, 67, 85, 65)(43, 11, 68, 82, 19, 85, 7, 66, 22, 21, 72, 68, 32)(93, 33, 63, 21, 1, 32, 61, 47, 56, 86, 13, 82, 14)(4, 68, 5, 45, 36, 17, 67, 55, 52, 73, 72, 79, 63)(96, 68, 20, 71, 49, 95, 16, 18, 59, 85, 20, 2, 16)
line 94: kNearestNeighbour 1 (6,2,1,2,9,4,2,8,10,7,3,7,10)
(43, 63, 29, 5, 88, 30, 45, 3, 4, 62, 78, 34, 60)
line 95: nearestNeighbour (9,10,6,4,2,2,9,5,1,3,1,6,6)
(33, 53, 92, 26, 32, 61, 73, 17, 63, 60, 8, 22, 22)
line 96: kNearestNeighbour 5 (2,2,5,1,6,1,4,7,4,5,4,1,3)
(33, 53, 92, 26, 32, 61, 73, 17, 63, 60, 8, 22, 22)(43, 63, 29, 5, 88, 30, 45, 3, 4, 62, 78, 34, 60)(10, 30, 23, 29, 63, 47, 42, 7, 90, 45, 67, 85, 65)(43, 11, 68, 82, 19, 85, 7, 66, 22, 21, 72, 68, 32)(93, 33, 63, 21, 1, 32, 61, 47, 56, 86, 13, 82, 14)
line 97: kNearestNeighbour 3 (9,2,8,4,2,3,3,7,4,8,4,6,2)
(33, 53, 92, 26, 32, 61, 73, 17, 63, 60, 8, 22, 22)(43, 63, 29, 5, 88, 30, 45, 3, 4, 62, 78, 34, 60)(43, 11, 68, 82, 19, 85, 7, 66, 22, 21, 72, 68, 32)
line 98: kNearestNeighbour 4 (7,5,7,10,2,2,8,1,2,3,2,4,3)
(33, 53, 92, 26, 32, 61, 73, 17, 63, 60, 8, 22, 22)(43, 63, 29, 5, 88, 30, 45, 3, 4, 62, 78, 34, 60)(43, 11, 68, 82, 19, 85, 7, 66, 22, 21, 72, 68, 32)(10, 30, 23, 29, 63, 47, 42, 7, 90, 45, 67, 85, 65)
line 99: nearestNeighbour (1,3,2,5,9,6,1,5,1,10,2,10,7)
(43, 63, 29, 5, 88, 30, 45, 3, 4, 62, 78, 34, 60)
line 100: nearestNeighbour (5,4,1,9,9,5,4,2,1,9,1,4,10)
(43, 63, 29, 5, 88, 30, 45, 3, 4, 62, 78, 34, 60)
line 101: nearestNeighbour (7,6,1,5,10,7,10,4,3,7,10,5,8)
(43, 63, 29, 5, 88, 30, 45, 3, 4, 62, 78, 34, 60)
line 102: kNearestNeighbour 2 (8,6,4,3,6,4,4,2,2,10,8,10,1)
(43, 63, 29, 5, 88, 30, 45, 3, 4, 62, 78, 34, 60)(33, 53, 92, 26, 32, 61, 73, 17, 63, 60, 8, 22, 22)
line 103: nearestNeighbour (9,6,9,5,2,8,2,4,2,2,6,8,2)
(33, 53, 92, 26, 32, 61, 73, 17, 63, 60, 8, 22, 22)
line 104: kNearestNeighbour 7 (6,4,3,5,9,6,2,2,9,1,2,7,10)
(43, 63, 29, 5, 88, 30, 45, 3, 4, 62, 78, 34, 60)(33, 53, 92, 26, 32, 61, 73, 17, 63, 60, 8, 22, 22)(10, 30, 23, 29, 63, 47, 42, 7, 90, 45, 67, 85, 65)(43, 11, 68, 82, 19, 85, 7, 66, 22, 21, 72, 68, 32)(4, 68, 5, 45, 36, 17, 67, 55, 52, 73, 72, 79, 63)(93, 33, 63, 21, 1, 32, 61, 47, 56, 86, 13, 82, 14)(73, 39, 30, 14, 64, 73, 8, 34, 94, 20, 90, 13, 89)
line 105: nearestNeighbour (8,10,10,4,7,10,3,4,6,9,1,9,10)
(33, 53, 92, 26, 32, 61, 73, 17, 63, 60, 8, 22, 22)
line 106: nearestNeighbour (6,4,9,4,7,9,5,7,2,7,8,4,3)
(33, 53, 92, 26, 32, 61, 73, 17, 63, 60, 8, 22, 22)
line 107: nearestNeighbour (4,5,9,2,1,2,5,5,4,4,9,7,6)
(33, 53, 92, 26, 32, 61, 73, 17, 63, 60, 8, 22, 22)
line 108: kNearestNeighbour 10 (6,9,3,8,9,3,4,8,8,7,6,1,8)
(43, 63, 29, 5, 88, 30, 45, 3, 4, 62, 78, 34, 60)(33, 53, 92, 26, 32, 61, 73, 17, 63, 60, 8, 22, 22)(10, 30, 23, 29, 63, 47, 42, 7, 90, 45, 67, 85, 65)(43, 11, 68, 82, 19, 85, 7, 66, 22, 21, 72, 68, 32)(4, 68, 5, 45, 36, 17, 67, 55, 52, 73, 72, 79, 63)(93, 33, 63, 21, 1, 32, 61, 47, 56, 86, 13, 82, 14)(96, 68, 20, 71, 49, 95, 16, 18, 59, 85, 20, 2, 16)(73, 39, 30, 14, 64, 73, 8, 34, 94, 20, 90, 13, 89)(60, 73, 45, 41, 69, 47, 8, 88, 23, 98, 5, 99, 13)(36, 93, 50, 78, 1, 38, 66, 76, 25, 93, 73, 15, 68)
line 109: kNearestNeighbour 3 (5,9,5,5,6,10,4,2,4,1,4,7,4)
(33, 53, 92, 26, 32, 61, 73, 17, 63, 60, 8, 22, 22)(43, 63, 29, 5, 88, 30, 45, 3, 4, 62, 78, 34, 60)(10, 30, 23, 29, 63, 47, 42, 7, 90, 45, 67, 85, 65)
line 110: kNearestNeighbour 7 (2,9,7,3,9,5,3,10,10,1,8,6,6)
(33, 53, 92, 26, 32, 61, 73, 17, 63, 60, 8, 22, 22)(43, 63, 29, 5, 88, 30, 45, 3, 4, 62, 78, 34, 60)(10, 30, 23, 29, 63, 47, 42, 7, 90, 45, 67, 85, 65)(43, 11, 68, 82, 19, 85, 7, 66, 22, 21, 72, 68, 32)(4, 68, 5, 45, 36, 17, 67, 55, 52, 73, 72, 79, 63)(93, 33, 63, 21, 1, 32, 61, 47, 56, 86, 13, 82, 14)(73, 39, 30, 14, 64, 73, 8, 34, 94, 20, 90, 13, 89)
line 111: nearestNeighbour (10,3,1,9,10,1,2,3,4,10,3,1,1)
(43, 63, 29, 5, 88, 30, 45, 3, 4, 62, 78, 34, 60)
line 112: kNearestNeighbour 9 (8,1,9,3,8,3,9,4,3,3,5,6,8)
(43, 63, 29, 5, 88, 30, 45, 3, 4, 62, 78, 34, 60)(33, 53, 92, 26, 32, 61, 73, 17, 63, 60, 8, 22, 22)(10, 30, 23, 29, 63, 47, 42, 7, 90, 45, 67, 85, 65)(43, 11, 68, 82, 19, 85, 7, 66, 22, 21, 72, 68, 32)(93, 33, 63, 21, 1, 32, 61, 47, 56, 86, 13, 82, 14)(4, 68, 5, 45, 36, 17, 67, 55, 52, 73, 72, 79, 63)(96, 68, 20, 71, 49, 95, 16, 18, 59, 85, 20, 2, 16)(73, 39, 30, 14, 64, 73, 8, 34, 94, 20, 90, 13, 89)(60, 73, 45, 41, 69, 47, 8, 88, 23, 98, 5, 99, 13)
line 113: nearestNeighbour (6,8,7,10,10,1,4,3,2,10,1,8,10)
(43, 63, 29, 5, 88, 30, 45, 3, 4, 62, 78, 34, 60)
line 114: kNearestNeighbour 6 (1,6,9,9,3,9,1,9,10,6,3,7,7)
(33, 53, 92, 26, 32, 61, 73, 17, 63, 60, 8, 22, 22)(43, 63, 29, 5, 88, 30, 45, 3, 4, 62, 78, 34, 60)(43, 11, 68, 82, 19, 85, 7, 66, 22, 21, 72, 68, 32)(10, 30, 23, 29, 63, 47, 42, 7, 90, 45, 67, 85, 65)(93, 33, 63, 21, 1, 32, 61, 47, 56, 86, 13, 82, 14)(4, 68, 5, 45, 36, 17, 67, 55, 52, 73, 72, 79, 63)
line 115: kNearestNeighbour 6 (4,1,7,4,10,5,8,3,7,7,3,9,3)
(33, 53, 92, 26, 32, 61, 73, 17, 63, 60, 8, 22, 22)(43, 63, 29, 5, 88, 30, 45, 3, 4, 62, 78, 34, 60)(10, 30, 23, 29, 63, 47, 42, 7, 90, 45, 67, 85, 65)(43, 11, 68, 82, 19, 85, 7, 66, 22, 21, 72, 68, 32)(93, 33, 63, 21, 1, 32, 61, 47, 56, 86, 13, 82, 14)(4, 68, 5, 45, 36, 17, 67, 55, 52, 73, 72, 79, 63)
line 116: kNearestNeighbour 9 (4,1,7,7,5,1,7,4,9,4,3,10,4)
(33, 53, 92, 26, 32, 61, 73, 17, 63, 60, 8, 22, 22)(43, 63, 29, 5, 88, 30, 45, 3, 4, 62, 78, 34, 60)(10, 30, 23, 29, 63, 47, 42, 7, 90, 45, 67, 85, 65)(43, 11, 68, 82, 19, 85, 7, 66, 22, 21, 72, 68, 32)(93, 33, 63, 21, 1, 32, 61, 47, 56, 86, 13, 82, 14)(4, 68, 5, 45, 36, 17, 67, 55, 52, 73, 72, 79, 63)(96, 68, 20, 71, 49, 95, 16, 18, 59, 85, 20, 2, 16)(73, 39, 30, 14, 64, 73, 8, 34, 94, 20, 90, 13, 89)(60, 73, 45, 41, 69, 47, 8, 88, 23, 98, 5, 99, 13)
line 117: nearestNeighbour (10,1,6,8,3,10,7,2,8,10,6,7,3)
(33, 53, 92, 26, 32, 61, 73, 17, 63, 60, 8, 22, 22)
line 118: kNearestNeighbour 10 (5,7,10,2,8,5,6,5,2,9,2,1,6)
(33, 53, 92, 26, 32, 61, 73, 17, 63, 60, 8, 22, 22)(43, 63, 29, 5, 88, 30, 45, 3, 4, 62, 78, 34, 60)(10, 30, 23, 29, 63, 47, 42, 7, 90, 45, 67, 85, 65)(43, 11, 68, 82, 19, 85, 7, 66, 22, 21, 72, 68, 32)(93, 33, 63, 21, 1, 32, 61, 47, 56, 86, 13, 82, 14)(4, 68, 5, 45, 36, 17, 67, 55, 52, 73, 72, 79, 63)(96, 68, 20, 71, 49, 95, 16, 18, 59, 85, 20, 2, 16)(73, 39, 30, 14, 64, 73, 8, 34, 94, 20, 90, 13, 89)(60, 73, 45, 41, 69, 47, 8, 88, 23, 98, 5, 99, 13)(36, 93, 50, 78, 1, 38, 66, 76, 25, 93, 73, 15, 68)
line 119: nearestNeighbour (8,6,9,3,6,9,2,6,5,9,7,5,6)
(33, 53, 92, 26, 32, 61, 73, 17, 63, 60, 8, 22, 22)
line 120: kNearestNeighbour 9 (6,1,8,2,8,1,5,5,7,5,2,9,10)
(33, 53, 92, 26, 32, 61, 73, 17, 63, 60, 8, 22, 22)(43, 63, 29, 5, 88, 30, 45, 3, 4, 62, 78, 34, 60)(10, 30, 23, 29, 63, 47, 42, 7, 90, 45, 67, 85, 65)(43, 11, 68, 82, 19, 85, 7, 66, 22, 21, 72, 68, 32)(93, 33, 63, 21, 1, 32, 61, 47, 56, 86, 13, 82, 14)(4, 68, 5, 45, 36, 17, 67, 55, 52, 73, 72, 79, 63)(73, 39, 30, 14, 64, 73, 8, 34, 94, 20, 90, 13, 89)(96, 68, 20, 71, 49, 95, 16, 18, 59, 85, 20, 2, 16)(60, 73, 45, 41, 69, 47, 8, 88, 23, 98, 5, 99, 13)
line 121: nearestNeighbour (6,1,4,3,8,9,5,2,2,8,7,2,8)
(43, 63, 29, 5, 88, 30, 45, 3, 4, 62, 78, 34, 60)
line 122: nearestNeighbour (6,8,10,2,6,8,3,10,8,5,6,5,1)
(33, 53, 92, 26, 32, 61, 73, 17, 63, 60, 8, 22, 22)
line 123: nearestNeighbour (8,7,1,4,8,3,5,3,3,3,3,10,1)
(43, 63, 29, 5, 88, 30, 45, 3, 4, 62, 78, 34, 60)
line 124: kNearestNeighbour 8 (4,8,5,1,5,8,6,9,8,6,2,1,10)
(33, 53, 92, 26, 32, 61, 73, 17, 63, 60, 8, 22, 22)(43, 63, 29, 5, 88, 30, 45, 3, 4, 62, 78, 34, 60)(10, 30, 23, 29, 63, 47, 42, 7, 90, 45, 67, 85, 65)(43, 11, 68, 82, 19, 85, 7, 66, 22, 21, 72, 68, 32)(4, 68, 5, 45, 36, 17, 67, 55, 52, 73, 72, 79, 63)(93, 33, 63, 21, 1, 32, 61, 47, 56, 86, 13, 82, 14)(96, 68, 20, 71, 49, 95, 16, 18, 59, 85, 20, 2, 16)(73, 39, 30, 14, 64, 73, 8, 34, 94, 20, 90, 13, 89)
line 125: nearestNeighbour (5,2,4,10,4,4,4,6,4,2,9,6,7)
(43, 63, 29, 5, 88, 30, 45, 3, 4, 62, 78, 34, 60)
line 126: kNearestNeighbour 6 (6,4,2,6,10,8,8,3,2,2,9,8,6)
(43, 63, 29, 5, 88, 30, 45, 3, 4, 62, 78, 34, 60)(33, 53, 92, 26, 32, 61, 73, 17, 63, 60, 8, 22, 22)(10, 30, 23, 29, 63, 47, 42, 7, 90, 45, 67, 85, 65)(43, 11, 68, 82, 19, 85, 7, 66, 22, 21, 72, 68, 32)(4, 68, 5, 45, 36, 17, 67, 55, 52, 73, 72, 79, 63)(93, 33, 63, 21, 1, 32, 61, 47, 56, 86, 13, 82, 14)
line 127: kNearestNeighbour 4 (7,9,6,3,6,6,9,8,6,3,5,5,5)
(33, 53, 92, 26, 32, 61, 73, 17, 63, 60, 8, 22, 22)(43, 63, 29, 5, 88, 30, 45, 3, 4, 62, 78, 34, 60)(10, 30, 23, 29, 63, 47, 42, 7, 90, 45, 67, 85, 65)(43, 11, 68, 82, 19, 85, 7, 66, 22, 21, 72, 68, 32)
line 128: nearestNeighbour (10,4,9,7,6,4,3,10,3,9,1,7,7)
(33, 53, 92, 26, 32, 61, 73, 17, 63, 60, 8, 22, 22)
line 129: nearestNeighbour (9,10,6,10,2,9,2,6,8,8,9,4,7)
(33, 53, 92, 26, 32, 61, 73, 17, 63, 60, 8, 22, 22)
line 130: nearestNeighbour (9,2,6,6,1,5,8,3,3,2,8,1,5)
(33, 53, 92, 26, 32, 61, 73, 17, 63, 60, 8, 22, 22)
line 131: nearestNeighbour (2,1,3,7,10,10,9,4,9,8,4,7,3)
(33, 53, 92, 26, 32, 61, 73, 17, 63, 60, 8, 22, 22)
line 132: nearestNeighbour (3,4,3,8,3,2,4,3,1,10,5,5,8)
(43, 63, 29, 5, 88, 30, 45, 3, 4, 62, 78, 34, 60)
line 133: kNearestNeighbour 3 (8,4,6,5,8,3,1,7,8,3,9,5,8)
(43, 63, 29, 5, 88, 30, 45, 3, 4, 62, 78, 34, 60)(33, 53, 92, 26, 32, 61, 73, 17, 63, 60, 8, 22, 22)(10, 30, 23, 29, 63, 47, 42, 7, 90, 45, 67, 85, 65)
line 134: nearestNeighbour (8,5,6,10,9,8,5,6,10,5,1,4,5)
(33, 53, 92, 26, 32, 61, 73, 17, 63, 60, 8, 22, 22)
line 135: kNearestNeighbour 7 (8,9,4,2,7,1,2,6,9,10,5,8,10)
(43, 63, 29, 5, 88, 30, 45, 3, 4, 62, 78, 34, 60)(33, 53, 92, 26, 32, 61, 73, 17, 63, 60, 8, 22, 22)(10, 30, 23, 29, 63, 47, 42, 7, 90, 45, 67, 85, 65)(4, 68, 5, 45, 36, 17, 67, 55, 52, 73, 72, 79, 63)(93, 33, 63, 21, 1, 32, 61, 47, 56, 86, 13, 82, 14)(43, 11, 68, 82, 19, 85, 7, 66, 22, 21, 72, 68, 32)(96, 68, 20, 71, 49, 95, 16, 18, 59, 85, 20, 2, 16)
line 136: nearestNeighbour (1,4,7,2,4,8,3,1,1,9,1,8,10)
(33, 53, 92, 26, 32, 61, 73, 17, 63, 60, 8, 22, 22)
line 137: kNearestNeighbour 10 (8,1,6,1,2,8,6,3,10,6,2,9,2)
(33, 53, 92, 26, 32, 61, 73, 17, 63, 60, 8, 22, 22)(43, 63, 29, 5, 88, 30, 45, 3, 4, 62, 78, 34, 60)(10, 30, 23, 29, 63, 47, 42, 7, 90, 45, 67, 85, 65)(93, 33, 63, 21, 1, 32, 61, 47, 56, 86, 13, 82, 14)(43, 11, 68, 82, 19, 85, 7, 66, 22, 21, 72, 68, 32)(4, 68, 5, 45, 36, 17, 67, 55, 52, 73, 72, 79, 63)(96, 68, 20, 71, 49, 95, 16, 18, 59, 85, 20, 2, 16)(73, 39, 30, 14, 64, 73, 8, 34, 94, 20, 90, 13, 89)(60, 73, 45, 41, 69, 47, 8, 88, 23, 98, 5, 99, 13)(16, 51, 79, 34, 19, 92, 83, 99, 62, 45, 68, 54, 40)
line 138: kNearestNeighbour 1 (9,10,3,6,7,7,8,9,4,1,2,7,6)
(33, 53, 92, 26, 32, 61, 73, 17, 63, 60, 8, 22, 22)
line 139: nearestNeighbour (5,5,3,4,10,5,8,8,10,6,3,4,3)
(33, 53, 92, 26, 32, 61, 73, 17, 63, 60, 8, 22, 22)
line 140: nearestNeighbour (1,7,4,2,6,9,5,9,7,1,2,3,8)
(33, 53, 92, 26, 32, 61, 73, 17, 63, 60, 8, 22, 22)
line 141: kNearestNeighbour 10 (9,6,2,8,4,7,5,1,3,10,4,5,7)
(43, 63, 29, 5, 88, 30, 45, 3, 4, 62, 78, 34, 60)(33, 53, 92, 26, 32, 61, 73, 17, 63, 60, 8, 22, 22)(10, 30, 23, 29, 63, 47, 42, 7, 90, 45, 67, 85, 65)(43, 11, 68, 82, 19, 85, 7, 66, 22, 21, 72, 68, 32)(93, 33, 63, 21, 1, 32, 61, 47, 56, 86, 13, 82, 14)(4, 68, 5, 45, 36, 17, 67, 55, 52, 73, 72, 79, 63)(96, 68, 20, 71, 49, 95, 16, 18, 59, 85, 20, 2, 16)(73, 39, 30, 14, 64, 73, 8, 34, 94, 20, 90, 13, 89)(60, 73, 45, 41, 69, 47, 8, 88, 23, 98, 5, 99, 13)(36, 93, 50, 78, 1, 38, 66, 76, 25, 93, 73, 15, 68)
line 142: kNearestNeighbour 6 (7,5,8,2,7,4,7,9,9,3,3,7,3)
(33, 53, 92, 26, 32, 61, 73, 17, 63, 60, 8, 22, 22)(43, 63, 29, 5, 88, 30, 45, 3, 4, 62, 78, 34, 60)(10, 30, 23, 29, 63, 47, 42, 7, 90, 45, 67, 85, 65)(43, 11, 68, 82, 19, 85, 7, 66, 22, 21, 72, 68, 32)(93, 33, 63, 21, 1, 32, 61, 47, 56, 86, 13, 82, 14)(4, 68, 5, 45, 36, 17, 67, 55, 52, 73, 72, 79, 63)
line 143: nearestNeighbour (9,7,9,8,5,2,7,6,9,8,2,7,6)
(33, 53, 92, 26, 32, 61, 73, 17, 63, 60, 8, 22, 22)
line 144: kNearestNeighbour 5 (3,4,4,2,3,9,3,1,5,8,9,2,3)
(43, 63, 29, 5, 88, 30, 45, 3, 4, 62, 78, 34, 60)(33, 53, 92, 26, 32, 61, 73, 17, 63, 60, 8, 22, 22)(10, 30, 23, 29, 63, 47, 42, 7, 90, 45, 67, 85, 65)(43, 11, 68, 82, 19, 85, 7, 66, 22, 21, 72, 68, 32)(93, 33, 63, 21, 1, 32, 61, 47, 56, 86, 13, 82, 14)
line 145: nearestNeighbour (5,3,10,1,7,9,9,7,7,6,7,1,7)
(33, 53, 92, 26, 32, 61, 73, 17, 63, 60, 8, 22, 22)
line 146: kNearestNeighbour 1 (3,1,1,10,2,5,7,2,4,6,10,6,8)
(43, 63, 29, 5, 88, 30, 45, 3, 4, 62, 78, 34, 60)
line 147: kNearestNeighbour 5 (7,9,9,4,8,2,1,10,6,5,5,10,9)
(43, 63, 29, 5, 88, 30, 45, 3, 4, 62, 78, 34, 60)(33, 53, 92, 26, 32, 61, 73, 17, 63, 60, 8, 22, 22)(10, 30, 23, 29, 63, 47, 42, 7, 90, 45, 67, 85, 65)(43, 11, 68, 82, 19, 85, 7, 66, 22, 21, 72, 68, 32)(93, 33, 63, 21, 1, 32, 61, 47, 56, 86, 13, 82, 14)
line 148: kNearestNeighbour 4 (4,9,3,3,2,2,5,1,9,10,7,8,4)
(33, 53, 92, 26, 32, 61, 73, 17, 63, 60, 8, 22, 22)(43, 63, 29, 5, 88, 30, 45, 3, 4, 62, 78, 34, 60)(10, 30, 23, 29, 63, 47, 42, 7, 90, 45, 67, 85, 65)(4, 68, 5, 45, 36, 17, 67, 55, 52, 73, 72, 79, 63)
line 149: nearestNeighbour (7,1,9,1,10,2,6,2,2,7,10,7,9)
(43, 63, 29, 5, 88, 30, 45, 3, 4, 62, 78, 34, 60)
line 150: kNearestNeighbour 5 (2,2,1,1,7,4,4,6,2,2,3,6,8)
(43, 63, 29, 5, 88, 30, 45, 3, 4, 62, 78, 34, 60)(33, 53, 92, 26, 32, 61, 73, 17, 63, 60, 8, 22, 22)(10, 30, 23, 29, 63, 47, 42, 7, 90, 45, 67, 85, 65)(43, 11, 68, 82, 19, 85, 7, 66, 22, 21, 72, 68, 32)(4, 68, 5, 45, 36, 17, 67, 55, 52, 73, 72, 79, 63)
line 151: nearestNeighbour (10,5,5,2,7,8,2,2,8,3,6,3,1)
(33, 53, 92, 26, 32, 61, 73, 17, 63, 60, 8, 22, 22)
line 152: kNearestNeighbour 4 (1,5,3,10,10,5,3,6,10,7,8,2,2)
(33, 53, 92, 26, 32, 61, 73, 17, 63, 60, 8, 22, 22)(43, 63, 29, 5, 88, 30, 45, 3, 4, 62, 78, 34, 60)(10, 30, 23, 29, 63, 47, 42, 7, 90, 45, 67, 85, 65)(43, 11, 68, 82, 19, 85, 7, 66, 22, 21, 72, 68, 32)
line 153: kNearestNeighbour 9 (5,8,3,8,9,2,5,8,10,2,4,4,8)
(33, 53, 92, 26, 32, 61, 73, 17, 63, 60, 8, 22, 22)(43, 63, 29, 5, 88, 30, 45, 3, 4, 62, 78, 34, 60)(10, 30, 23, 29, 63, 47, 42, 7, 90, 45, 67, 85, 65)(43, 11, 68, 82, 19, 85, 7, 66, 22, 21, 72, 68, 32)(4, 68, 5, 45, 36, 17, 67, 55, 52, 73, 72, 79, 63)(93, 33, 63, 21, 1, 32, 61, 47, 56, 86, 13, 82, 14)(96, 68, 20, 71, 49, 95, 16, 18, 59, 85, 20, 2, 16)(73, 39, 30, 14, 64, 73, 8, 34, 94, 20, 90, 13, 89)(60, 73, 45, 41, 69, 47, 8, 88, 23, 98, 5, 99, 13)
line 154: kNearestNeighbour 2 (1,10,9,4,1,3,9,5,10,7,8,9,5)
(33, 53, 92, 26, 32, 61, 73, 17, 63, 60, 8, 22, 22)(43, 63, 29, 5, 88, 30, 45, 3, 4, 62, 78, 34, 60)
line 155: kNearestNeighbour 4 (9,6,5,9,4,7,5,7,7,9,3,3,9)
(33, 53, 92, 26, 32, 61, 73, 17, 63, 60, 8, 22, 22)(43, 63, 29, 5, 88, 30, 45, 3, 4, 62, 78, 34, 60)(10, 30, 23, 29, 63, 47, 42, 7, 90, 45, 67, 85, 65)(43, 11, 68, 82, 19, 85, 7, 66, 22, 21, 72, 68, 32)
line 156: kNearestNeighbour 1 (1,4,8,3,6,9,1,10,3,3,10,9,3)
(43, 63, 29, 5, 88, 30, 45, 3, 4, 62, 78, 34, 60)
line 157: kNearestNeighbour 8 (4,7,4,1,10,8,7,2,6,1,6,9,7)
(43, 63, 29, 5, 88, 30, 45, 3, 4, 62, 78, 34, 60)(33, 53, 92, 26, 32, 61, 73, 17, 63, 60, 8, 22, 22)(10, 30, 23, 29, 63, 47, 42, 7, 90, 45, 67, 85, 65)(43, 11, 68, 82, 19, 85, 7, 66, 22, 21, 72, 68, 32)(4, 68, 5, 45, 36, 17, 67, 55, 52, 73, 72, 79, 63)(93, 33, 63, 21, 1, 32, 61, 47, 56, 86, 13, 82, 14)(73, 39, 30, 14, 64, 73, 8, 34, 94, 20, 90, 13, 89)(96, 68, 20, 71, 49, 95, 16, 18, 59, 85, 20, 2, 16)
line 158: kNearestNeighbour 2 (8,6,7,6,10,6,5,3,7,6,2,1,3)
(33, 53, 92, 26, 32, 61, 73, 17, 63, 60, 8, 22, 22)(43, 63, 29, 5, 88, 30, 45, 3, 4, 62, 78, 34, 60)
line 159: kNearestNeighbour 8 (8,5,4,8,9,4,3,3,7,7,7,4,1)
(43, 63, 29, 5, 88, 30, 45, 3, 4, 62, 78, 34, 60)(33, 53, 92, 26, 32, 61, 73, 17, 63, 60, 8, 22, 22)(10, 30, 23, 29, 63, 47, 42, 7, 90, 45, 67, 85, 65)(43, 11, 68, 82, 19, 85, 7, 66, 22, 21, 72, 68, 32)(93, 33, 63, 21, 1, 32, 61, 47, 56, 86, 13, 82, 14)(4, 68, 5, 45, 36, 17, 67, 55, 52, 73, 72, 79, 63)(96, 68, 20, 71, 49, 95, 16, 18, 59, 85, 20, 2, 16)(73, 39, 30, 14, 64, 73, 8, 34, 94, 20, 90, 13, 89)
line 160: kNearestNeighbour 8 (9,6,4,8,2,7,1,10,9,9,5,10,9)
(33, 53, 92, 26, 32, 61, 73, 17, 63, 60, 8, 22, 22)(43, 63, 29, 5, 88, 30, 45, 3, 4, 62, 78, 34, 60)(10, 30, 23, 29, 63, 47, 42, 7, 90, 45, 67, 85, 65)(43, 11, 68, 82, 19, 85, 7, 66, 22, 21, 72, 68, 32)(93, 33, 63, 21, 1, 32, 61, 47, 56, 86, 13, 82, 14)(4, 68, 5, 45, 36, 17, 67, 55, 52, 73, 72, 79, 63)(96, 68, 20, 71, 49, 95, 16, 18, 59, 85, 20, 2, 16)(73, 39, 30, 14, 64, 73, 8, 34, 94, 20, 90, 13, 89)
line 161: nearestNeighbour (10,10,1,8,8,7,7,10,8,8,6,8,9)
(43, 63, 29, 5, 88, 30, 45, 3, 4, 62, 78, 34, 60)
line 162: kNearestNeighbour 4 (4,3,4,4,7,1,3,5,10,5,10,2,1)
(43, 63, 29, 5, 88, 30, 45, 3, 4, 62, 78, 34, 60)(33, 53, 92, 26, 32, 61, 73, 17, 63, 60, 8, 22, 22)(10, 30, 23, 29, 63, 47, 42, 7, 90, 45, 67, 85, 65)(43, 11, 68, 82, 19, 85, 7, 66, 22, 21, 72, 68, 32)
line 163: nearestNeighbour (3,6,7,4,10,9,2,9,1,8,10,2,10)
(43, 63, 29, 5, 88, 30, 45, 3, 4, 62, 78, 34, 60)
line 164: kNearestNeighbour 5 (7,6,4,3,10,1,7,2,7,4,2,4,4)
(43, 63, 29, 5, 88, 30, 45, 3, 4, 62, 78, 34, 60)(33, 53, 92, 26, 32, 61, 73, 17, 63, 60, 8, 22, 22)(10, 30, 23, 29, 63, 47, 42, 7, 90, 45, 67, 85, 65)(43, 11, 68, 82, 19, 85, 7, 66, 22, 21, 72, 68, 32)(93, 33, 63, 21, 1, 32, 61, 47, 56, 86, 13, 82, 14)
line 165: kNearestNeighbour 8 (8,10,7,2,3,4,3,9,7,5,2,8,4)
(33, 53, 92, 26, 32, 61, 73, 17, 63, 60, 8, 22, 22)(43, 63, 29, 5, 88, 30, 45, 3, 4, 62, 78, 34, 60)(10, 30, 23, 29, 63, 47, 42, 7, 90, 45, 67, 85, 65)(43, 11, 68, 82, 19, 85, 7, 66, 22, 21, 72, 68, 32)(93, 33, 63, 21, 1, 32, 61, 47, 56, 86, 13, 82, 14)(4, 68, 5, 45, 36, 17, 67, 55, 52, 73, 72, 79, 63)(96, 68, 20, 71, 49, 95, 16, 18, 59, 85, 20, 2, 16)(73, 39, 30, 14, 64, 73, 8, 34, 94, 20, 90, 13, 89)
line 166: kNearestNeighbour 6 (10,7,2,10,5,8,2,2,7,6,5,6,1)
(33, 53, 92, 26, 32, 61, 73, 17, 63, 60, 8, 22, 22)(43, 63, 29, 5, 88, 30, 45, 3, 4, 62, 78, 34, 60)(10, 30, 23, 29, 63, 47, 42, 7, 90, 45, 67, 85, 65)(43, 11, 68, 82, 19, 85, 7, 66, 22, 21, 72, 68, 32)(93, 33, 63, 21, 1, 32, 61, 47, 56, 86, 13, 82, 14)(4, 68, 5, 45, 36, 17, 67, 55, 52, 73, 72, 79, 63)
line 167: nearestNeighbour (1,8,10,4,7,7,6,9,9,2,3,2,1)
(33, 53, 92, 26, 32, 61, 73, 17, 63, 60, 8, 22, 22)
line 168: nearestNeighbour (5,10,7,3,7,2,5,7,7,5,10,9,1)
(43, 63, 29, 5, 88, 30, 45, 3, 4, 62, 78, 34, 60)
line 169: kNearestNeighbour 9 (9,6,4,2,9,10,8,4,9,8,1,6,7)
(33, 53, 92, 26, 32, 61, 73, 17, 63, 60, 8, 22, 22)(43, 63, 29, 5, 88, 30, 45, 3, 4, 62, 78, 34, 60)(10, 30, 23, 29, 63, 47, 42, 7, 90, 45, 67, 85, 65)(93, 33, 63, 21, 1, 32, 61, 47, 56, 86, 13, 82, 14)(43, 11, 68, 82, 19, 85, 7, 66, 22, 21, 72, 68, 32)(4, 68, 5, 45, 36, 17, 67, 55, 52, 73, 72, 79, 63)(96, 68, 20, 71, 49, 95, 16, 18, 59, 85, 20, 2, 16)(73, 39, 30, 14, 64, 73, 8, 34, 94, 20, 90, 13, 89)(60, 73, 45, 41, 69, 47, 8, 88, 23, 98, 5, 99, 13)
line 170: nearestNeighbour (1,5,5,10,1,5,9,7,3,7,9,3,1)
(33, 53, 92, 26, 32, 61, 73, 17, 63, 60, 8, 22, 22)
line 171: kNearestNeighbour 3 (5,6,5,6,2,5,3,1,9,1,8,7,3)
(33, 53, 92, 26, 32, 61, 73, 17, 63, 60, 8, 22, 22)(43, 63, 29, 5, 88, 30, 45, 3, 4, 62, 78, 34, 60)(10, 30, 23, 29, 63, 47, 42, 7, 90, 45, 67, 85, 65)
line 172: kNearestNeighbour 4 (9,3,8,9,4,1,5,2,2,9,3,10,4)
(33, 53, 92, 26, 32, 61, 73, 17, 63, 60, 8, 22, 22)(43, 63, 29, 5, 88, 30, 45, 3, 4, 62, 78, 34, 60)(10, 30, 23, 29, 63, 47, 42, 7, 90, 45, 67, 85, 65)(43, 11, 68, 82, 19, 85, 7, 66, 22, 21, 72, 68, 32)
line 173: kNearestNeighbour 8 (9,2,4,4,6,3,10,9,4,7,2,8,3)
(33, 53, 92, 26, 32, 61, 73, 17, 63, 60, 8, 22, 22)(43, 63, 29, 5, 88, 30, 45, 3, 4, 62, 78, 34, 60)(10, 30, 23, 29, 63, 47, 42, 7, 90, 45, 67, 85, 65)(93, 33, 63, 21, 1, 32, 61, 47, 56, 86, 13, 82, 14)(43, 11, 68, 82, 19, 85, 7, 66, 22, 21, 72, 68, 32)(4, 68, 5, 45, 36, 17, 67, 55, 52, 73, 72, 79, 63)(96, 68, 20, 71, 49, 95, 16, 18, 59, 85, 20, 2, 16)(73, 39, 30, 14, 64, 73, 8, 34, 94, 20, 90, 13, 89)
line 174: nearestNeighbour (5,1,9,4,7,5,2,4,9,10,8,9,9)
