line 1: k=12
line 2: clear
line 3: buildTree 18
(83,24,69,72,97,85,13,15,91,85,53,39) (65,70,21,45,93,36,1,90,29,31,87,62) (39,15,61,12,15,63,90,97,29,36,62,28) (91,90,82,14,68,53,52,46,27,27,43,76) (10,36,51,15,64,82,22,41,21,85,57,70) (18,22,69,31,38,59,93,47,65,14,90,18) (98,29,7,60,9,61,25,41,65,32,9,73) (9,89,40,53,24,37,70,76,37,97,17,69) (42,36,56,77,27,57,47,19,75,17,38,78) (62,40,69,55,65,81,54,34,87,10,30,70) (100,85,22,27,49,8,68,8,94,98,18,17) (19,33,67,23,44,24,79,25,54,24,64,78) (50,52,48,30,47,28,24,14,90,36,85,96) (100,26,71,49,37,95,86,31,55,47,88,27) (75,74,92,3,9,62,51,12,43,15,76,50) (71,30,42,27,87,65,58,16,2,38,35,3) (34,21,6,8,52,59,61,3,100,98,95,63) (17,72,80,26,9,19,23,92,2,52,18,58) 
line 4: nodeCount_height_leafCount
nodeCount=18;height=5;leafCount=8
line 5: inorderTraversal
(34, 21, 6, 8, 52, 59, 61, 3, 100, 98, 95, 63) (39, 15, 61, 12, 15, 63, 90, 97, 29, 36, 62, 28) (18, 22, 69, 31, 38, 59, 93, 47, 65, 14, 90, 18) (19, 33, 67, 23, 44, 24, 79, 25, 54, 24, 64, 78) (9, 89, 40, 53, 24, 37, 70, 76, 37, 97, 17, 69) (10, 36, 51, 15, 64, 82, 22, 41, 21, 85, 57, 70) (17, 72, 80, 26, 9, 19, 23, 92, 2, 52, 18, 58) (42, 36, 56, 77, 27, 57, 47, 19, 75, 17, 38, 78) (50, 52, 48, 30, 47, 28, 24, 14, 90, 36, 85, 96) (98, 29, 7, 60, 9, 61, 25, 41, 65, 32, 9, 73) (71, 30, 42, 27, 87, 65, 58, 16, 2, 38, 35, 3) (100, 26, 71, 49, 37, 95, 86, 31, 55, 47, 88, 27) (83, 24, 69, 72, 97, 85, 13, 15, 91, 85, 53, 39) (62, 40, 69, 55, 65, 81, 54, 34, 87, 10, 30, 70) (65, 70, 21, 45, 93, 36, 1, 90, 29, 31, 87, 62) (100, 85, 22, 27, 49, 8, 68, 8, 94, 98, 18, 17) (75, 74, 92, 3, 9, 62, 51, 12, 43, 15, 76, 50) (91, 90, 82, 14, 68, 53, 52, 46, 27, 27, 43, 76) 
line 6: preorderTraversal
(50, 52, 48, 30, 47, 28, 24, 14, 90, 36, 85, 96) (19, 33, 67, 23, 44, 24, 79, 25, 54, 24, 64, 78) (39, 15, 61, 12, 15, 63, 90, 97, 29, 36, 62, 28) (34, 21, 6, 8, 52, 59, 61, 3, 100, 98, 95, 63) (18, 22, 69, 31, 38, 59, 93, 47, 65, 14, 90, 18) (10, 36, 51, 15, 64, 82, 22, 41, 21, 85, 57, 70) (9, 89, 40, 53, 24, 37, 70, 76, 37, 97, 17, 69) (17, 72, 80, 26, 9, 19, 23, 92, 2, 52, 18, 58) (42, 36, 56, 77, 27, 57, 47, 19, 75, 17, 38, 78) (62, 40, 69, 55, 65, 81, 54, 34, 87, 10, 30, 70) (71, 30, 42, 27, 87, 65, 58, 16, 2, 38, 35, 3) (98, 29, 7, 60, 9, 61, 25, 41, 65, 32, 9, 73) (100, 26, 71, 49, 37, 95, 86, 31, 55, 47, 88, 27) (83, 24, 69, 72, 97, 85, 13, 15, 91, 85, 53, 39) (100, 85, 22, 27, 49, 8, 68, 8, 94, 98, 18, 17) (65, 70, 21, 45, 93, 36, 1, 90, 29, 31, 87, 62) (75, 74, 92, 3, 9, 62, 51, 12, 43, 15, 76, 50) (91, 90, 82, 14, 68, 53, 52, 46, 27, 27, 43, 76) 
line 7: postorderTraversal
(34, 21, 6, 8, 52, 59, 61, 3, 100, 98, 95, 63) (18, 22, 69, 31, 38, 59, 93, 47, 65, 14, 90, 18) (39, 15, 61, 12, 15, 63, 90, 97, 29, 36, 62, 28) (9, 89, 40, 53, 24, 37, 70, 76, 37, 97, 17, 69) (42, 36, 56, 77, 27, 57, 47, 19, 75, 17, 38, 78) (17, 72, 80, 26, 9, 19, 23, 92, 2, 52, 18, 58) (10, 36, 51, 15, 64, 82, 22, 41, 21, 85, 57, 70) (19, 33, 67, 23, 44, 24, 79, 25, 54, 24, 64, 78) (98, 29, 7, 60, 9, 61, 25, 41, 65, 32, 9, 73) (83, 24, 69, 72, 97, 85, 13, 15, 91, 85, 53, 39) (100, 26, 71, 49, 37, 95, 86, 31, 55, 47, 88, 27) (71, 30, 42, 27, 87, 65, 58, 16, 2, 38, 35, 3) (65, 70, 21, 45, 93, 36, 1, 90, 29, 31, 87, 62) (91, 90, 82, 14, 68, 53, 52, 46, 27, 27, 43, 76) (75, 74, 92, 3, 9, 62, 51, 12, 43, 15, 76, 50) (100, 85, 22, 27, 49, 8, 68, 8, 94, 98, 18, 17) (62, 40, 69, 55, 65, 81, 54, 34, 87, 10, 30, 70) (50, 52, 48, 30, 47, 28, 24, 14, 90, 36, 85, 96) 
line 8: kNearestNeighbour 7 (7,6,3,9,6,6,2,2,8,2,6,8)
(71, 30, 42, 27, 87, 65, 58, 16, 2, 38, 35, 3)(19, 33, 67, 23, 44, 24, 79, 25, 54, 24, 64, 78)(17, 72, 80, 26, 9, 19, 23, 92, 2, 52, 18, 58)(98, 29, 7, 60, 9, 61, 25, 41, 65, 32, 9, 73)(42, 36, 56, 77, 27, 57, 47, 19, 75, 17, 38, 78)(10, 36, 51, 15, 64, 82, 22, 41, 21, 85, 57, 70)(39, 15, 61, 12, 15, 63, 90, 97, 29, 36, 62, 28)
line 9: nearestNeighbour (9,4,6,3,1,5,7,3,6,10,8,7)
(71, 30, 42, 27, 87, 65, 58, 16, 2, 38, 35, 3)
line 10: kNearestNeighbour 1 (1,5,7,5,7,4,5,1,8,7,2,2)
(71, 30, 42, 27, 87, 65, 58, 16, 2, 38, 35, 3)
line 11: nearestNeighbour (4,9,7,7,8,2,7,6,10,2,5,7)
(71, 30, 42, 27, 87, 65, 58, 16, 2, 38, 35, 3)
line 12: nearestNeighbour (6,6,4,8,9,6,8,2,1,9,8,2)
(71, 30, 42, 27, 87, 65, 58, 16, 2, 38, 35, 3)
line 13: nearestNeighbour (10,4,7,9,9,7,5,9,2,10,2,9)
(71, 30, 42, 27, 87, 65, 58, 16, 2, 38, 35, 3)
line 14: nearestNeighbour (3,7,2,9,10,1,3,4,7,7,6,6)
(71, 30, 42, 27, 87, 65, 58, 16, 2, 38, 35, 3)
line 15: nearestNeighbour (3,7,6,8,5,5,2,1,9,5,2,1)
(71, 30, 42, 27, 87, 65, 58, 16, 2, 38, 35, 3)
line 16: nearestNeighbour (7,5,4,6,1,3,3,3,2,7,5,8)
(71, 30, 42, 27, 87, 65, 58, 16, 2, 38, 35, 3)
line 17: nearestNeighbour (9,2,4,4,5,7,8,8,7,3,5,9)
(71, 30, 42, 27, 87, 65, 58, 16, 2, 38, 35, 3)
line 18: nearestNeighbour (5,5,3,4,1,7,3,4,3,9,1,6)
(71, 30, 42, 27, 87, 65, 58, 16, 2, 38, 35, 3)
line 19: kNearestNeighbour 5 (7,4,6,4,3,2,1,7,6,2,2,8)
(71, 30, 42, 27, 87, 65, 58, 16, 2, 38, 35, 3)(17, 72, 80, 26, 9, 19, 23, 92, 2, 52, 18, 58)(19, 33, 67, 23, 44, 24, 79, 25, 54, 24, 64, 78)(98, 29, 7, 60, 9, 61, 25, 41, 65, 32, 9, 73)(42, 36, 56, 77, 27, 57, 47, 19, 75, 17, 38, 78)
line 20: nearestNeighbour (8,8,9,5,3,4,4,1,3,8,2,7)
(71, 30, 42, 27, 87, 65, 58, 16, 2, 38, 35, 3)
line 21: kNearestNeighbour 2 (5,5,8,9,5,9,1,3,3,5,7,9)
(71, 30, 42, 27, 87, 65, 58, 16, 2, 38, 35, 3)(17, 72, 80, 26, 9, 19, 23, 92, 2, 52, 18, 58)
line 22: nearestNeighbour (1,7,4,7,1,10,8,6,2,5,9,1)
(71, 30, 42, 27, 87, 65, 58, 16, 2, 38, 35, 3)
line 23: kNearestNeighbour 5 (10,1,1,3,3,8,2,2,1,2,4,10)
(71, 30, 42, 27, 87, 65, 58, 16, 2, 38, 35, 3)(17, 72, 80, 26, 9, 19, 23, 92, 2, 52, 18, 58)(98, 29, 7, 60, 9, 61, 25, 41, 65, 32, 9, 73)(19, 33, 67, 23, 44, 24, 79, 25, 54, 24, 64, 78)(42, 36, 56, 77, 27, 57, 47, 19, 75, 17, 38, 78)
line 24: kNearestNeighbour 2 (1,6,10,2,4,2,7,3,5,5,8,8)
(71, 30, 42, 27, 87, 65, 58, 16, 2, 38, 35, 3)(19, 33, 67, 23, 44, 24, 79, 25, 54, 24, 64, 78)
line 25: nearestNeighbour (7,6,2,6,9,4,4,4,6,7,9,7)
(71, 30, 42, 27, 87, 65, 58, 16, 2, 38, 35, 3)
line 26: nearestNeighbour (2,1,4,4,5,2,7,1,5,1,10,7)
(71, 30, 42, 27, 87, 65, 58, 16, 2, 38, 35, 3)
line 27: kNearestNeighbour 4 (10,2,10,3,2,7,4,6,8,9,5,9)
(71, 30, 42, 27, 87, 65, 58, 16, 2, 38, 35, 3)(17, 72, 80, 26, 9, 19, 23, 92, 2, 52, 18, 58)(19, 33, 67, 23, 44, 24, 79, 25, 54, 24, 64, 78)(98, 29, 7, 60, 9, 61, 25, 41, 65, 32, 9, 73)
line 28: nearestNeighbour (7,10,4,10,6,6,10,9,3,8,10,5)
(71, 30, 42, 27, 87, 65, 58, 16, 2, 38, 35, 3)
line 29: kNearestNeighbour 10 (7,10,1,1,2,4,7,2,10,8,3,2)
(71, 30, 42, 27, 87, 65, 58, 16, 2, 38, 35, 3)(17, 72, 80, 26, 9, 19, 23, 92, 2, 52, 18, 58)(19, 33, 67, 23, 44, 24, 79, 25, 54, 24, 64, 78)(98, 29, 7, 60, 9, 61, 25, 41, 65, 32, 9, 73)(42, 36, 56, 77, 27, 57, 47, 19, 75, 17, 38, 78)(10, 36, 51, 15, 64, 82, 22, 41, 21, 85, 57, 70)(39, 15, 61, 12, 15, 63, 90, 97, 29, 36, 62, 28)(18, 22, 69, 31, 38, 59, 93, 47, 65, 14, 90, 18)(75, 74, 92, 3, 9, 62, 51, 12, 43, 15, 76, 50)(50, 52, 48, 30, 47, 28, 24, 14, 90, 36, 85, 96)
line 30: nearestNeighbour (6,3,10,7,2,7,2,8,10,7,7,3)
(71, 30, 42, 27, 87, 65, 58, 16, 2, 38, 35, 3)
line 31: kNearestNeighbour 2 (1,1,1,6,2,2,3,5,3,4,10,5)
(71, 30, 42, 27, 87, 65, 58, 16, 2, 38, 35, 3)(17, 72, 80, 26, 9, 19, 23, 92, 2, 52, 18, 58)
line 32: kNearestNeighbour 4 (1,2,5,3,9,5,5,10,9,4,7,3)
(71, 30, 42, 27, 87, 65, 58, 16, 2, 38, 35, 3)(17, 72, 80, 26, 9, 19, 23, 92, 2, 52, 18, 58)(19, 33, 67, 23, 44, 24, 79, 25, 54, 24, 64, 78)(98, 29, 7, 60, 9, 61, 25, 41, 65, 32, 9, 73)
line 33: kNearestNeighbour 3 (7,7,8,8,5,5,10,8,1,3,7,6)
(71, 30, 42, 27, 87, 65, 58, 16, 2, 38, 35, 3)(17, 72, 80, 26, 9, 19, 23, 92, 2, 52, 18, 58)(19, 33, 67, 23, 44, 24, 79, 25, 54, 24, 64, 78)
line 34: nearestNeighbour (4,2,10,8,6,6,9,1,8,10,5,3)
(71, 30, 42, 27, 87, 65, 58, 16, 2, 38, 35, 3)
line 35: kNearestNeighbour 4 (10,3,7,8,5,10,1,4,5,1,9,5)
(71, 30, 42, 27, 87, 65, 58, 16, 2, 38, 35, 3)(17, 72, 80, 26, 9, 19, 23, 92, 2, 52, 18, 58)(19, 33, 67, 23, 44, 24, 79, 25, 54, 24, 64, 78)(98, 29, 7, 60, 9, 61, 25, 41, 65, 32, 9, 73)
line 36: kNearestNeighbour 8 (10,1,6,2,9,2,1,2,1,7,8,7)
(71, 30, 42, 27, 87, 65, 58, 16, 2, 38, 35, 3)(17, 72, 80, 26, 9, 19, 23, 92, 2, 52, 18, 58)(19, 33, 67, 23, 44, 24, 79, 25, 54, 24, 64, 78)(98, 29, 7, 60, 9, 61, 25, 41, 65, 32, 9, 73)(42, 36, 56, 77, 27, 57, 47, 19, 75, 17, 38, 78)(10, 36, 51, 15, 64, 82, 22, 41, 21, 85, 57, 70)(39, 15, 61, 12, 15, 63, 90, 97, 29, 36, 62, 28)(18, 22, 69, 31, 38, 59, 93, 47, 65, 14, 90, 18)
line 37: kNearestNeighbour 8 (8,1,6,6,9,3,8,4,1,1,5,8)
(71, 30, 42, 27, 87, 65, 58, 16, 2, 38, 35, 3)(19, 33, 67, 23, 44, 24, 79, 25, 54, 24, 64, 78)(17, 72, 80, 26, 9, 19, 23, 92, 2, 52, 18, 58)(98, 29, 7, 60, 9, 61, 25, 41, 65, 32, 9, 73)(42, 36, 56, 77, 27, 57, 47, 19, 75, 17, 38, 78)(10, 36, 51, 15, 64, 82, 22, 41, 21, 85, 57, 70)(39, 15, 61, 12, 15, 63, 90, 97, 29, 36, 62, 28)(18, 22, 69, 31, 38, 59, 93, 47, 65, 14, 90, 18)
line 38: nearestNeighbour (7,3,1,7,5,10,8,10,1,6,2,6)
(71, 30, 42, 27, 87, 65, 58, 16, 2, 38, 35, 3)
line 39: nearestNeighbour (9,8,5,3,2,3,7,7,3,5,7,4)
(71, 30, 42, 27, 87, 65, 58, 16, 2, 38, 35, 3)
line 40: nearestNeighbour (1,6,9,5,4,7,9,9,6,5,9,8)
(71, 30, 42, 27, 87, 65, 58, 16, 2, 38, 35, 3)
line 41: kNearestNeighbour 4 (5,7,1,1,3,10,1,10,5,10,10,4)
(71, 30, 42, 27, 87, 65, 58, 16, 2, 38, 35, 3)(17, 72, 80, 26, 9, 19, 23, 92, 2, 52, 18, 58)(19, 33, 67, 23, 44, 24, 79, 25, 54, 24, 64, 78)(98, 29, 7, 60, 9, 61, 25, 41, 65, 32, 9, 73)
line 42: nearestNeighbour (10,1,9,6,2,8,9,9,8,5,3,2)
(71, 30, 42, 27, 87, 65, 58, 16, 2, 38, 35, 3)
line 43: kNearestNeighbour 6 (2,8,4,6,8,3,7,5,6,2,2,9)
(71, 30, 42, 27, 87, 65, 58, 16, 2, 38, 35, 3)(17, 72, 80, 26, 9, 19, 23, 92, 2, 52, 18, 58)(19, 33, 67, 23, 44, 24, 79, 25, 54, 24, 64, 78)(98, 29, 7, 60, 9, 61, 25, 41, 65, 32, 9, 73)(42, 36, 56, 77, 27, 57, 47, 19, 75, 17, 38, 78)(10, 36, 51, 15, 64, 82, 22, 41, 21, 85, 57, 70)
line 44: kNearestNeighbour 2 (2,7,2,1,6,5,3,10,9,8,2,6)
(71, 30, 42, 27, 87, 65, 58, 16, 2, 38, 35, 3)(17, 72, 80, 26, 9, 19, 23, 92, 2, 52, 18, 58)
line 45: nearestNeighbour (9,8,10,9,1,5,2,5,4,1,10,2)
(71, 30, 42, 27, 87, 65, 58, 16, 2, 38, 35, 3)
line 46: kNearestNeighbour 5 (1,9,2,10,3,4,10,10,8,5,3,7)
(71, 30, 42, 27, 87, 65, 58, 16, 2, 38, 35, 3)(17, 72, 80, 26, 9, 19, 23, 92, 2, 52, 18, 58)(19, 33, 67, 23, 44, 24, 79, 25, 54, 24, 64, 78)(98, 29, 7, 60, 9, 61, 25, 41, 65, 32, 9, 73)(42, 36, 56, 77, 27, 57, 47, 19, 75, 17, 38, 78)
line 47: nearestNeighbour (2,6,9,7,5,1,2,9,7,2,8,3)
(71, 30, 42, 27, 87, 65, 58, 16, 2, 38, 35, 3)
line 48: nearestNeighbour (4,6,4,7,5,6,3,3,2,4,8,4)
(71, 30, 42, 27, 87, 65, 58, 16, 2, 38, 35, 3)
line 49: kNearestNeighbour 2 (1,7,7,4,9,1,5,3,1,6,5,2)
(71, 30, 42, 27, 87, 65, 58, 16, 2, 38, 35, 3)(17, 72, 80, 26, 9, 19, 23, 92, 2, 52, 18, 58)
line 50: nearestNeighbour (1,1,7,9,3,4,10,3,6,8,7,8)
(71, 30, 42, 27, 87, 65, 58, 16, 2, 38, 35, 3)
line 51: kNearestNeighbour 10 (3,9,4,7,10,10,9,8,2,1,4,4)
(71, 30, 42, 27, 87, 65, 58, 16, 2, 38, 35, 3)(17, 72, 80, 26, 9, 19, 23, 92, 2, 52, 18, 58)(19, 33, 67, 23, 44, 24, 79, 25, 54, 24, 64, 78)(98, 29, 7, 60, 9, 61, 25, 41, 65, 32, 9, 73)(42, 36, 56, 77, 27, 57, 47, 19, 75, 17, 38, 78)(10, 36, 51, 15, 64, 82, 22, 41, 21, 85, 57, 70)(39, 15, 61, 12, 15, 63, 90, 97, 29, 36, 62, 28)(18, 22, 69, 31, 38, 59, 93, 47, 65, 14, 90, 18)(75, 74, 92, 3, 9, 62, 51, 12, 43, 15, 76, 50)(50, 52, 48, 30, 47, 28, 24, 14, 90, 36, 85, 96)
line 52: nearestNeighbour (6,8,6,7,7,2,10,8,1,7,2,8)
(71, 30, 42, 27, 87, 65, 58, 16, 2, 38, 35, 3)
line 53: kNearestNeighbour 2 (10,8,1,5,5,7,7,8,10,8,3,7)
(71, 30, 42, 27, 87, 65, 58, 16, 2, 38, 35, 3)(17, 72, 80, 26, 9, 19, 23, 92, 2, 52, 18, 58)
line 54: nearestNeighbour (3,5,3,1,5,7,4,6,9,3,8,6)
(71, 30, 42, 27, 87, 65, 58, 16, 2, 38, 35, 3)
line 55: kNearestNeighbour 8 (2,5,8,10,5,9,4,4,4,8,3,8)
(71, 30, 42, 27, 87, 65, 58, 16, 2, 38, 35, 3)(17, 72, 80, 26, 9, 19, 23, 92, 2, 52, 18, 58)(19, 33, 67, 23, 44, 24, 79, 25, 54, 24, 64, 78)(98, 29, 7, 60, 9, 61, 25, 41, 65, 32, 9, 73)(42, 36, 56, 77, 27, 57, 47, 19, 75, 17, 38, 78)(10, 36, 51, 15, 64, 82, 22, 41, 21, 85, 57, 70)(39, 15, 61, 12, 15, 63, 90, 97, 29, 36, 62, 28)(18, 22, 69, 31, 38, 59, 93, 47, 65, 14, 90, 18)
line 56: kNearestNeighbour 6 (6,8,5,4,5,4,10,8,9,2,10,9)
(71, 30, 42, 27, 87, 65, 58, 16, 2, 38, 35, 3)(19, 33, 67, 23, 44, 24, 79, 25, 54, 24, 64, 78)(17, 72, 80, 26, 9, 19, 23, 92, 2, 52, 18, 58)(98, 29, 7, 60, 9, 61, 25, 41, 65, 32, 9, 73)(42, 36, 56, 77, 27, 57, 47, 19, 75, 17, 38, 78)(10, 36, 51, 15, 64, 82, 22, 41, 21, 85, 57, 70)
line 57: kNearestNeighbour 5 (10,3,10,8,10,1,7,4,1,7,10,3)
(71, 30, 42, 27, 87, 65, 58, 16, 2, 38, 35, 3)(19, 33, 67, 23, 44, 24, 79, 25, 54, 24, 64, 78)(17, 72, 80, 26, 9, 19, 23, 92, 2, 52, 18, 58)(98, 29, 7, 60, 9, 61, 25, 41, 65, 32, 9, 73)(42, 36, 56, 77, 27, 57, 47, 19, 75, 17, 38, 78)
line 58: nearestNeighbour (1,7,10,7,7,9,6,5,1,9,1,8)
(71, 30, 42, 27, 87, 65, 58, 16, 2, 38, 35, 3)
line 59: nearestNeighbour (1,4,5,6,10,7,4,9,3,5,3,2)
(71, 30, 42, 27, 87, 65, 58, 16, 2, 38, 35, 3)
line 60: nearestNeighbour (10,3,4,1,10,4,6,4,5,9,7,9)
(71, 30, 42, 27, 87, 65, 58, 16, 2, 38, 35, 3)
line 61: kNearestNeighbour 7 (5,5,2,6,8,4,4,8,1,5,2,3)
(71, 30, 42, 27, 87, 65, 58, 16, 2, 38, 35, 3)(17, 72, 80, 26, 9, 19, 23, 92, 2, 52, 18, 58)(19, 33, 67, 23, 44, 24, 79, 25, 54, 24, 64, 78)(98, 29, 7, 60, 9, 61, 25, 41, 65, 32, 9, 73)(42, 36, 56, 77, 27, 57, 47, 19, 75, 17, 38, 78)(10, 36, 51, 15, 64, 82, 22, 41, 21, 85, 57, 70)(39, 15, 61, 12, 15, 63, 90, 97, 29, 36, 62, 28)
line 62: kNearestNeighbour 7 (7,6,5,6,10,3,6,1,7,4,3,5)
(71, 30, 42, 27, 87, 65, 58, 16, 2, 38, 35, 3)(19, 33, 67, 23, 44, 24, 79, 25, 54, 24, 64, 78)(17, 72, 80, 26, 9, 19, 23, 92, 2, 52, 18, 58)(98, 29, 7, 60, 9, 61, 25, 41, 65, 32, 9, 73)(42, 36, 56, 77, 27, 57, 47, 19, 75, 17, 38, 78)(10, 36, 51, 15, 64, 82, 22, 41, 21, 85, 57, 70)(39, 15, 61, 12, 15, 63, 90, 97, 29, 36, 62, 28)
line 63: kNearestNeighbour 9 (8,2,4,3,5,9,7,1,10,5,5,10)
(71, 30, 42, 27, 87, 65, 58, 16, 2, 38, 35, 3)(19, 33, 67, 23, 44, 24, 79, 25, 54, 24, 64, 78)(98, 29, 7, 60, 9, 61, 25, 41, 65, 32, 9, 73)(17, 72, 80, 26, 9, 19, 23, 92, 2, 52, 18, 58)(42, 36, 56, 77, 27, 57, 47, 19, 75, 17, 38, 78)(10, 36, 51, 15, 64, 82, 22, 41, 21, 85, 57, 70)(39, 15, 61, 12, 15, 63, 90, 97, 29, 36, 62, 28)(18, 22, 69, 31, 38, 59, 93, 47, 65, 14, 90, 18)(75, 74, 92, 3, 9, 62, 51, 12, 43, 15, 76, 50)
line 64: kNearestNeighbour 5 (1,9,4,8,5,9,1,4,7,3,6,4)
(71, 30, 42, 27, 87, 65, 58, 16, 2, 38, 35, 3)(17, 72, 80, 26, 9, 19, 23, 92, 2, 52, 18, 58)(19, 33, 67, 23, 44, 24, 79, 25, 54, 24, 64, 78)(98, 29, 7, 60, 9, 61, 25, 41, 65, 32, 9, 73)(42, 36, 56, 77, 27, 57, 47, 19, 75, 17, 38, 78)
line 65: nearestNeighbour (10,2,2,4,3,10,10,5,5,6,2,7)
(71, 30, 42, 27, 87, 65, 58, 16, 2, 38, 35, 3)
line 66: kNearestNeighbour 7 (10,4,3,3,4,3,10,3,10,4,7,5)
(71, 30, 42, 27, 87, 65, 58, 16, 2, 38, 35, 3)(19, 33, 67, 23, 44, 24, 79, 25, 54, 24, 64, 78)(17, 72, 80, 26, 9, 19, 23, 92, 2, 52, 18, 58)(98, 29, 7, 60, 9, 61, 25, 41, 65, 32, 9, 73)(42, 36, 56, 77, 27, 57, 47, 19, 75, 17, 38, 78)(39, 15, 61, 12, 15, 63, 90, 97, 29, 36, 62, 28)(10, 36, 51, 15, 64, 82, 22, 41, 21, 85, 57, 70)
line 67: nearestNeighbour (4,3,4,6,2,7,6,10,10,4,2,1)
(71, 30, 42, 27, 87, 65, 58, 16, 2, 38, 35, 3)
line 68: kNearestNeighbour 8 (2,2,4,8,4,1,3,2,7,9,3,1)
(71, 30, 42, 27, 87, 65, 58, 16, 2, 38, 35, 3)(17, 72, 80, 26, 9, 19, 23, 92, 2, 52, 18, 58)(19, 33, 67, 23, 44, 24, 79, 25, 54, 24, 64, 78)(98, 29, 7, 60, 9, 61, 25, 41, 65, 32, 9, 73)(42, 36, 56, 77, 27, 57, 47, 19, 75, 17, 38, 78)(10, 36, 51, 15, 64, 82, 22, 41, 21, 85, 57, 70)(39, 15, 61, 12, 15, 63, 90, 97, 29, 36, 62, 28)(18, 22, 69, 31, 38, 59, 93, 47, 65, 14, 90, 18)
line 69: nearestNeighbour (6,7,9,7,7,10,1,10,9,4,8,9)
(71, 30, 42, 27, 87, 65, 58, 16, 2, 38, 35, 3)
line 70: nearestNeighbour (4,5,2,1,1,4,5,9,8,4,10,1)
(71, 30, 42, 27, 87, 65, 58, 16, 2, 38, 35, 3)
line 71: nearestNeighbour (2,2,7,3,8,7,2,8,5,9,10,5)
(71, 30, 42, 27, 87, 65, 58, 16, 2, 38, 35, 3)
line 72: kNearestNeighbour 6 (5,5,3,9,9,4,1,7,8,2,7,10)
(71, 30, 42, 27, 87, 65, 58, 16, 2, 38, 35, 3)(17, 72, 80, 26, 9, 19, 23, 92, 2, 52, 18, 58)(19, 33, 67, 23, 44, 24, 79, 25, 54, 24, 64, 78)(98, 29, 7, 60, 9, 61, 25, 41, 65, 32, 9, 73)(42, 36, 56, 77, 27, 57, 47, 19, 75, 17, 38, 78)(10, 36, 51, 15, 64, 82, 22, 41, 21, 85, 57, 70)
line 73: nearestNeighbour (9,5,7,1,1,6,8,8,8,1,5,4)
(71, 30, 42, 27, 87, 65, 58, 16, 2, 38, 35, 3)
line 74: kNearestNeighbour 7 (1,10,8,7,8,5,2,2,8,3,6,9)
(71, 30, 42, 27, 87, 65, 58, 16, 2, 38, 35, 3)(17, 72, 80, 26, 9, 19, 23, 92, 2, 52, 18, 58)(19, 33, 67, 23, 44, 24, 79, 25, 54, 24, 64, 78)(42, 36, 56, 77, 27, 57, 47, 19, 75, 17, 38, 78)(98, 29, 7, 60, 9, 61, 25, 41, 65, 32, 9, 73)(10, 36, 51, 15, 64, 82, 22, 41, 21, 85, 57, 70)(18, 22, 69, 31, 38, 59, 93, 47, 65, 14, 90, 18)
line 75: nearestNeighbour (10,7,8,2,6,5,7,6,5,5,9,5)
(71, 30, 42, 27, 87, 65, 58, 16, 2, 38, 35, 3)
line 76: kNearestNeighbour 7 (10,10,4,9,9,1,1,1,1,5,8,10)
(71, 30, 42, 27, 87, 65, 58, 16, 2, 38, 35, 3)(17, 72, 80, 26, 9, 19, 23, 92, 2, 52, 18, 58)(19, 33, 67, 23, 44, 24, 79, 25, 54, 24, 64, 78)(98, 29, 7, 60, 9, 61, 25, 41, 65, 32, 9, 73)(42, 36, 56, 77, 27, 57, 47, 19, 75, 17, 38, 78)(10, 36, 51, 15, 64, 82, 22, 41, 21, 85, 57, 70)(39, 15, 61, 12, 15, 63, 90, 97, 29, 36, 62, 28)
line 77: kNearestNeighbour 7 (3,2,1,10,5,10,9,9,1,5,4,3)
(71, 30, 42, 27, 87, 65, 58, 16, 2, 38, 35, 3)(17, 72, 80, 26, 9, 19, 23, 92, 2, 52, 18, 58)(19, 33, 67, 23, 44, 24, 79, 25, 54, 24, 64, 78)(98, 29, 7, 60, 9, 61, 25, 41, 65, 32, 9, 73)(42, 36, 56, 77, 27, 57, 47, 19, 75, 17, 38, 78)(10, 36, 51, 15, 64, 82, 22, 41, 21, 85, 57, 70)(39, 15, 61, 12, 15, 63, 90, 97, 29, 36, 62, 28)
line 78: kNearestNeighbour 8 (8,1,3,8,8,1,5,5,5,9,9,5)
(71, 30, 42, 27, 87, 65, 58, 16, 2, 38, 35, 3)(19, 33, 67, 23, 44, 24, 79, 25, 54, 24, 64, 78)(17, 72, 80, 26, 9, 19, 23, 92, 2, 52, 18, 58)(98, 29, 7, 60, 9, 61, 25, 41, 65, 32, 9, 73)(42, 36, 56, 77, 27, 57, 47, 19, 75, 17, 38, 78)(10, 36, 51, 15, 64, 82, 22, 41, 21, 85, 57, 70)(39, 15, 61, 12, 15, 63, 90, 97, 29, 36, 62, 28)(18, 22, 69, 31, 38, 59, 93, 47, 65, 14, 90, 18)
line 79: nearestNeighbour (3,2,4,6,10,9,3,9,7,7,1,10)
(71, 30, 42, 27, 87, 65, 58, 16, 2, 38, 35, 3)
line 80: nearestNeighbour (10,8,10,1,1,3,5,6,6,10,10,1)
(71, 30, 42, 27, 87, 65, 58, 16, 2, 38, 35, 3)
line 81: kNearestNeighbour 5 (4,10,6,10,1,2,3,8,2,8,9,3)
(71, 30, 42, 27, 87, 65, 58, 16, 2, 38, 35, 3)(17, 72, 80, 26, 9, 19, 23, 92, 2, 52, 18, 58)(19, 33, 67, 23, 44, 24, 79, 25, 54, 24, 64, 78)(98, 29, 7, 60, 9, 61, 25, 41, 65, 32, 9, 73)(42, 36, 56, 77, 27, 57, 47, 19, 75, 17, 38, 78)
line 82: nearestNeighbour (2,10,9,8,6,5,6,8,8,5,8,4)
(71, 30, 42, 27, 87, 65, 58, 16, 2, 38, 35, 3)
line 83: kNearestNeighbour 3 (7,4,1,4,6,1,9,10,4,8,5,9)
(71, 30, 42, 27, 87, 65, 58, 16, 2, 38, 35, 3)(17, 72, 80, 26, 9, 19, 23, 92, 2, 52, 18, 58)(19, 33, 67, 23, 44, 24, 79, 25, 54, 24, 64, 78)
line 84: nearestNeighbour (1,1,5,2,5,9,10,6,4,1,5,7)
(71, 30, 42, 27, 87, 65, 58, 16, 2, 38, 35, 3)
line 85: kNearestNeighbour 8 (7,1,7,9,3,7,4,5,2,4,9,5)
(71, 30, 42, 27, 87, 65, 58, 16, 2, 38, 35, 3)(17, 72, 80, 26, 9, 19, 23, 92, 2, 52, 18, 58)(19, 33, 67, 23, 44, 24, 79, 25, 54, 24, 64, 78)(98, 29, 7, 60, 9, 61, 25, 41, 65, 32, 9, 73)(42, 36, 56, 77, 27, 57, 47, 19, 75, 17, 38, 78)(10, 36, 51, 15, 64, 82, 22, 41, 21, 85, 57, 70)(39, 15, 61, 12, 15, 63, 90, 97, 29, 36, 62, 28)(18, 22, 69, 31, 38, 59, 93, 47, 65, 14, 90, 18)
line 86: nearestNeighbour (6,5,10,3,5,5,3,6,2,8,9,8)
(71, 30, 42, 27, 87, 65, 58, 16, 2, 38, 35, 3)
line 87: nearestNeighbour (9,5,10,4,6,10,8,1,9,2,1,7)
(71, 30, 42, 27, 87, 65, 58, 16, 2, 38, 35, 3)
line 88: nearestNeighbour (4,9,4,3,6,6,4,1,6,7,7,10)
(71, 30, 42, 27, 87, 65, 58, 16, 2, 38, 35, 3)
line 89: nearestNeighbour (8,4,5,3,4,5,3,8,8,10,1,1)
(71, 30, 42, 27, 87, 65, 58, 16, 2, 38, 35, 3)
line 90: kNearestNeighbour 1 (9,5,1,2,7,8,1,8,5,10,1,9)
(71, 30, 42, 27, 87, 65, 58, 16, 2, 38, 35, 3)
line 91: kNearestNeighbour 9 (5,6,9,5,4,4,10,9,5,6,10,1)
(71, 30, 42, 27, 87, 65, 58, 16, 2, 38, 35, 3)(17, 72, 80, 26, 9, 19, 23, 92, 2, 52, 18, 58)(19, 33, 67, 23, 44, 24, 79, 25, 54, 24, 64, 78)(98, 29, 7, 60, 9, 61, 25, 41, 65, 32, 9, 73)(42, 36, 56, 77, 27, 57, 47, 19, 75, 17, 38, 78)(39, 15, 61, 12, 15, 63, 90, 97, 29, 36, 62, 28)(10, 36, 51, 15, 64, 82, 22, 41, 21, 85, 57, 70)(18, 22, 69, 31, 38, 59, 93, 47, 65, 14, 90, 18)(75, 74, 92, 3, 9, 62, 51, 12, 43, 15, 76, 50)
line 92: kNearestNeighbour 3 (1,7,4,7,4,4,4,6,7,9,6,5)
(71, 30, 42, 27, 87, 65, 58, 16, 2, 38, 35, 3)(17, 72, 80, 26, 9, 19, 23, 92, 2, 52, 18, 58)(19, 33, 67, 23, 44, 24, 79, 25, 54, 24, 64, 78)
line 93: kNearestNeighbour 3 (2,7,6,7,5,4,8,7,3,6,8,5)
(71, 30, 42, 27, 87, 65, 58, 16, 2, 38, 35, 3)(17, 72, 80, 26, 9, 19, 23, 92, 2, 52, 18, 58)(19, 33, 67, 23, 44, 24, 79, 25, 54, 24, 64, 78)
line 94: nearestNeighbour (9,3,2,5,3,8,5,2,6,4,9,10)
(71, 30, 42, 27, 87, 65, 58, 16, 2, 38, 35, 3)
line 95: nearestNeighbour (5,5,1,8,3,10,7,8,10,6,9,2)
(71, 30, 42, 27, 87, 65, 58, 16, 2, 38, 35, 3)
line 96: nearestNeighbour (4,5,8,10,10,8,4,8,10,4,9,8)
(71, 30, 42, 27, 87, 65, 58, 16, 2, 38, 35, 3)
line 97: nearestNeighbour (4,1,9,1,4,5,10,9,9,1,2,3)
(71, 30, 42, 27, 87, 65, 58, 16, 2, 38, 35, 3)
line 98: nearestNeighbour (6,10,4,6,4,6,10,6,7,7,3,8)
(71, 30, 42, 27, 87, 65, 58, 16, 2, 38, 35, 3)
line 99: nearestNeighbour (8,7,5,7,6,7,1,10,5,8,5,3)
(71, 30, 42, 27, 87, 65, 58, 16, 2, 38, 35, 3)
line 100: nearestNeighbour (3,8,6,5,8,9,6,7,8,2,10,9)
(71, 30, 42, 27, 87, 65, 58, 16, 2, 38, 35, 3)
line 101: nearestNeighbour (1,2,10,7,1,5,6,8,4,10,3,1)
(71, 30, 42, 27, 87, 65, 58, 16, 2, 38, 35, 3)
line 102: nearestNeighbour (9,4,6,3,5,4,9,5,8,6,9,10)
(71, 30, 42, 27, 87, 65, 58, 16, 2, 38, 35, 3)
line 103: nearestNeighbour (9,10,1,5,4,7,7,1,6,10,3,9)
(71, 30, 42, 27, 87, 65, 58, 16, 2, 38, 35, 3)
line 104: kNearestNeighbour 4 (10,7,7,8,7,10,3,5,1,3,10,4)
(71, 30, 42, 27, 87, 65, 58, 16, 2, 38, 35, 3)(17, 72, 80, 26, 9, 19, 23, 92, 2, 52, 18, 58)(19, 33, 67, 23, 44, 24, 79, 25, 54, 24, 64, 78)(98, 29, 7, 60, 9, 61, 25, 41, 65, 32, 9, 73)
line 105: nearestNeighbour (5,9,5,9,8,6,4,1,8,6,8,6)
(71, 30, 42, 27, 87, 65, 58, 16, 2, 38, 35, 3)
line 106: nearestNeighbour (2,8,7,7,6,7,9,9,10,4,6,6)
(71, 30, 42, 27, 87, 65, 58, 16, 2, 38, 35, 3)
line 107: kNearestNeighbour 9 (2,7,2,5,6,3,1,2,2,2,3,6)
(71, 30, 42, 27, 87, 65, 58, 16, 2, 38, 35, 3)(17, 72, 80, 26, 9, 19, 23, 92, 2, 52, 18, 58)(19, 33, 67, 23, 44, 24, 79, 25, 54, 24, 64, 78)(98, 29, 7, 60, 9, 61, 25, 41, 65, 32, 9, 73)(42, 36, 56, 77, 27, 57, 47, 19, 75, 17, 38, 78)(10, 36, 51, 15, 64, 82, 22, 41, 21, 85, 57, 70)(39, 15, 61, 12, 15, 63, 90, 97, 29, 36, 62, 28)(18, 22, 69, 31, 38, 59, 93, 47, 65, 14, 90, 18)(75, 74, 92, 3, 9, 62, 51, 12, 43, 15, 76, 50)
line 108: nearestNeighbour (7,2,9,4,6,8,4,9,8,3,2,5)
(71, 30, 42, 27, 87, 65, 58, 16, 2, 38, 35, 3)
line 109: nearestNeighbour (2,2,1,1,7,6,4,10,4,10,6,9)
(71, 30, 42, 27, 87, 65, 58, 16, 2, 38, 35, 3)
line 110: kNearestNeighbour 5 (6,9,1,10,8,6,3,6,5,4,10,2)
(71, 30, 42, 27, 87, 65, 58, 16, 2, 38, 35, 3)(17, 72, 80, 26, 9, 19, 23, 92, 2, 52, 18, 58)(19, 33, 67, 23, 44, 24, 79, 25, 54, 24, 64, 78)(98, 29, 7, 60, 9, 61, 25, 41, 65, 32, 9, 73)(42, 36, 56, 77, 27, 57, 47, 19, 75, 17, 38, 78)
line 111: kNearestNeighbour 9 (4,5,10,3,10,8,7,3,1,4,9,5)
(71, 30, 42, 27, 87, 65, 58, 16, 2, 38, 35, 3)(19, 33, 67, 23, 44, 24, 79, 25, 54, 24, 64, 78)(17, 72, 80, 26, 9, 19, 23, 92, 2, 52, 18, 58)(42, 36, 56, 77, 27, 57, 47, 19, 75, 17, 38, 78)(10, 36, 51, 15, 64, 82, 22, 41, 21, 85, 57, 70)(98, 29, 7, 60, 9, 61, 25, 41, 65, 32, 9, 73)(39, 15, 61, 12, 15, 63, 90, 97, 29, 36, 62, 28)(18, 22, 69, 31, 38, 59, 93, 47, 65, 14, 90, 18)(75, 74, 92, 3, 9, 62, 51, 12, 43, 15, 76, 50)
line 112: kNearestNeighbour 10 (3,7,7,3,7,4,7,6,8,9,4,9)
(71, 30, 42, 27, 87, 65, 58, 16, 2, 38, 35, 3)(17, 72, 80, 26, 9, 19, 23, 92, 2, 52, 18, 58)(19, 33, 67, 23, 44, 24, 79, 25, 54, 24, 64, 78)(98, 29, 7, 60, 9, 61, 25, 41, 65, 32, 9, 73)(42, 36, 56, 77, 27, 57, 47, 19, 75, 17, 38, 78)(10, 36, 51, 15, 64, 82, 22, 41, 21, 85, 57, 70)(39, 15, 61, 12, 15, 63, 90, 97, 29, 36, 62, 28)(18, 22, 69, 31, 38, 59, 93, 47, 65, 14, 90, 18)(75, 74, 92, 3, 9, 62, 51, 12, 43, 15, 76, 50)(50, 52, 48, 30, 47, 28, 24, 14, 90, 36, 85, 96)
line 113: kNearestNeighbour 8 (10,6,5,3,9,10,3,1,3,9,7,10)
(71, 30, 42, 27, 87, 65, 58, 16, 2, 38, 35, 3)(19, 33, 67, 23, 44, 24, 79, 25, 54, 24, 64, 78)(17, 72, 80, 26, 9, 19, 23, 92, 2, 52, 18, 58)(98, 29, 7, 60, 9, 61, 25, 41, 65, 32, 9, 73)(10, 36, 51, 15, 64, 82, 22, 41, 21, 85, 57, 70)(42, 36, 56, 77, 27, 57, 47, 19, 75, 17, 38, 78)(39, 15, 61, 12, 15, 63, 90, 97, 29, 36, 62, 28)(18, 22, 69, 31, 38, 59, 93, 47, 65, 14, 90, 18)
line 114: nearestNeighbour (5,6,4,4,6,8,8,5,7,10,10,4)
(71, 30, 42, 27, 87, 65, 58, 16, 2, 38, 35, 3)
line 115: nearestNeighbour (1,8,7,6,10,3,5,5,1,4,5,10)
(71, 30, 42, 27, 87, 65, 58, 16, 2, 38, 35, 3)
line 116: kNearestNeighbour 4 (7,7,2,10,1,1,6,1,4,8,3,3)
(71, 30, 42, 27, 87, 65, 58, 16, 2, 38, 35, 3)(17, 72, 80, 26, 9, 19, 23, 92, 2, 52, 18, 58)(19, 33, 67, 23, 44, 24, 79, 25, 54, 24, 64, 78)(98, 29, 7, 60, 9, 61, 25, 41, 65, 32, 9, 73)
line 117: kNearestNeighbour 10 (4,3,8,6,2,10,6,9,1,1,9,7)
(71, 30, 42, 27, 87, 65, 58, 16, 2, 38, 35, 3)(17, 72, 80, 26, 9, 19, 23, 92, 2, 52, 18, 58)(19, 33, 67, 23, 44, 24, 79, 25, 54, 24, 64, 78)(98, 29, 7, 60, 9, 61, 25, 41, 65, 32, 9, 73)(42, 36, 56, 77, 27, 57, 47, 19, 75, 17, 38, 78)(10, 36, 51, 15, 64, 82, 22, 41, 21, 85, 57, 70)(39, 15, 61, 12, 15, 63, 90, 97, 29, 36, 62, 28)(18, 22, 69, 31, 38, 59, 93, 47, 65, 14, 90, 18)(75, 74, 92, 3, 9, 62, 51, 12, 43, 15, 76, 50)(50, 52, 48, 30, 47, 28, 24, 14, 90, 36, 85, 96)
line 118: nearestNeighbour (6,9,1,6,1,1,4,7,2,10,6,3)
(71, 30, 42, 27, 87, 65, 58, 16, 2, 38, 35, 3)
line 119: nearestNeighbour (9,8,7,2,10,2,7,7,5,3,2,8)
(71, 30, 42, 27, 87, 65, 58, 16, 2, 38, 35, 3)
line 120: kNearestNeighbour 6 (10,1,7,7,2,6,8,9,4,6,7,4)
(71, 30, 42, 27, 87, 65, 58, 16, 2, 38, 35, 3)(17, 72, 80, 26, 9, 19, 23, 92, 2, 52, 18, 58)(19, 33, 67, 23, 44, 24, 79, 25, 54, 24, 64, 78)(98, 29, 7, 60, 9, 61, 25, 41, 65, 32, 9, 73)(42, 36, 56, 77, 27, 57, 47, 19, 75, 17, 38, 78)(39, 15, 61, 12, 15, 63, 90, 97, 29, 36, 62, 28)
line 121: nearestNeighbour (1,7,7,5,9,10,8,3,1,2,6,7)
(71, 30, 42, 27, 87, 65, 58, 16, 2, 38, 35, 3)
line 122: kNearestNeighbour 2 (4,5,4,8,4,10,8,7,9,9,6,9)
(71, 30, 42, 27, 87, 65, 58, 16, 2, 38, 35, 3)(19, 33, 67, 23, 44, 24, 79, 25, 54, 24, 64, 78)
line 123: nearestNeighbour (1,8,9,7,8,2,10,8,5,3,5,8)
(71, 30, 42, 27, 87, 65, 58, 16, 2, 38, 35, 3)
line 124: nearestNeighbour (7,10,3,9,6,7,10,6,5,8,6,4)
(71, 30, 42, 27, 87, 65, 58, 16, 2, 38, 35, 3)
line 125: kNearestNeighbour 10 (9,1,3,5,10,10,6,9,1,8,3,3)
(71, 30, 42, 27, 87, 65, 58, 16, 2, 38, 35, 3)(17, 72, 80, 26, 9, 19, 23, 92, 2, 52, 18, 58)(19, 33, 67, 23, 44, 24, 79, 25, 54, 24, 64, 78)(98, 29, 7, 60, 9, 61, 25, 41, 65, 32, 9, 73)(10, 36, 51, 15, 64, 82, 22, 41, 21, 85, 57, 70)(42, 36, 56, 77, 27, 57, 47, 19, 75, 17, 38, 78)(39, 15, 61, 12, 15, 63, 90, 97, 29, 36, 62, 28)(18, 22, 69, 31, 38, 59, 93, 47, 65, 14, 90, 18)(75, 74, 92, 3, 9, 62, 51, 12, 43, 15, 76, 50)(50, 52, 48, 30, 47, 28, 24, 14, 90, 36, 85, 96)
line 126: nearestNeighbour (9,7,1,1,1,6,7,7,2,10,10,10)
(71, 30, 42, 27, 87, 65, 58, 16, 2, 38, 35, 3)
line 127: nearestNeighbour (6,8,6,5,1,4,9,1,8,3,1,4)
(71, 30, 42, 27, 87, 65, 58, 16, 2, 38, 35, 3)
line 128: kNearestNeighbour 2 (8,1,8,7,7,2,7,2,7,7,7,7)
(71, 30, 42, 27, 87, 65, 58, 16, 2, 38, 35, 3)(19, 33, 67, 23, 44, 24, 79, 25, 54, 24, 64, 78)
line 129: nearestNeighbour (9,2,3,6,4,8,9,7,6,2,9,9)
(71, 30, 42, 27, 87, 65, 58, 16, 2, 38, 35, 3)
line 130: kNearestNeighbour 10 (2,5,2,7,4,6,3,2,1,5,4,7)
(71, 30, 42, 27, 87, 65, 58, 16, 2, 38, 35, 3)(17, 72, 80, 26, 9, 19, 23, 92, 2, 52, 18, 58)(19, 33, 67, 23, 44, 24, 79, 25, 54, 24, 64, 78)(98, 29, 7, 60, 9, 61, 25, 41, 65, 32, 9, 73)(42, 36, 56, 77, 27, 57, 47, 19, 75, 17, 38, 78)(10, 36, 51, 15, 64, 82, 22, 41, 21, 85, 57, 70)(39, 15, 61, 12, 15, 63, 90, 97, 29, 36, 62, 28)(18, 22, 69, 31, 38, 59, 93, 47, 65, 14, 90, 18)(75, 74, 92, 3, 9, 62, 51, 12, 43, 15, 76, 50)(50, 52, 48, 30, 47, 28, 24, 14, 90, 36, 85, 96)
line 131: nearestNeighbour (9,6,4,7,9,4,9,4,3,5,8,6)
(71, 30, 42, 27, 87, 65, 58, 16, 2, 38, 35, 3)
line 132: kNearestNeighbour 2 (7,10,9,9,3,3,1,3,9,8,6,10)
(71, 30, 42, 27, 87, 65, 58, 16, 2, 38, 35, 3)(17, 72, 80, 26, 9, 19, 23, 92, 2, 52, 18, 58)
line 133: kNearestNeighbour 1 (5,10,6,6,7,4,5,10,7,5,4,6)
(71, 30, 42, 27, 87, 65, 58, 16, 2, 38, 35, 3)
line 134: nearestNeighbour (3,4,6,7,10,5,3,6,8,5,1,2)
(71, 30, 42, 27, 87, 65, 58, 16, 2, 38, 35, 3)
line 135: kNearestNeighbour 10 (5,3,9,10,7,9,1,5,5,9,3,3)
(71, 30, 42, 27, 87, 65, 58, 16, 2, 38, 35, 3)(17, 72, 80, 26, 9, 19, 23, 92, 2, 52, 18, 58)(19, 33, 67, 23, 44, 24, 79, 25, 54, 24, 64, 78)(98, 29, 7, 60, 9, 61, 25, 41, 65, 32, 9, 73)(42, 36, 56, 77, 27, 57, 47, 19, 75, 17, 38, 78)(10, 36, 51, 15, 64, 82, 22, 41, 21, 85, 57, 70)(39, 15, 61, 12, 15, 63, 90, 97, 29, 36, 62, 28)(18, 22, 69, 31, 38, 59, 93, 47, 65, 14, 90, 18)(75, 74, 92, 3, 9, 62, 51, 12, 43, 15, 76, 50)(50, 52, 48, 30, 47, 28, 24, 14, 90, 36, 85, 96)
line 136: kNearestNeighbour 10 (6,8,8,7,9,3,5,9,9,10,5,2)
(71, 30, 42, 27, 87, 65, 58, 16, 2, 38, 35, 3)(17, 72, 80, 26, 9, 19, 23, 92, 2, 52, 18, 58)(19, 33, 67, 23, 44, 24, 79, 25, 54, 24, 64, 78)(98, 29, 7, 60, 9, 61, 25, 41, 65, 32, 9, 73)(42, 36, 56, 77, 27, 57, 47, 19, 75, 17, 38, 78)(10, 36, 51, 15, 64, 82, 22, 41, 21, 85, 57, 70)(39, 15, 61, 12, 15, 63, 90, 97, 29, 36, 62, 28)(18, 22, 69, 31, 38, 59, 93, 47, 65, 14, 90, 18)(75, 74, 92, 3, 9, 62, 51, 12, 43, 15, 76, 50)(50, 52, 48, 30, 47, 28, 24, 14, 90, 36, 85, 96)
line 137: nearestNeighbour (6,4,9,6,2,4,6,7,1,9,8,7)
(71, 30, 42, 27, 87, 65, 58, 16, 2, 38, 35, 3)
line 138: kNearestNeighbour 6 (3,1,9,5,4,5,6,2,8,10,6,2)
(71, 30, 42, 27, 87, 65, 58, 16, 2, 38, 35, 3)(19, 33, 67, 23, 44, 24, 79, 25, 54, 24, 64, 78)(17, 72, 80, 26, 9, 19, 23, 92, 2, 52, 18, 58)(98, 29, 7, 60, 9, 61, 25, 41, 65, 32, 9, 73)(42, 36, 56, 77, 27, 57, 47, 19, 75, 17, 38, 78)(10, 36, 51, 15, 64, 82, 22, 41, 21, 85, 57, 70)
line 139: nearestNeighbour (1,6,5,5,3,7,4,3,3,2,3,1)
(71, 30, 42, 27, 87, 65, 58, 16, 2, 38, 35, 3)
line 140: nearestNeighbour (4,1,9,6,3,9,9,9,1,2,6,4)
(71, 30, 42, 27, 87, 65, 58, 16, 2, 38, 35, 3)
line 141: nearestNeighbour (5,5,3,8,10,8,9,7,1,1,1,7)
(71, 30, 42, 27, 87, 65, 58, 16, 2, 38, 35, 3)
line 142: kNearestNeighbour 8 (2,8,6,8,6,6,5,10,6,7,2,1)
(71, 30, 42, 27, 87, 65, 58, 16, 2, 38, 35, 3)(17, 72, 80, 26, 9, 19, 23, 92, 2, 52, 18, 58)(19, 33, 67, 23, 44, 24, 79, 25, 54, 24, 64, 78)(98, 29, 7, 60, 9, 61, 25, 41, 65, 32, 9, 73)(42, 36, 56, 77, 27, 57, 47, 19, 75, 17, 38, 78)(10, 36, 51, 15, 64, 82, 22, 41, 21, 85, 57, 70)(39, 15, 61, 12, 15, 63, 90, 97, 29, 36, 62, 28)(18, 22, 69, 31, 38, 59, 93, 47, 65, 14, 90, 18)
line 143: nearestNeighbour (7,7,9,8,8,8,5,10,3,1,5,5)
(71, 30, 42, 27, 87, 65, 58, 16, 2, 38, 35, 3)
line 144: kNearestNeighbour 10 (7,7,6,2,10,5,1,9,2,3,1,7)
(71, 30, 42, 27, 87, 65, 58, 16, 2, 38, 35, 3)(17, 72, 80, 26, 9, 19, 23, 92, 2, 52, 18, 58)(19, 33, 67, 23, 44, 24, 79, 25, 54, 24, 64, 78)(98, 29, 7, 60, 9, 61, 25, 41, 65, 32, 9, 73)(42, 36, 56, 77, 27, 57, 47, 19, 75, 17, 38, 78)(10, 36, 51, 15, 64, 82, 22, 41, 21, 85, 57, 70)(39, 15, 61, 12, 15, 63, 90, 97, 29, 36, 62, 28)(18, 22, 69, 31, 38, 59, 93, 47, 65, 14, 90, 18)(75, 74, 92, 3, 9, 62, 51, 12, 43, 15, 76, 50)(50, 52, 48, 30, 47, 28, 24, 14, 90, 36, 85, 96)
line 145: kNearestNeighbour 9 (5,10,6,4,3,1,4,6,7,10,6,5)
(71, 30, 42, 27, 87, 65, 58, 16, 2, 38, 35, 3)(17, 72, 80, 26, 9, 19, 23, 92, 2, 52, 18, 58)(19, 33, 67, 23, 44, 24, 79, 25, 54, 24, 64, 78)(98, 29, 7, 60, 9, 61, 25, 41, 65, 32, 9, 73)(42, 36, 56, 77, 27, 57, 47, 19, 75, 17, 38, 78)(10, 36, 51, 15, 64, 82, 22, 41, 21, 85, 57, 70)(39, 15, 61, 12, 15, 63, 90, 97, 29, 36, 62, 28)(18, 22, 69, 31, 38, 59, 93, 47, 65, 14, 90, 18)(75, 74, 92, 3, 9, 62, 51, 12, 43, 15, 76, 50)
line 146: nearestNeighbour (1,1,3,7,2,4,5,7,3,7,7,1)
(71, 30, 42, 27, 87, 65, 58, 16, 2, 38, 35, 3)
line 147: kNearestNeighbour 7 (3,6,8,10,10,8,2,7,8,2,8,8)
(71, 30, 42, 27, 87, 65, 58, 16, 2, 38, 35, 3)(17, 72, 80, 26, 9, 19, 23, 92, 2, 52, 18, 58)(19, 33, 67, 23, 44, 24, 79, 25, 54, 24, 64, 78)(42, 36, 56, 77, 27, 57, 47, 19, 75, 17, 38, 78)(98, 29, 7, 60, 9, 61, 25, 41, 65, 32, 9, 73)(10, 36, 51, 15, 64, 82, 22, 41, 21, 85, 57, 70)(39, 15, 61, 12, 15, 63, 90, 97, 29, 36, 62, 28)
line 148: nearestNeighbour (6,6,4,3,6,9,2,7,3,9,3,7)
(71, 30, 42, 27, 87, 65, 58, 16, 2, 38, 35, 3)
line 149: kNearestNeighbour 2 (10,4,7,2,4,3,10,8,9,7,8,7)
(71, 30, 42, 27, 87, 65, 58, 16, 2, 38, 35, 3)(19, 33, 67, 23, 44, 24, 79, 25, 54, 24, 64, 78)
line 150: kNearestNeighbour 5 (5,3,1,7,9,10,1,8,3,4,4,10)
(71, 30, 42, 27, 87, 65, 58, 16, 2, 38, 35, 3)(17, 72, 80, 26, 9, 19, 23, 92, 2, 52, 18, 58)(19, 33, 67, 23, 44, 24, 79, 25, 54, 24, 64, 78)(98, 29, 7, 60, 9, 61, 25, 41, 65, 32, 9, 73)(42, 36, 56, 77, 27, 57, 47, 19, 75, 17, 38, 78)
line 151: kNearestNeighbour 9 (5,7,5,1,6,2,6,7,4,10,1,4)
(71, 30, 42, 27, 87, 65, 58, 16, 2, 38, 35, 3)(17, 72, 80, 26, 9, 19, 23, 92, 2, 52, 18, 58)(19, 33, 67, 23, 44, 24, 79, 25, 54, 24, 64, 78)(98, 29, 7, 60, 9, 61, 25, 41, 65, 32, 9, 73)(10, 36, 51, 15, 64, 82, 22, 41, 21, 85, 57, 70)(42, 36, 56, 77, 27, 57, 47, 19, 75, 17, 38, 78)(39, 15, 61, 12, 15, 63, 90, 97, 29, 36, 62, 28)(18, 22, 69, 31, 38, 59, 93, 47, 65, 14, 90, 18)(75, 74, 92, 3, 9, 62, 51, 12, 43, 15, 76, 50)
line 152: nearestNeighbour (5,2,1,8,5,10,1,8,5,7,4,8)
(71, 30, 42, 27, 87, 65, 58, 16, 2, 38, 35, 3)
line 153: kNearestNeighbour 2 (7,9,4,8,9,6,1,6,8,3,6,4)
(71, 30, 42, 27, 87, 65, 58, 16, 2, 38, 35, 3)(17, 72, 80, 26, 9, 19, 23, 92, 2, 52, 18, 58)
line 154: nearestNeighbour (8,7,9,10,4,4,1,3,6,8,7,7)
(71, 30, 42, 27, 87, 65, 58, 16, 2, 38, 35, 3)
line 155: kNearestNeighbour 4 (3,7,9,6,7,8,10,6,9,2,10,1)
(71, 30, 42, 27, 87, 65, 58, 16, 2, 38, 35, 3)(19, 33, 67, 23, 44, 24, 79, 25, 54, 24, 64, 78)(17, 72, 80, 26, 9, 19, 23, 92, 2, 52, 18, 58)(42, 36, 56, 77, 27, 57, 47, 19, 75, 17, 38, 78)
line 156: kNearestNeighbour 1 (6,9,2,5,10,1,9,10,4,9,1,8)
(71, 30, 42, 27, 87, 65, 58, 16, 2, 38, 35, 3)
line 157: kNearestNeighbour 8 (2,3,9,1,8,9,5,6,9,3,2,10)
(71, 30, 42, 27, 87, 65, 58, 16, 2, 38, 35, 3)(19, 33, 67, 23, 44, 24, 79, 25, 54, 24, 64, 78)(17, 72, 80, 26, 9, 19, 23, 92, 2, 52, 18, 58)(98, 29, 7, 60, 9, 61, 25, 41, 65, 32, 9, 73)(42, 36, 56, 77, 27, 57, 47, 19, 75, 17, 38, 78)(10, 36, 51, 15, 64, 82, 22, 41, 21, 85, 57, 70)(39, 15, 61, 12, 15, 63, 90, 97, 29, 36, 62, 28)(18, 22, 69, 31, 38, 59, 93, 47, 65, 14, 90, 18)
line 158: kNearestNeighbour 5 (10,7,1,3,4,7,6,4,1,4,4,1)
(71, 30, 42, 27, 87, 65, 58, 16, 2, 38, 35, 3)(17, 72, 80, 26, 9, 19, 23, 92, 2, 52, 18, 58)(19, 33, 67, 23, 44, 24, 79, 25, 54, 24, 64, 78)(98, 29, 7, 60, 9, 61, 25, 41, 65, 32, 9, 73)(42, 36, 56, 77, 27, 57, 47, 19, 75, 17, 38, 78)
line 159: nearestNeighbour (7,10,7,4,6,10,2,8,5,8,6,10)
(71, 30, 42, 27, 87, 65, 58, 16, 2, 38, 35, 3)
line 160: kNearestNeighbour 9 (6,1,1,5,2,7,6,5,4,3,2,1)
(71, 30, 42, 27, 87, 65, 58, 16, 2, 38, 35, 3)(17, 72, 80, 26, 9, 19, 23, 92, 2, 52, 18, 58)(19, 33, 67, 23, 44, 24, 79, 25, 54, 24, 64, 78)(98, 29, 7, 60, 9, 61, 25, 41, 65, 32, 9, 73)(42, 36, 56, 77, 27, 57, 47, 19, 75, 17, 38, 78)(10, 36, 51, 15, 64, 82, 22, 41, 21, 85, 57, 70)(39, 15, 61, 12, 15, 63, 90, 97, 29, 36, 62, 28)(18, 22, 69, 31, 38, 59, 93, 47, 65, 14, 90, 18)(75, 74, 92, 3, 9, 62, 51, 12, 43, 15, 76, 50)
line 161: kNearestNeighbour 3 (2,5,1,5,10,8,4,2,9,1,7,1)
(71, 30, 42, 27, 87, 65, 58, 16, 2, 38, 35, 3)(19, 33, 67, 23, 44, 24, 79, 25, 54, 24, 64, 78)(17, 72, 80, 26, 9, 19, 23, 92, 2, 52, 18, 58)
line 162: nearestNeighbour (2,1,1,3,7,6,2,7,5,10,6,10)
(71, 30, 42, 27, 87, 65, 58, 16, 2, 38, 35, 3)
line 163: nearestNeighbour (6,1,3,7,9,10,4,9,2,2,3,5)
(71, 30, 42, 27, 87, 65, 58, 16, 2, 38, 35, 3)
line 164: kNearestNeighbour 1 (9,7,6,5,10,10,2,1,8,1,1,6)
(71, 30, 42, 27, 87, 65, 58, 16, 2, 38, 35, 3)
line 165: kNearestNeighbour 5 (4,3,6,10,9,7,6,5,8,4,4,2)
(71, 30, 42, 27, 87, 65, 58, 16, 2, 38, 35, 3)(19, 33, 67, 23, 44, 24, 79, 25, 54, 24, 64, 78)(17, 72, 80, 26, 9, 19, 23, 92, 2, 52, 18, 58)(98, 29, 7, 60, 9, 61, 25, 41, 65, 32, 9, 73)(42, 36, 56, 77, 27, 57, 47, 19, 75, 17, 38, 78)
line 166: kNearestNeighbour 5 (8,10,10,4,2,4,5,2,7,4,2,9)
(71, 30, 42, 27, 87, 65, 58, 16, 2, 38, 35, 3)(17, 72, 80, 26, 9, 19, 23, 92, 2, 52, 18, 58)(19, 33, 67, 23, 44, 24, 79, 25, 54, 24, 64, 78)(98, 29, 7, 60, 9, 61, 25, 41, 65, 32, 9, 73)(42, 36, 56, 77, 27, 57, 47, 19, 75, 17, 38, 78)
line 167: kNearestNeighbour 8 (3,6,4,10,3,3,8,5,8,2,5,1)
(71, 30, 42, 27, 87, 65, 58, 16, 2, 38, 35, 3)(17, 72, 80, 26, 9, 19, 23, 92, 2, 52, 18, 58)(19, 33, 67, 23, 44, 24, 79, 25, 54, 24, 64, 78)(98, 29, 7, 60, 9, 61, 25, 41, 65, 32, 9, 73)(42, 36, 56, 77, 27, 57, 47, 19, 75, 17, 38, 78)(39, 15, 61, 12, 15, 63, 90, 97, 29, 36, 62, 28)(10, 36, 51, 15, 64, 82, 22, 41, 21, 85, 57, 70)(18, 22, 69, 31, 38, 59, 93, 47, 65, 14, 90, 18)
line 168: kNearestNeighbour 6 (9,1,9,3,7,10,1,6,3,5,7,7)
(71, 30, 42, 27, 87, 65, 58, 16, 2, 38, 35, 3)(17, 72, 80, 26, 9, 19, 23, 92, 2, 52, 18, 58)(19, 33, 67, 23, 44, 24, 79, 25, 54, 24, 64, 78)(98, 29, 7, 60, 9, 61, 25, 41, 65, 32, 9, 73)(42, 36, 56, 77, 27, 57, 47, 19, 75, 17, 38, 78)(10, 36, 51, 15, 64, 82, 22, 41, 21, 85, 57, 70)
line 169: kNearestNeighbour 2 (9,10,10,8,1,10,10,8,10,1,4,5)
(71, 30, 42, 27, 87, 65, 58, 16, 2, 38, 35, 3)(17, 72, 80, 26, 9, 19, 23, 92, 2, 52, 18, 58)
line 170: kNearestNeighbour 6 (6,8,6,1,6,8,2,10,10,1,2,6)
(71, 30, 42, 27, 87, 65, 58, 16, 2, 38, 35, 3)(17, 72, 80, 26, 9, 19, 23, 92, 2, 52, 18, 58)(19, 33, 67, 23, 44, 24, 79, 25, 54, 24, 64, 78)(98, 29, 7, 60, 9, 61, 25, 41, 65, 32, 9, 73)(42, 36, 56, 77, 27, 57, 47, 19, 75, 17, 38, 78)(10, 36, 51, 15, 64, 82, 22, 41, 21, 85, 57, 70)
line 171: nearestNeighbour (10,5,2,8,10,2,9,7,7,8,2,1)
(71, 30, 42, 27, 87, 65, 58, 16, 2, 38, 35, 3)
line 172: nearestNeighbour (6,8,3,5,3,5,5,5,10,10,9,3)
(71, 30, 42, 27, 87, 65, 58, 16, 2, 38, 35, 3)
line 173: nearestNeighbour (6,6,4,9,10,1,10,5,7,10,7,8)
(71, 30, 42, 27, 87, 65, 58, 16, 2, 38, 35, 3)
line 174: kNearestNeighbour 2 (7,3,1,4,10,4,3,7,8,7,6,7)
(71, 30, 42, 27, 87, 65, 58, 16, 2, 38, 35, 3)(19, 33, 67, 23, 44, 24, 79, 25, 54, 24, 64, 78)
line 175: kNearestNeighbour 6 (1,2,3,4,9,7,5,5,8,5,6,9)
(71, 30, 42, 27, 87, 65, 58, 16, 2, 38, 35, 3)(19, 33, 67, 23, 44, 24, 79, 25, 54, 24, 64, 78)(17, 72, 80, 26, 9, 19, 23, 92, 2, 52, 18, 58)(98, 29, 7, 60, 9, 61, 25, 41, 65, 32, 9, 73)(42, 36, 56, 77, 27, 57, 47, 19, 75, 17, 38, 78)(10, 36, 51, 15, 64, 82, 22, 41, 21, 85, 57, 70)
line 176: kNearestNeighbour 7 (8,4,5,1,8,5,7,3,3,1,7,4)
(71, 30, 42, 27, 87, 65, 58, 16, 2, 38, 35, 3)(19, 33, 67, 23, 44, 24, 79, 25, 54, 24, 64, 78)(17, 72, 80, 26, 9, 19, 23, 92, 2, 52, 18, 58)(98, 29, 7, 60, 9, 61, 25, 41, 65, 32, 9, 73)(42, 36, 56, 77, 27, 57, 47, 19, 75, 17, 38, 78)(10, 36, 51, 15, 64, 82, 22, 41, 21, 85, 57, 70)(39, 15, 61, 12, 15, 63, 90, 97, 29, 36, 62, 28)
line 177: kNearestNeighbour 4 (9,4,8,6,9,10,2,7,4,4,8,6)
(71, 30, 42, 27, 87, 65, 58, 16, 2, 38, 35, 3)(17, 72, 80, 26, 9, 19, 23, 92, 2, 52, 18, 58)(19, 33, 67, 23, 44, 24, 79, 25, 54, 24, 64, 78)(98, 29, 7, 60, 9, 61, 25, 41, 65, 32, 9, 73)
line 178: kNearestNeighbour 3 (8,4,5,1,3,1,4,9,3,8,3,7)
(71, 30, 42, 27, 87, 65, 58, 16, 2, 38, 35, 3)(17, 72, 80, 26, 9, 19, 23, 92, 2, 52, 18, 58)(19, 33, 67, 23, 44, 24, 79, 25, 54, 24, 64, 78)
line 179: nearestNeighbour (9,1,8,6,1,1,3,6,7,9,6,6)
(71, 30, 42, 27, 87, 65, 58, 16, 2, 38, 35, 3)
line 180: kNearestNeighbour 8 (5,2,1,4,2,5,2,2,2,8,9,9)
